rep,heat_enabled,transmitter_bit,transmitter_mask,ctrl_0_ro_0,ctrl_0_ro_1,ctrl_0_ro_2,ctrl_0_ro_3,ctrl_0_ro_4,ctrl_1_ro_0,ctrl_1_ro_1,ctrl_1_ro_2,ctrl_1_ro_3,ctrl_1_ro_4,ctrl_2_ro_0,ctrl_2_ro_1,ctrl_2_ro_2,ctrl_2_ro_3,ctrl_2_ro_4,ctrl_3_ro_0,ctrl_3_ro_1,ctrl_3_ro_2,ctrl_3_ro_3,ctrl_3_ro_4
0,31,1,15,6724477,6696986,6578225,6619255,6555877,6604897,6600578,6572246,6656583,6548830,6646218,6587976,6503249,6610458,6586243,6517404,6554635,6513636,6532376,6414421
1,0,1,15,6736931,6710730,6591063,6633646,6568187,6618425,6613263,6585352,6669391,6561692,6659596,6601648,6516333,6624678,6600522,6531124,6569262,6527379,6545415,6426906
2,31,1,15,6724886,6698812,6579260,6622345,6555674,6606018,6601189,6573300,6657480,6549507,6646400,6589435,6504200,6612834,6587649,6518941,6557003,6513974,6532807,6414345
3,0,1,15,6738370,6712115,6591652,6635984,6568484,6618069,6613806,6586340,6669789,6562106,6660096,6602436,6517060,6625505,6600173,6531805,6569229,6528235,6546076,6427399
4,31,1,15,6726511,6700105,6580344,6623476,6556290,6606390,6601665,6574497,6656746,6549732,6647480,6590419,6505231,6613284,6587697,6519687,6557008,6515392,6534292,6415086
5,0,1,15,6738320,6711975,6591844,6634918,6567784,6618695,6613548,6585815,6669356,6561842,6659618,6602531,6516950,6625499,6600241,6531672,6568956,6527220,6546714,6427044
6,31,1,15,6724845,6699266,6579387,6622606,6556186,6605902,6601482,6572995,6656267,6550104,6646794,6589894,6504602,6612885,6587178,6519024,6555773,6514414,6534238,6414309
7,0,1,15,6738540,6712465,6592182,6636260,6569139,6619793,6614669,6586829,6669993,6563636,6660644,6602930,6518139,6626800,6599846,6532964,6568973,6528139,6547510,6427801
8,31,1,15,6725593,6699229,6578427,6622691,6555491,6606536,6601817,6573317,6656151,6549881,6646434,6588931,6505005,6612640,6586308,6519020,6555169,6513946,6533580,6413897
9,0,1,15,6738726,6711846,6591470,6636457,6568686,6619620,6615005,6585681,6670257,6563392,6659936,6602698,6517895,6626762,6600344,6532671,6569335,6527283,6546460,6426954
10,31,1,15,6725936,6698949,6578752,6623399,6556385,6606312,6601844,6573133,6657493,6550040,6647169,6589248,6504256,6613234,6587189,6519460,6555057,6514207,6533472,6414068
11,0,1,15,6737828,6711476,6591220,6635475,6568889,6618662,6614169,6584917,6669911,6562609,6659642,6602023,6516787,6625980,6600321,6532417,6567631,6526612,6546083,6426812
12,31,1,15,6726399,6699608,6578978,6623519,6557304,6606914,6602267,6574269,6658084,6550423,6647625,6589825,6505227,6613209,6586844,6519201,6555019,6514420,6533961,6415085
13,0,1,15,6738789,6712099,6590923,6635321,6568885,6620127,6615203,6586945,6670641,6563277,6660836,6602419,6517586,6626527,6600176,6531922,6568447,6527248,6546780,6427896
14,31,1,15,6726489,6698979,6578658,6622489,6556224,6607267,6601774,6573385,6657604,6550066,6647325,6589566,6504965,6612746,6587044,6518040,6555480,6513701,6533167,6414675
15,0,1,15,6738799,6711237,6590175,6634635,6568786,6619511,6614625,6586202,6669867,6562788,6659818,6601603,6517177,6625385,6599526,6531628,6568067,6526476,6545822,6426971
16,31,1,15,6726791,6699702,6578543,6623273,6556536,6606935,6603045,6574645,6657760,6550182,6646872,6589505,6504338,6612870,6587119,6519299,6554825,6513499,6534126,6414852
17,0,1,15,6739064,6712179,6590605,6635500,6569609,6619534,6615654,6587111,6671273,6563119,6660549,6602455,6517124,6624871,6600581,6533065,6568313,6527050,6546928,6427549
18,31,1,15,6726314,6698671,6578301,6623359,6557301,6606406,6602346,6573935,6658063,6549373,6646948,6589497,6504153,6612144,6587698,6519078,6555601,6514217,6533879,6414816
19,0,1,15,6738355,6711660,6590479,6635687,6569495,6619132,6614874,6586496,6670134,6561954,6659702,6601869,6516646,6625167,6600063,6532163,6569413,6526616,6546178,6427723
20,31,1,15,6726518,6699076,6577719,6622950,6557217,6606172,6602266,6573713,6657238,6548567,6647060,6589430,6503585,6612016,6587748,6519064,6555845,6514436,6532828,6414498
21,0,1,15,6739711,6712037,6590392,6635454,6569657,6619522,6615927,6586811,6671071,6562478,6660849,6602571,6517319,6624696,6600492,6533387,6569537,6527095,6546267,6427458
22,31,1,15,6726319,6699746,6578625,6622624,6557271,6606375,6602990,6574192,6658441,6549072,6647593,6589852,6504156,6611620,6587249,6520045,6555751,6514208,6533682,6414730
23,0,1,15,6738938,6711758,6590394,6635957,6569687,6619370,6615936,6587160,6671120,6562241,6660831,6602858,6516886,6624117,6599841,6532743,6569056,6527458,6545922,6427981
24,31,1,15,6725835,6698828,6578762,6623046,6556389,6606603,6602953,6574225,6658068,6548475,6648226,6589832,6504522,6611905,6587108,6519984,6556120,6514067,6533280,6414758
25,0,1,15,6737476,6710171,6589827,6635112,6567817,6617677,6614049,6584937,6669981,6560136,6660163,6601808,6516197,6624297,6599151,6532527,6568043,6526239,6545185,6426413
26,31,1,15,6724423,6698550,6576879,6622832,6556207,6605770,6601720,6572012,6656490,6548195,6646959,6588901,6503838,6611114,6586639,6519271,6554040,6513364,6532309,6414449
27,0,1,15,6738064,6711362,6590051,6635231,6568794,6618651,6614593,6585345,6669898,6561283,6660476,6602767,6516466,6624030,6600203,6532287,6568446,6526899,6546349,6427226
28,31,1,15,6725475,6698985,6578260,6623350,6556850,6607067,6601873,6572519,6657566,6548549,6647673,6590140,6503837,6611696,6586858,6519360,6555636,6514674,6534023,6414282
29,0,1,15,6737524,6710699,6590108,6635308,6568607,6618748,6613089,6584829,6668974,6560608,6659943,6601878,6515762,6624037,6599354,6531029,6567804,6526279,6546589,6426062
30,31,1,15,6726539,6700043,6578829,6624268,6557981,6607020,6602748,6574185,6657565,6549198,6648383,6590652,6504661,6613048,6587668,6519385,6555707,6514874,6534770,6415120
31,0,1,15,6739157,6710877,6590695,6636433,6569678,6619004,6615355,6586241,6670251,6561231,6661056,6602718,6515733,6624805,6600340,6531904,6567712,6527564,6546814,6426629
32,31,1,15,6726494,6698903,6578305,6623448,6556897,6606504,6602545,6573254,6657089,6547827,6647418,6589717,6503093,6611899,6586444,6518565,6555816,6514316,6534313,6414028
33,0,1,15,6739729,6712247,6591073,6636460,6569841,6620116,6615540,6586466,6670521,6562867,6660703,6602991,6516667,6625232,6600936,6533187,6569876,6527544,6548126,6428192
34,31,1,15,6726585,6698994,6578422,6623188,6556870,6607121,6602142,6573983,6657737,6548705,6647481,6589523,6503933,6612687,6587606,6519187,6556494,6514340,6534380,6415317
35,0,1,15,6738581,6711783,6590593,6635162,6568961,6618827,6614335,6586430,6670522,6561563,6660278,6601999,6516241,6624333,6600055,6532148,6569237,6526678,6547724,6427202
36,31,1,15,6726090,6699190,6578536,6622346,6556863,6606346,6601971,6573927,6657612,6549092,6647057,6589824,6503870,6611844,6587472,6519745,6556467,6514540,6534752,6414678
37,0,1,15,6738312,6712067,6591211,6635021,6569813,6619045,6614681,6586706,6670282,6561556,6660732,6602557,6516650,6625033,6600764,6532417,6569672,6527415,6547753,6427632
38,31,1,15,6725916,6699626,6579036,6623351,6556735,6606849,6602802,6573990,6657881,6548882,6647507,6590049,6504389,6612480,6588991,6519022,6556961,6514098,6535063,6414904
39,0,1,15,6737741,6711835,6591216,6636060,6569711,6619291,6615479,6586148,6670228,6561626,6660528,6602615,6516853,6625163,6602113,6532170,6569772,6526956,6547782,6426562
40,31,1,15,6724243,6698438,6578272,6622540,6557124,6605475,6602047,6572569,6656832,6548324,6646341,6589242,6503359,6611004,6588229,6518569,6555277,6513604,6534109,6412956
41,0,1,15,6738205,6710669,6590522,6635279,6569154,6618173,6614594,6586067,6669574,6561255,6659584,6602258,6516538,6625130,6600319,6532843,6568985,6526904,6547477,6425777
42,31,1,15,6725741,6698315,6578148,6621638,6556460,6605017,6601526,6572791,6656997,6547517,6646271,6589194,6503441,6612786,6587145,6518791,6554876,6513543,6534117,6413196
43,0,1,15,6738444,6710821,6590253,6634577,6569223,6618416,6614460,6584757,6670514,6560404,6659426,6601961,6515656,6624879,6600190,6532050,6568420,6526509,6547339,6425579
44,31,1,15,6725084,6697136,6576782,6621006,6556204,6605298,6600813,6572205,6656624,6547021,6645421,6588476,6502293,6610824,6586076,6518211,6554648,6512617,6533565,6412068
45,0,1,15,6737056,6710128,6588994,6633435,6568319,6617549,6613414,6584668,6669168,6560619,6658085,6600802,6515107,6623410,6598870,6531257,6568419,6525699,6546446,6425276
46,31,1,15,6725174,6698664,6577970,6621634,6557684,6605439,6602629,6572717,6657091,6548963,6646228,6589089,6503578,6611801,6587309,6518992,6556175,6513975,6534286,6413804
47,0,1,15,6738752,6712178,6590376,6635083,6570199,6618406,6615582,6585553,6670378,6561922,6660412,6602291,6516430,6624461,6600958,6532758,6569476,6526735,6547225,6426723
48,31,1,15,6725507,6699247,6578657,6623193,6557258,6606081,6602928,6573497,6657767,6548558,6647429,6589541,6504059,6612228,6587630,6519685,6556037,6514535,6534132,6414303
49,0,1,15,6738063,6711690,6591189,6636554,6569373,6618739,6615485,6586274,6670634,6561522,6661217,6602263,6517041,6625454,6600648,6532816,6569431,6526830,6547081,6427704
50,31,1,15,6724432,6698200,6577578,6622732,6555792,6605280,6602532,6572747,6657324,6548033,6646821,6588561,6503726,6611790,6586614,6518644,6555142,6513202,6534153,6413910
51,0,1,15,6737542,6711216,6589656,6635585,6569106,6618377,6614984,6586001,6670308,6561203,6659535,6601407,6516736,6625585,6600255,6531612,6568554,6526427,6547105,6426705
52,31,1,15,6725103,6698611,6577356,6623132,6556695,6606364,6602941,6572900,6657537,6548654,6646361,6589886,6504090,6612788,6587441,6519251,6555289,6513300,6533672,6413663
53,0,1,15,6737350,6710046,6589458,6635220,6567850,6618557,6614795,6584624,6669715,6560529,6658954,6601740,6516500,6625089,6600067,6531973,6567539,6525934,6546394,6425698
54,31,1,15,6725607,6698290,6578058,6623016,6556727,6607005,6602505,6572820,6657407,6548551,6646772,6589739,6503831,6612199,6587341,6519795,6555314,6513513,6533950,6414500
55,0,1,15,6737695,6710644,6589815,6635156,6568555,6618587,6614177,6585009,6669876,6560697,6659259,6602306,6516586,6624721,6600178,6532567,6568532,6526427,6546448,6426357
56,31,1,15,6724834,6698015,6577431,6622133,6556606,6606461,6601749,6572476,6657359,6548820,6645957,6589987,6504582,6611901,6588312,6519206,6555136,6513974,6533709,6413948
57,0,1,15,6738305,6710693,6589434,6634962,6569043,6619566,6614953,6585761,6670329,6561753,6659752,6603139,6517214,6624461,6600834,6532569,6567929,6526606,6546714,6426770
58,31,1,15,6725603,6698443,6576901,6621800,6556221,6605781,6601807,6572941,6657607,6548599,6646322,6589705,6504749,6611655,6587339,6518982,6554854,6513508,6533254,6413820
59,0,1,15,6738971,6711757,6590356,6635549,6569357,6618907,6614235,6586332,6670765,6561821,6660025,6603382,6518117,6624444,6600507,6532501,6568134,6527389,6546821,6426793
60,31,1,15,6725786,6698459,6577734,6622660,6556579,6606106,6601678,6573150,6657803,6548726,6646215,6590007,6504385,6612468,6586975,6519109,6555593,6513984,6534324,6413463
61,0,1,15,6738416,6710937,6590053,6635766,6569225,6618625,6614977,6586195,6670507,6561148,6659129,6602623,6516578,6624986,6600854,6532865,6568612,6526507,6547095,6427233
62,31,1,15,6724894,6697877,6576911,6622220,6555811,6605765,6600991,6572372,6656891,6548086,6645171,6588903,6503529,6611278,6587043,6518751,6554035,6512514,6533247,6412784
63,0,1,15,6737576,6709250,6589187,6634867,6568308,6617670,6613302,6584954,6669585,6561205,6659054,6601736,6516359,6624726,6600798,6532249,6568098,6526121,6546237,6425267
64,31,1,15,6725316,6698079,6577124,6623128,6556416,6606065,6601011,6572926,6657429,6548244,6646830,6589227,6504421,6612269,6587515,6519173,6555298,6513789,6533371,6412809
65,0,1,15,6738198,6711814,6589878,6635232,6569113,6618793,6614541,6585802,6670189,6562391,6659675,6602368,6516817,6625439,6601267,6532849,6568246,6527065,6546672,6425676
66,31,1,15,6725820,6698575,6576616,6622090,6556485,6606149,6600753,6573137,6656780,6548816,6645674,6589036,6503482,6612094,6587672,6518916,6554480,6513175,6533085,6412563
67,0,1,15,6738466,6710892,6589246,6634788,6569463,6618454,6612950,6586004,6670523,6561661,6659039,6602102,6516528,6625115,6600597,6532812,6567584,6526161,6547168,6425326
68,31,1,15,6725225,6698405,6576268,6622458,6556699,6605677,6600648,6573236,6657640,6548335,6645595,6589216,6503701,6611287,6587709,6518761,6554725,6513076,6533780,6412641
69,0,1,15,6738114,6710732,6588861,6635310,6568530,6617922,6613050,6585963,6670430,6561356,6658899,6601848,6516218,6623618,6600441,6531341,6567686,6526049,6546768,6426158
70,31,1,15,6725503,6698448,6576760,6622822,6556380,6605703,6600992,6573127,6656703,6548330,6645538,6588788,6503723,6610866,6586363,6518402,6554678,6513943,6533865,6414342
71,0,1,15,6737639,6710739,6588786,6635455,6568794,6618922,6614652,6586201,6670077,6561676,6658940,6601397,6517005,6624109,6599998,6531864,6567764,6527107,6547917,6426246
72,31,1,15,6725415,6698245,6577216,6623796,6556461,6606535,6602453,6574259,6657959,6549748,6646637,6589653,6505540,6612359,6587227,6519796,6554731,6515094,6534941,6414295
73,0,1,15,6738338,6710456,6588589,6635306,6568495,6618977,6613788,6585951,6669544,6562251,6659188,6601348,6517208,6624242,6600461,6532302,6567477,6527086,6547479,6427300
74,31,1,15,6726644,6699070,6577105,6622442,6556137,6606481,6601890,6574106,6657046,6549057,6646551,6589107,6504624,6611571,6588223,6519653,6555102,6514493,6534919,6415200
75,0,1,15,6738245,6710343,6588526,6635020,6568339,6618932,6614378,6586460,6669409,6561517,6659460,6601703,6516424,6624183,6599854,6532604,6568498,6526359,6547241,6426752
76,31,1,15,6724908,6697717,6576295,6623111,6555900,6606314,6601623,6573038,6656483,6548775,6646161,6588725,6503172,6610863,6587614,6519034,6554930,6513719,6534134,6413272
77,0,1,15,6736297,6709520,6587807,6634605,6567475,6617842,6613125,6585079,6668270,6561076,6658221,6600976,6515458,6623463,6599377,6531813,6567287,6526286,6545736,6425704
78,31,1,15,6725148,6698206,6576534,6622317,6556942,6606999,6602293,6573518,6656806,6549142,6646452,6589254,6504180,6611795,6587857,6519731,6555790,6514692,6533913,6413947
79,0,1,15,6736082,6708726,6588069,6633275,6567540,6618054,6613271,6584383,6668737,6560678,6658942,6600946,6515141,6623442,6599556,6531462,6567672,6526198,6545636,6425741
80,31,1,15,6724138,6696843,6576523,6622314,6555945,6606268,6601736,6573396,6656997,6549192,6646953,6588892,6504009,6611864,6587663,6519297,6555348,6514683,6533820,6413388
81,0,1,15,6738192,6709885,6589132,6635118,6568374,6618806,6614290,6586207,6670791,6561811,6659747,6601836,6516599,6624956,6601159,6532874,6568806,6527996,6546913,6425974
82,31,1,15,6725646,6697735,6577262,6622552,6556362,6606659,6601534,6573836,6657837,6548950,6646812,6589200,6504195,6612989,6588552,6519716,6556166,6514531,6534064,6413757
83,0,1,15,6737038,6709190,6588705,6634621,6568173,6618036,6613555,6585142,6669229,6560847,6659582,6601214,6515994,6624145,6600202,6531613,6568104,6526867,6546124,6426374
84,31,1,15,6724831,6696304,6575801,6622234,6556416,6606299,6601381,6573355,6656799,6548166,6646769,6588688,6503738,6611466,6587642,6518647,6554742,6514474,6532949,6414118
85,0,1,15,6737030,6708272,6588405,6635052,6568353,6618712,6613681,6585814,6669536,6560759,6659321,6601691,6515947,6623931,6600792,6531758,6567871,6526800,6545761,6426884
86,31,1,15,6723895,6696611,6576331,6622057,6556514,6606328,6600212,6572087,6656896,6547783,6646573,6588946,6503400,6611340,6588350,6518520,6555040,6514194,6533045,6413892
87,0,1,15,6736437,6708538,6588403,6634209,6568773,6617694,6612798,6584851,6669106,6560421,6658095,6601407,6515275,6622809,6599825,6531006,6567351,6526793,6545616,6425400
88,31,1,15,6723778,6697632,6575857,6621759,6556302,6605051,6600324,6572879,6656261,6548242,6645504,6588732,6502745,6610128,6586287,6518350,6554727,6513375,6532843,6412975
89,0,1,15,6737338,6710484,6588482,6634914,6569478,6617876,6613598,6586024,6669613,6561317,6659312,6601787,6516107,6623074,6600053,6531656,6568174,6526838,6546456,6426114
90,31,1,15,6724607,6697120,6575995,6622213,6556916,6605165,6601718,6573130,6657114,6548438,6645992,6588395,6503257,6611530,6587424,6518610,6554815,6513076,6533579,6413469
91,0,1,15,6736244,6708531,6587996,6634370,6568456,6617236,6613587,6585366,6669267,6560700,6658275,6600440,6516069,6623425,6600013,6530801,6567461,6525371,6545712,6425556
92,31,1,15,6723587,6695472,6576563,6622529,6556591,6605125,6601360,6573063,6656955,6548095,6645485,6588573,6503174,6610800,6586835,6518180,6554824,6513349,6532789,6413023
93,0,1,15,6737007,6708858,6588293,6634608,6568877,6617861,6613972,6584865,6670196,6561092,6659267,6600851,6517015,6624321,6600338,6530809,6568723,6526087,6546139,6425667
94,31,1,15,6723897,6695701,6576121,6622015,6555990,6605100,6599859,6571896,6657189,6547690,6645554,6587793,6503455,6611659,6586795,6517639,6555250,6512719,6532582,6412395
95,0,1,15,6735890,6707905,6588513,6633899,6567922,6617077,6612635,6584040,6668850,6559934,6657783,6599938,6514773,6623217,6599625,6530687,6567215,6525284,6544537,6424301
96,31,1,15,6723557,6695668,6576010,6621644,6555297,6604972,6600187,6571933,6656205,6547261,6645183,6587466,6502277,6610022,6586642,6518072,6554384,6512586,6532268,6411746
97,0,1,15,6737153,6708611,6589141,6635315,6568311,6617331,6613824,6585180,6669401,6560362,6658506,6600778,6515554,6623137,6599650,6532052,6568054,6526208,6545711,6425522
98,31,1,15,6723518,6695487,6576342,6621791,6554757,6604125,6601360,6571687,6655913,6546682,6644372,6587203,6501978,6610236,6586428,6517593,6553924,6512482,6531922,6412637
99,0,1,15,6735917,6708164,6588649,6633752,6567422,6616355,6613490,6584835,6668738,6559631,6657292,6600235,6514866,6623505,6599511,6530241,6567301,6525156,6545282,6424907
100,31,1,15,6723609,6694721,6576169,6620920,6555403,6603886,6600772,6571371,6655368,6546868,6643886,6587498,6502290,6610198,6586303,6516746,6553712,6512377,6532172,6411942
101,0,1,15,6736720,6707556,6588492,6634663,6567971,6617110,6613468,6585192,6668952,6560375,6657719,6600706,6515387,6623636,6600324,6531175,6566323,6525925,6545324,6425956
102,31,1,15,6724179,6696570,6576475,6622895,6555810,6604161,6601095,6573144,6656332,6548283,6644708,6587718,6502813,6611393,6587449,6518227,6553277,6513166,6533109,6413410
103,0,1,15,6737625,6708595,6589029,6634802,6568211,6616856,6613492,6585616,6669177,6560997,6657646,6600965,6514956,6623756,6599688,6531228,6566111,6526234,6545958,6426306
104,31,1,15,6724908,6696945,6576143,6622240,6555701,6604949,6600954,6572695,6656383,6548136,6644998,6588465,6502959,6611434,6586388,6517845,6553617,6512941,6532341,6413303
105,0,1,15,6737503,6709520,6588337,6635089,6568326,6618019,6614162,6586198,6669049,6561010,6658035,6601159,6515361,6624868,6599742,6530809,6566881,6526154,6545252,6426278
106,31,1,15,6725619,6697982,6576764,6623395,6557137,6605692,6602371,6573599,6656880,6548718,6645643,6589046,6503201,6613150,6587363,6518809,6554561,6514336,6532862,6414546
107,0,1,15,6738574,6710630,6589126,6635650,6568882,6618259,6614177,6586443,6669597,6561308,6658999,6602050,6515839,6625325,6600367,6531937,6567795,6526875,6546131,6426739
108,31,1,15,6725460,6697273,6576120,6622668,6556108,6605385,6602013,6573619,6656163,6548127,6645734,6588594,6502887,6611999,6586990,6518762,6554133,6512687,6532517,6413857
109,0,1,15,6737187,6709304,6588142,6635212,6567805,6617329,6613841,6585072,6668030,6560865,6658548,6601067,6515343,6624245,6599719,6531054,6566478,6525974,6545166,6425997
110,31,1,15,6725211,6697826,6576889,6623043,6556163,6605756,6601131,6573503,6656233,6548372,6646507,6588570,6503037,6612412,6585945,6518236,6554000,6513248,6532599,6414477
111,0,1,15,6738070,6710891,6588989,6635660,6568887,6618265,6613990,6586160,6669342,6561466,6659692,6601509,6516075,6624389,6600062,6531406,6567841,6526702,6545533,6427605
112,31,1,15,6725323,6697940,6575938,6622967,6555979,6604853,6601473,6572734,6655918,6548008,6646532,6588566,6503742,6611854,6587021,6518232,6554756,6513270,6532796,6414205
113,0,1,15,6737183,6710057,6588285,6635426,6568347,6617288,6613207,6586115,6668689,6560467,6659230,6601127,6515881,6624372,6600056,6530774,6567270,6526111,6545585,6426870
114,31,1,15,6724129,6697405,6575694,6622521,6556242,6604381,6601184,6573242,6656426,6548649,6645909,6588214,6503489,6611820,6586799,6518006,6554379,6513403,6533553,6413824
115,0,1,15,6736382,6709373,6588015,6634669,6568043,6616302,6613051,6585254,6668409,6560998,6658096,6600234,6515376,6622930,6598682,6530799,6567140,6525635,6546243,6426051
116,31,1,15,6725436,6697899,6576450,6622766,6556724,6604639,6601337,6573662,6656900,6548784,6645719,6588632,6503557,6610899,6586485,6518691,6554567,6513751,6533472,6414985
117,0,1,15,6737763,6710641,6589231,6636181,6569265,6617476,6613850,6586052,6670095,6561416,6658739,6600799,6516580,6624102,6599840,6531397,6567522,6527167,6546517,6427619
118,31,1,15,6725043,6697705,6577666,6623650,6556544,6605273,6601212,6573288,6657408,6548395,6645960,6588035,6504134,6611994,6586746,6518300,6553720,6513730,6533519,6414893
119,0,1,15,6737119,6710396,6588897,6636133,6569278,6617694,6613411,6585593,6669549,6561715,6658902,6601021,6516298,6624174,6599377,6531047,6566729,6526571,6546404,6428002
120,31,1,15,6724696,6698350,6576784,6623174,6556676,6605428,6601116,6573169,6656977,6548696,6646182,6588779,6503791,6611545,6586156,6518642,6553695,6513839,6533557,6415335
121,0,1,15,6737097,6710237,6588479,6634901,6567813,6617567,6613298,6585591,6669561,6560954,6658571,6600756,6515910,6624040,6598539,6530960,6566489,6526298,6546295,6427488
122,31,1,15,6725004,6698218,6577160,6623523,6556458,6606181,6601742,6573571,6657712,6549318,6645756,6589088,6503881,6611590,6586735,6518677,6554332,6513720,6533824,6415430
123,0,1,15,6737410,6709961,6589070,6635607,6568970,6617687,6613625,6586144,6669987,6561884,6659152,6601617,6516093,6623891,6598945,6531914,6566906,6526588,6546553,6427668
124,31,1,15,6725421,6697611,6577431,6623081,6556481,6605468,6601397,6573536,6657531,6549419,6646132,6588752,6504263,6610939,6586831,6519550,6555218,6513578,6534102,6414947
125,0,1,15,6738004,6709928,6589767,6635281,6568936,6617908,6614079,6585965,6670037,6562509,6658737,6601232,6516425,6623104,6599995,6532013,6567847,6526674,6547053,6427579
126,31,1,15,6724986,6697924,6577323,6623236,6556305,6605129,6601346,6573876,6657248,6550069,6646201,6588510,6504320,6611148,6587168,6519419,6554568,6514312,6533664,6415017
127,0,1,15,6736941,6710069,6589185,6635913,6568899,6617359,6613531,6586046,6669748,6562113,6658716,6600532,6516363,6623645,6600006,6531908,6567350,6526688,6546338,6427774
128,31,1,15,6724875,6697586,6576812,6623526,6556557,6604642,6601343,6572989,6656725,6548772,6645406,6588411,6503684,6611125,6587457,6518458,6554118,6513400,6533181,6415228
129,0,1,15,6738405,6710247,6589289,6636504,6569119,6617082,6613369,6586091,6669997,6562235,6658711,6601193,6516318,6624483,6599935,6531825,6567306,6526913,6546625,6427998
130,31,1,15,6725286,6697749,6576233,6623865,6557268,6605141,6601118,6573384,6658224,6549151,6645452,6588502,6503170,6611609,6587032,6518806,6554001,6514449,6533940,6414736
131,0,1,15,6738299,6710683,6589507,6636482,6569839,6618539,6614445,6586999,6670794,6562704,6659509,6601532,6516136,6625061,6599681,6532374,6567995,6528177,6547424,6427485
132,31,1,15,6725236,6698504,6577468,6623602,6557317,6605650,6601827,6573548,6657726,6549842,6646731,6589003,6503557,6611903,6586895,6519273,6554602,6514668,6533864,6414499
133,0,1,15,6737357,6710514,6589502,6636308,6569725,6618276,6614169,6585344,6670346,6562223,6659504,6601666,6515758,6624653,6599289,6531875,6567501,6527087,6546764,6426328
134,31,1,15,6725067,6697377,6576458,6623464,6556943,6605474,6601419,6572873,6657935,6549271,6646042,6588597,6503119,6611927,6586635,6518789,6553643,6513647,6534142,6413616
135,0,1,15,6736445,6709142,6588951,6635228,6568656,6617611,6613151,6584457,6670307,6561009,6658075,6600630,6515127,6622480,6599003,6530763,6566950,6526357,6546253,6425360
136,31,1,15,6724964,6697712,6577128,6623510,6557527,6605626,6601586,6572711,6658243,6549420,6645976,6588279,6503470,6611412,6587757,6518454,6554528,6513607,6533780,6413514
137,0,1,15,6737383,6709613,6589862,6635521,6569636,6617926,6614314,6586310,6670653,6562446,6658957,6601133,6516605,6624046,6600634,6531521,6567232,6526966,6546735,6426442
138,31,1,15,6724982,6697066,6577959,6623004,6557908,6605038,6601713,6574019,6658183,6549144,6646148,6588397,6503275,6612348,6586795,6518780,6554611,6514021,6533654,6414143
139,0,1,15,6736922,6709791,6589708,6635248,6570651,6617580,6614536,6586760,6671685,6563146,6659713,6601486,6516440,6625064,6600019,6532212,6567661,6527309,6546769,6427179
140,31,1,15,6724312,6696639,6577057,6622699,6558037,6605744,6601657,6574210,6659022,6550683,6646318,6588506,6503394,6611495,6587186,6518673,6554822,6514619,6533018,6414356
141,0,1,15,6736392,6708548,6588579,6635180,6569633,6617171,6613693,6585676,6670383,6562482,6658165,6601049,6515203,6623993,6598579,6530457,6566732,6526605,6545781,6425685
142,31,1,15,6724827,6697156,6577884,6623791,6557869,6605097,6601762,6573234,6658154,6549831,6646125,6588830,6503569,6611763,6587530,6518587,6555160,6514954,6534269,6413633
143,0,1,15,6736854,6709162,6588877,6635579,6569316,6616713,6613520,6585136,6670032,6562151,6658198,6600446,6515439,6623506,6599265,6530924,6567270,6526224,6546501,6425279
144,31,1,15,6723968,6696656,6576151,6621780,6556437,6604389,6600628,6572106,6657026,6548588,6645309,6587346,6503098,6611011,6586129,6517747,6553800,6513171,6533612,6412687
145,0,1,15,6737018,6709391,6588731,6635366,6569013,6617476,6613620,6584792,6669886,6561596,6658500,6600685,6515579,6623456,6598651,6531075,6567327,6526179,6546489,6425760
146,31,1,15,6724342,6696920,6576824,6622891,6556057,6604859,6600478,6572448,6657097,6549181,6645096,6587959,6503196,6611035,6586113,6518025,6554069,6512844,6533426,6413449
147,0,1,15,6736759,6709152,6589088,6635876,6568939,6617650,6613583,6585475,6669585,6562080,6658162,6600868,6516166,6624579,6598962,6531639,6568175,6526196,6546835,6426700
148,31,1,15,6724819,6697030,6577777,6623715,6557333,6605864,6601522,6572668,6657653,6549590,6646285,6588089,6504656,6611452,6586650,6518718,6555019,6514313,6534299,6413912
149,0,1,15,6736657,6709149,6589727,6635612,6569021,6617650,6613425,6585474,6670183,6561993,6658939,6600916,6516492,6624484,6599614,6531600,6567446,6526466,6546280,6426437
150,31,1,15,6723789,6697191,6577083,6622928,6557076,6605875,6601053,6573249,6657637,6548842,6645871,6588493,6505096,6612046,6587419,6518614,6554528,6514034,6533259,6415177
151,0,1,15,6736679,6709457,6590459,6635332,6569227,6618165,6613233,6585677,6670330,6561429,6658935,6600567,6516635,6624518,6600293,6531304,6567702,6526510,6546747,6427263
152,31,1,15,6724271,6697020,6576937,6622501,6556954,6605369,6600665,6573089,6657183,6548635,6645522,6588078,6503472,6611895,6586789,6518297,6555172,6513754,6533651,6414951
153,0,1,15,6737548,6710128,6589719,6636054,6570261,6617904,6614702,6586473,6670615,6562458,6659292,6601498,6516885,6624249,6600009,6532362,6568718,6527447,6546615,6427149
154,31,1,15,6724440,6696404,6577103,6622854,6557158,6604933,6601791,6572786,6656809,6548749,6645500,6587858,6504249,6611354,6585862,6518271,6554676,6513505,6533250,6413393
155,0,1,15,6737293,6709133,6589012,6634966,6569908,6618272,6613819,6585938,6670323,6561773,6659093,6600528,6517037,6624925,6600021,6531851,6568065,6527469,6546488,6427418
156,31,1,15,6724996,6697832,6577448,6623422,6558128,6605938,6601822,6573495,6658341,6549854,6646835,6588632,6504952,6612564,6587665,6519235,6555548,6514814,6533875,6414957
157,0,1,15,6737165,6710488,6589895,6636132,6570618,6618214,6614254,6586123,6671455,6562115,6659864,6601767,6517119,6624716,6601420,6532334,6569411,6527843,6547216,6428469
158,31,1,15,6725024,6697763,6577821,6623383,6558245,6605443,6601158,6573578,6658787,6549173,6646667,6588539,6504738,6612226,6588544,6519027,6556048,6514606,6534254,6415381
159,0,1,15,6737124,6710429,6589619,6635874,6569777,6617105,6612920,6586208,6671211,6562167,6659482,6601021,6517162,6623897,6600111,6531798,6568874,6527174,6547068,6427706
160,31,1,15,6724591,6697828,6576508,6622298,6556969,6604945,6600219,6573248,6658110,6549435,6646779,6588263,6504511,6611467,6587111,6518432,6555458,6513660,6533860,6414945
161,0,1,15,6737996,6710723,6589347,6635833,6569989,6617925,6613241,6586643,6671271,6562133,6660707,6601948,6517728,6624853,6600841,6531078,6568876,6526644,6546034,6427843
162,31,1,15,6724913,6697479,6576311,6622891,6556924,6604695,6600709,6572594,6657625,6548983,6646514,6588719,6505245,6612674,6587059,6518201,6555215,6513547,6532553,6414685
163,0,1,15,6737558,6710237,6589332,6635545,6569652,6617915,6613996,6585482,6670740,6562241,6660778,6601693,6518030,6625947,6600512,6531800,6568561,6527063,6546824,6427594
164,31,1,15,6725819,6697970,6578123,6623399,6557887,6605961,6602099,6573450,6659190,6550305,6647408,6589343,6505172,6613373,6588162,6519608,6555989,6514847,6535392,6415606
165,0,1,15,6737191,6709877,6589069,6635540,6569619,6617732,6614579,6585147,6671753,6562507,6659556,6601333,6517781,6625691,6600499,6531658,6568359,6527342,6547601,6427315
166,31,1,15,6725291,6697701,6577025,6623007,6557363,6605216,6601594,6572746,6659070,6549204,6646429,6588746,6504586,6613132,6588092,6518599,6555256,6514351,6534176,6414764
167,0,1,15,6737162,6709877,6588913,6634911,6568842,6617414,6613898,6584373,6671331,6561938,6659316,6600974,6516938,6624809,6601307,6531566,6567982,6527167,6546397,6426882
168,31,1,15,6724509,6696935,6576377,6622174,6556522,6604996,6600596,6572131,6657149,6548337,6645853,6588460,6503954,6611017,6587158,6517985,6554297,6513870,6532901,6414056
169,0,1,15,6737445,6710156,6588901,6635387,6569512,6617800,6614368,6585494,6671085,6561709,6659947,6601309,6516677,6624390,6600703,6531637,6568814,6527189,6546319,6427223
170,31,1,15,6724512,6697078,6577074,6622964,6557023,6604831,6601503,6573443,6658500,6549693,6647359,6588802,6504489,6611801,6588399,6518571,6555397,6515040,6534377,6414762
171,0,1,15,6737558,6709138,6588608,6634544,6568465,6617273,6613129,6585335,6670850,6562003,6659589,6601448,6516216,6623507,6599725,6531217,6567521,6526720,6546417,6427091
172,31,1,15,6725428,6697955,6576717,6622650,6555843,6605704,6601111,6573134,6658154,6548877,6646355,6589017,6504110,6612019,6587399,6518323,6554593,6513775,6534101,6414202
173,0,1,15,6737938,6709907,6588754,6635375,6568687,6618248,6613748,6585732,6670873,6561600,6659729,6601595,6516389,6624706,6600068,6531573,6568356,6525823,6546700,6426359
174,31,1,15,6724977,6696598,6576706,6622865,6556785,6605042,6601095,6572682,6658030,6548919,6646149,6588389,6503968,6611779,6586183,6518575,6554554,6513499,6534191,6414006
175,0,1,15,6736498,6708286,6588547,6634418,6568684,6617220,6613043,6585190,6669581,6561288,6658727,6601023,6516693,6623298,6598768,6530817,6567940,6525598,6546202,6425645
176,31,1,15,6724545,6696463,6576133,6622309,6556619,6605556,6600069,6572733,6657125,6548874,6645812,6588559,6504736,6610498,6585957,6518016,6554967,6512772,6533770,6413750
177,0,1,15,6737807,6709809,6589764,6635363,6569151,6618790,6613767,6586143,6670952,6562328,6660022,6601660,6518414,6624362,6600209,6531983,6569560,6527033,6547696,6427940
178,31,1,15,6725392,6697784,6578118,6623210,6556794,6606309,6601304,6573690,6658347,6549638,6647089,6589304,6506049,6611294,6587537,6519145,6555706,6514459,6534636,6415371
179,0,1,15,6736698,6709204,6589674,6633747,6568359,6617799,6613205,6585114,6669833,6561581,6659021,6600884,6517445,6622936,6599730,6530945,6568426,6526447,6546501,6426781
180,31,1,15,6723937,6697501,6576707,6621748,6556758,6606019,6601030,6572903,6657195,6549094,6646886,6588316,6505498,6611121,6587095,6518717,6555198,6514260,6533845,6414489
181,0,1,15,6736483,6710100,6589240,6634699,6569117,6618153,6613722,6585303,6670725,6562109,6659900,6601056,6517741,6624087,6599975,6531648,6568209,6526172,6546408,6427175
182,31,1,15,6724758,6697523,6576924,6621572,6556649,6604949,6600839,6572562,6657825,6549304,6646555,6588207,6505180,6611022,6587769,6517813,6554627,6513315,6532779,6413895
183,0,1,15,6737362,6709762,6589625,6634480,6569714,6617930,6613618,6585886,6670609,6562136,6659651,6600833,6517634,6624095,6600412,6531076,6568486,6526045,6546149,6427037
184,31,1,15,6724997,6697296,6577813,6622060,6557896,6605845,6600909,6573129,6658221,6549850,6646265,6587858,6505622,6611525,6587292,6518549,6555460,6513438,6533483,6414314
185,0,1,15,6738210,6710271,6589917,6635157,6570174,6618687,6613998,6586104,6671559,6562261,6659516,6601683,6517942,6624680,6600150,6531631,6568844,6527082,6547057,6427255
186,31,1,15,6725433,6697191,6577645,6623065,6557471,6606309,6601027,6573820,6658518,6549917,6646402,6588553,6505197,6611819,6587331,6518523,6555194,6513755,6533914,6414707
187,0,1,15,6737467,6709006,6589709,6635196,6568763,6618414,6612870,6585332,6670701,6562722,6659167,6600793,6517443,6623216,6599345,6531434,6568023,6526112,6546261,6427275
188,31,1,15,6725115,6697052,6577263,6623195,6556646,6605229,6600920,6573387,6658256,6549954,6646465,6588330,6505508,6611483,6586867,6518538,6555158,6513651,6534906,6415065
189,0,1,15,6736084,6709047,6589227,6635243,6568170,6616947,6612804,6585086,6670196,6562716,6658374,6600171,6517225,6623156,6599071,6530471,6567429,6526235,6546600,6426117
190,31,1,15,6722891,6696391,6576006,6622429,6555652,6604872,6600967,6573162,6657366,6549236,6645293,6587762,6505010,6609628,6585422,6517023,6554469,6513008,6533596,6413135
191,0,1,15,6736447,6709815,6588993,6634741,6568150,6617950,6613834,6585715,6670364,6562207,6658750,6601145,6517744,6623122,6599174,6530741,6568653,6526567,6546517,6426623
192,31,1,15,6724190,6697588,6576629,6621885,6555696,6605574,6601457,6573254,6657738,6549426,6645677,6588129,6505159,6611022,6585924,6517690,6555650,6513094,6533585,6414244
193,0,1,15,6737160,6711156,6590128,6635472,6568962,6618789,6614191,6586703,6671147,6562774,6659472,6601152,6518642,6624774,6599089,6531224,6569289,6527770,6547372,6427245
194,31,1,15,6725711,6699005,6577427,6622855,6557411,6605998,6602027,6574601,6658926,6550499,6647430,6588416,6506567,6612518,6586804,6518431,6557058,6514260,6534223,6414386
195,0,1,15,6738307,6710722,6589192,6634520,6569140,6618343,6613805,6586597,6670379,6562372,6660228,6601154,6518168,6623892,6599216,6531112,6570203,6526439,6546494,6426434
196,31,1,15,6725781,6698072,6576586,6622692,6556267,6606428,6601642,6574053,6658064,6550058,6647233,6588150,6506001,6611430,6586791,6518208,6556857,6514250,6533814,6414675
197,0,1,15,6738865,6710596,6589910,6635184,6568751,6619037,6615529,6587227,6671933,6562974,6660172,6601633,6518460,6624772,6600534,6531262,6570551,6527918,6547099,6427969
198,31,1,15,6725618,6698280,6577024,6621936,6556157,6605373,6602310,6573915,6658429,6549666,6646618,6588112,6505796,6610714,6587224,6518400,6556739,6513892,6533769,6414038
199,0,1,15,6738483,6710950,6590394,6634683,6569063,6618854,6615456,6586683,6671628,6563200,6660176,6600872,6518661,6624649,6600855,6532193,6570027,6527024,6547244,6427840
200,31,1,15,6725897,6698073,6578398,6623158,6556661,6606905,6603198,6574552,6659126,6550315,6647535,6588714,6506091,6612050,6587663,6519076,6556998,6514669,6534061,6415864
201,0,1,15,6737431,6708933,6589297,6633949,6567819,6618306,6613434,6585765,6670481,6561434,6658712,6600446,6517486,6623893,6599079,6530805,6568422,6525959,6545637,6426572
202,31,1,15,6725755,6697655,6577493,6622511,6556512,6606016,6601116,6573685,6658064,6550308,6646675,6588398,6505786,6611397,6586922,6518243,6556139,6513897,6533381,6414693
203,0,1,15,6737995,6710534,6590159,6635557,6569094,6618030,6613956,6586939,6670470,6563314,6659908,6601356,6519444,6624598,6600326,6532157,6569118,6526989,6546756,6427814
204,31,1,15,6725065,6697383,6576915,6622296,6556019,6604598,6601314,6573538,6657045,6549350,6646245,6588492,6505152,6611847,6587971,6517821,6555354,6513258,6533314,6414183
205,0,1,15,6737723,6710184,6589677,6635379,6569115,6618070,6614224,6586189,6670151,6561962,6659868,6601005,6518469,6624298,6600736,6531809,6569573,6526555,6546553,6427590
206,31,1,15,6725273,6697487,6576700,6622982,6556103,6604402,6601231,6573102,6657421,6549158,6646500,6588200,6505128,6611254,6587224,6517546,6556325,6513662,6533520,6414674
207,0,1,15,6738084,6710572,6589548,6635588,6569343,6617426,6614517,6585577,6670469,6562733,6659490,6601544,6518246,6624159,6600436,6531511,6569794,6527249,6547253,6427696
208,31,1,15,6725630,6698329,6577014,6623010,6557169,6604610,6601196,6572797,6657159,6549887,6645813,6588267,6505553,6611454,6587500,6518945,6555934,6513569,6533743,6414521
209,0,1,15,6739022,6711705,6590060,6636643,6569562,6617848,6614248,6585623,6670742,6563587,6660347,6601772,6519349,6624835,6601507,6533077,6570005,6527776,6548003,6428777
210,31,1,15,6724946,6698372,6577199,6622592,6556434,6604993,6600866,6573076,6656899,6550179,6646703,6588073,6505395,6611487,6587915,6518260,6555887,6513824,6533974,6415532
211,0,1,15,6737056,6709571,6589503,6633855,6568571,6617249,6612849,6584970,6669062,6561992,6659418,6600882,6517573,6624083,6600027,6531195,6568649,6526334,6546389,6428139
212,31,1,15,6724622,6697859,6578155,6622236,6557658,6605789,6600933,6573547,6656635,6549717,6647204,6588958,6505587,6611767,6587536,6519212,6556601,6514584,6534613,6416141
213,0,1,15,6737138,6709806,6589569,6634349,6569489,6617805,6613707,6586087,6669589,6562340,6659639,6602207,6518391,6624492,6600489,6532207,6569845,6527080,6547665,6428480
214,31,1,15,6724681,6696903,6576964,6622890,6557029,6605256,6601690,6573521,6657134,6549635,6647227,6589287,6506127,6612096,6588739,6519093,6556875,6514227,6534220,6415345
215,0,1,15,6737860,6710394,6589488,6635409,6568855,6618843,6614349,6586342,6670406,6562397,6659726,6601647,6518329,6626116,6601032,6532207,6569954,6527183,6547823,6428123
216,31,1,15,6724529,6697255,6577580,6622725,6556075,6605982,6601138,6573343,6657226,6549496,6646749,6589053,6505892,6612233,6588044,6518774,6555504,6514130,6534132,6414951
217,0,1,15,6736954,6709695,6589496,6635115,6568068,6616890,6612706,6585076,6668922,6561462,6658956,6601319,6518142,6624324,6599761,6531383,6567776,6526191,6545797,6427145
218,31,1,15,6725409,6698123,6577328,6623022,6557271,6604747,6601437,6573881,6656823,6548833,6646516,6589259,6505568,6612147,6587550,6518879,6555498,6513317,6533915,6415039
219,0,1,15,6738758,6710391,6590095,6636259,6569716,6618017,6614660,6586917,6670252,6562163,6660146,6602527,6518236,6625426,6600848,6532401,6569137,6527601,6547158,6427522
220,31,1,15,6725765,6697814,6577500,6623444,6557657,6605627,6602012,6574633,6658157,6549986,6646868,6589596,6505865,6612661,6588516,6518975,6556176,6514671,6533892,6414950
221,0,1,15,6737379,6710096,6590450,6635035,6568258,6617499,6613646,6586505,6669874,6561821,6659100,6601913,6517543,6624729,6599969,6531858,6568905,6527530,6546467,6427079
222,31,1,15,6724750,6698044,6577373,6622673,6556058,6604618,6600527,6573784,6657084,6548593,6646246,6588825,6504842,6611313,6587230,6518812,6554951,6514695,6533677,6414333
223,0,1,15,6737656,6710186,6590246,6635303,6568366,6617603,6613627,6585527,6670041,6561915,6659272,6601538,6517748,6624992,6599444,6532189,6568509,6527821,6546089,6426799
224,31,1,15,6724752,6697681,6577750,6622728,6555190,6604644,6600769,6573286,6657069,6548540,6646063,6588627,6505034,6611978,6586278,6518553,6555507,6514267,6533210,6414018
225,0,1,15,6737599,6710220,6589732,6635330,6568142,6617609,6614301,6585830,6669710,6562160,6659426,6601163,6517520,6625186,6600443,6531252,6568656,6527018,6546749,6427610
226,31,1,15,6725646,6698432,6578048,6622959,6555858,6605522,6601357,6574172,6657323,6549457,6646797,6588880,6505198,6612376,6587436,6519052,6555663,6514975,6533536,6416072
227,0,1,15,6737053,6710157,6589326,6634214,6566819,6616366,6613428,6585837,6669235,6560827,6658904,6601351,6517129,6624035,6599304,6530561,6568439,6527122,6546184,6427554
228,31,1,15,6725001,6698371,6577979,6622399,6555559,6604928,6601984,6574136,6657536,6549391,6646942,6589613,6505289,6612997,6587407,6518098,6556337,6514767,6533429,6415058
229,0,1,15,6737583,6710296,6589812,6634343,6567917,6617352,6614159,6586501,6669576,6561448,6659536,6601494,6517290,6625278,6600546,6531162,6569082,6527059,6545888,6426609
230,31,1,15,6724669,6697736,6577348,6621411,6554632,6604666,6601261,6573359,6656391,6547769,6646197,6588616,6504863,6611999,6587684,6517834,6555401,6513373,6532912,6413870
231,0,1,15,6737286,6708689,6589361,6634272,6567750,6617086,6612977,6585960,6668758,6560629,6658890,6600940,6517390,6624679,6599708,6531033,6567551,6526808,6545782,6426719
232,31,1,15,6724270,6695726,6577004,6622206,6555334,6603964,6600682,6573080,6655675,6548370,6646046,6587486,6504121,6611415,6586853,6517675,6554341,6513475,6532861,6413971
233,0,1,15,6737414,6708742,6589005,6634448,6566972,6616453,6613637,6585260,6668335,6560969,6658987,6600170,6516506,6624212,6599068,6530669,6567772,6526958,6546045,6426232
234,31,1,15,6725595,6696453,6576723,6622151,6555037,6604385,6600990,6573536,6655740,6548754,6646169,6588107,6504416,6612079,6586128,6517912,6555341,6513962,6533354,6414077
235,0,1,15,6738287,6709724,6589681,6634854,6568047,6617210,6613892,6586356,6668980,6561556,6659132,6601551,6516822,6624706,6599395,6530724,6568454,6526791,6546601,6427376
236,31,1,15,6725171,6697112,6577267,6621520,6555118,6604613,6600779,6573257,6655908,6548582,6645433,6588671,6503899,6612291,6586095,6517755,6554612,6513651,6532896,6414468
237,0,1,15,6736907,6710075,6589152,6633678,6567110,6617056,6613264,6585661,6668301,6560174,6658045,6601245,6515946,6624292,6599029,6530389,6567747,6526023,6545554,6427558
238,31,1,15,6724917,6698409,6577462,6622180,6555937,6605071,6601602,6574103,6656699,6548758,6646594,6589578,6504536,6612724,6586483,6518293,6555589,6514493,6533563,6415291
239,0,1,15,6737926,6710643,6589972,6635387,6568020,6617882,6614667,6586717,6669658,6561470,6660177,6601862,6517313,6624797,6600664,6531638,6568364,6527890,6546444,6427486
240,31,1,15,6725513,6698560,6577556,6622765,6555677,6604966,6601266,6573631,6657407,6548603,6647236,6589147,6505025,6611598,6587266,6518750,6555225,6514463,6533122,6414940
241,0,1,15,6739372,6712054,6590774,6635861,6569575,6618486,6614411,6587410,6671910,6562205,6661140,6603529,6518499,6626484,6601203,6532911,6569571,6528874,6547010,6428227
242,31,1,15,6725029,6698102,6577111,6621998,6556687,6604651,6601180,6573699,6657028,6547770,6646854,6588983,6504170,6611838,6585911,6518356,6554811,6514801,6533255,6414104
243,0,1,15,6738062,6712161,6590901,6635348,6569887,6617920,6615111,6587135,6670329,6562173,6660973,6602296,6517656,6625600,6600284,6531857,6568610,6528269,6547174,6427286
244,31,1,15,6724982,6699531,6577930,6623513,6557171,6605130,6602597,6574067,6657352,6549570,6648151,6589484,6505301,6612763,6587831,6518974,6554894,6514824,6533977,6415319
245,0,1,15,6737929,6711878,6590110,6636000,6568364,6618445,6614097,6586950,6670247,6562529,6660796,6602041,6517810,6624558,6599788,6532192,6568151,6527713,6547004,6428161
246,31,1,15,6725124,6698435,6578082,6623625,6555714,6606030,6601540,6574040,6657700,6549100,6647898,6588972,6504883,6611856,6587195,6518933,6555079,6514784,6533771,6414998
247,0,1,15,6737115,6710253,6589505,6635638,6567523,6617443,6613356,6586119,6669705,6561432,6660164,6601016,6516872,6625238,6599967,6531268,6567842,6527030,6546077,6427324
248,31,1,15,6725945,6698380,6577974,6624481,6556763,6606345,6602238,6574952,6657720,6550484,6648006,6589702,6505763,6613691,6588391,6519408,6556392,6515289,6535025,6416068
249,0,1,15,6737003,6709962,6589981,6635781,6567781,6617262,6614183,6586256,6669601,6561680,6660323,6601473,6517140,6625265,6600421,6531852,6568663,6527155,6546591,6428175
250,31,1,15,6724606,6698140,6577513,6623703,6555302,6604975,6602067,6573417,6656956,6548377,6647838,6589056,6504689,6612666,6587733,6519101,6555735,6514286,6534181,6415772
251,0,1,15,6737083,6710452,6589002,6635208,6566863,6616114,6614234,6585914,6669192,6561035,6659690,6601088,6517237,6623357,6599491,6531099,6567910,6527025,6546558,6427306
252,31,1,15,6725982,6699597,6578082,6624151,6556104,6605501,6602407,6574750,6657705,6548757,6648322,6589722,6505770,6612541,6588348,6519807,6555466,6515032,6534499,6415562
253,0,1,15,6738435,6710913,6589370,6636318,6567662,6618081,6613957,6586361,6670443,6561642,6660536,6602101,6517100,6625177,6599831,6532213,6568159,6527097,6546930,6427836
254,31,1,15,6726153,6698623,6578160,6623851,6556293,6606298,6602077,6574650,6657788,6549713,6647850,6589686,6505252,6612537,6587400,6519763,6555584,6513937,6534088,6415322
255,0,1,15,6737799,6710941,6589646,6635955,6567702,6617754,6614150,6586575,6669922,6561632,6660005,6601999,6517005,6624430,6599667,6532260,6567682,6526913,6546315,6427253
256,31,1,15,6726095,6698138,6577552,6623271,6556012,6605813,6602458,6574251,6658080,6549011,6647615,6589696,6504496,6613058,6587773,6519718,6555393,6514638,6534590,6415297
257,0,1,15,6738371,6710968,6589659,6635780,6568837,6617581,6614574,6586851,6670787,6562383,6659629,6602173,6517471,6625591,6600673,6532801,6568815,6527737,6547033,6427781
258,31,1,15,6725745,6698871,6577632,6623199,6556529,6604723,6602363,6573955,6657790,6549733,6647262,6589873,6504630,6612565,6587705,6519469,6555885,6514930,6533871,6415510
259,0,1,15,6738140,6710993,6588886,6635979,6568885,6617884,6613903,6586345,6670196,6561495,6659486,6602043,6516356,6624612,6599168,6531968,6568371,6527814,6546219,6427969
260,31,1,15,6725438,6698207,6576353,6623213,6556083,6605496,6601619,6573770,6657662,6548601,6647093,6589592,6503869,6612287,6587274,6519738,6555332,6515254,6534370,6415786
261,0,1,15,6737799,6711011,6589156,6637182,6568805,6618636,6614514,6586786,6670594,6561565,6659806,6602631,6516347,6625371,6600456,6532231,6568781,6528073,6547294,6428226
262,31,1,15,6725220,6697982,6577021,6624225,6555739,6605072,6601508,6574349,6657833,6549297,6647059,6589614,6503949,6612745,6587193,6518690,6555408,6515140,6534355,6414671
263,0,1,15,6737630,6709684,6588613,6635621,6567016,6617689,6613294,6586620,6670106,6561060,6659610,6601652,6516329,6624787,6599600,6531329,6567855,6526914,6546126,6426905
264,31,1,15,6724915,6697782,6576411,6623504,6554896,6605429,6601478,6573856,6658062,6548490,6646302,6589066,6503507,6611944,6587504,6517577,6554609,6514276,6533678,6414982
265,0,1,15,6737317,6710970,6588446,6635084,6567833,6617956,6613914,6586579,6670598,6560969,6659734,6601462,6515782,6624721,6599925,6530927,6567781,6527493,6546706,6427613
266,31,1,15,6725851,6699599,6576906,6623805,6556059,6606087,6602388,6574938,6658460,6548755,6647564,6589148,6504547,6612835,6587290,6519169,6555997,6515159,6534268,6416096
267,0,1,15,6737874,6711032,6588923,6636241,6568115,6617748,6613958,6586846,6670537,6561223,6659981,6601741,6515855,6624676,6599765,6531825,6568756,6527363,6546800,6427786
268,31,1,15,6724802,6697123,6575598,6622223,6554636,6604590,6600130,6573472,6656320,6547435,6645244,6588000,6503033,6610829,6586276,6517979,6554713,6513218,6532932,6413849
269,0,1,15,6738647,6710708,6589366,6635733,6568447,6618435,6613902,6586914,6670512,6561725,6660167,6602199,6516893,6625377,6600638,6531726,6569517,6527859,6546851,6428282
270,31,1,15,6726004,6697680,6576909,6623403,6555654,6606092,6600937,6574311,6657088,6548635,6646967,6589610,6504235,6612691,6586931,6519260,6555676,6514837,6533017,6414842
271,0,1,15,6737842,6710306,6588813,6635877,6568496,6618314,6612913,6586184,6669429,6560923,6658950,6601902,6516362,6624613,6599682,6531955,6568591,6527470,6545961,6427578
272,31,1,15,6727204,6699023,6577395,6624606,6556889,6606982,6602823,6574796,6658168,6549531,6647723,6590288,6504857,6612891,6588176,6519728,6556941,6516391,6534465,6416089
273,0,1,15,6737118,6709271,6588230,6635778,6568168,6617536,6613523,6585500,6669878,6560538,6660050,6601047,6515588,6624206,6599230,6531956,6568831,6527583,6546543,6427644
274,31,1,15,6725913,6698108,6577608,6624601,6556682,6605999,6601971,6574388,6658252,6549552,6647870,6589483,6504226,6613035,6588605,6519665,6556397,6515240,6534699,6416163
275,0,1,15,6738674,6710089,6589227,6636489,6568136,6618547,6613900,6585793,6670531,6562083,6660570,6601434,6516144,6624724,6599977,6532229,6568898,6527771,6547214,6428286
276,31,1,15,6725766,6696925,6577064,6623607,6555753,6606589,6601397,6573202,6657903,6548710,6647269,6588865,6503253,6611590,6587076,6518867,6555721,6514003,6534274,6415894
277,0,1,15,6737947,6708900,6588700,6635679,6567792,6618425,6613602,6586009,6670694,6561069,6660355,6601399,6516041,6624195,6600502,6531909,6568396,6526978,6546906,6428004
278,31,1,15,6725940,6696734,6575761,6623444,6555216,6605425,6601003,6573304,6657448,6548050,6646868,6589267,6503399,6611303,6586450,6518457,6555151,6513757,6532941,6414685
279,0,1,15,6737828,6709303,6588431,6636063,6567912,6618317,6613596,6586150,6669849,6561256,6660040,6601952,6515505,6623259,6599550,6531538,6568412,6526895,6545793,6427388
280,31,1,15,6726280,6698321,6577436,6624657,6556067,6606284,6601890,6574174,6657843,6549433,6647054,6589860,6504182,6611712,6587984,6519128,6556069,6514996,6534326,6415416
281,0,1,15,6738563,6710185,6588591,6635590,6567228,6617791,6613699,6586362,6669733,6561280,6660119,6602580,6515892,6623955,6600304,6531326,6567909,6527474,6547316,6428293
282,31,1,15,6725820,6697282,6576258,6622902,6554685,6605077,6600699,6573525,6657153,6548768,6646438,6589569,6503419,6611282,6586764,6518780,6554346,6515102,6533640,6415331
283,0,1,15,6738343,6709732,6589002,6636377,6567579,6618522,6614072,6585981,6670270,6562295,6659706,6602544,6516254,6624226,6599757,6532305,6568959,6528090,6547193,6427894
284,31,1,15,6724536,6696818,6576027,6623744,6554540,6605110,6601027,6573147,6657032,6548275,6646140,6588948,6503287,6610582,6586483,6518150,6554916,6514722,6533123,6414749
285,0,1,15,6737576,6709082,6587930,6636399,6567075,6617190,6613787,6585602,6670035,6560408,6659042,6601713,6515795,6623954,6598801,6531132,6568395,6527503,6546063,6427391
286,31,1,15,6726081,6697856,6577069,6625291,6555752,6606706,6602087,6574309,6658035,6548471,6647631,6589945,6503740,6612527,6586979,6519158,6556908,6515475,6534744,6415403
287,0,1,15,6738037,6709580,6588119,6636702,6567202,6618129,6613341,6585978,6670157,6560639,6659371,6601911,6515616,6624402,6599031,6531991,6569182,6527278,6546947,6427316
288,31,1,15,6725873,6697641,6576611,6624601,6555040,6605738,6601628,6573115,6657807,6548359,6646296,6589647,6504195,6612492,6586167,6518924,6556070,6515377,6534113,6415012
289,0,1,15,6738329,6709801,6589061,6636849,6567193,6618893,6614476,6586178,6670509,6561623,6659556,6602231,6516325,6624203,6599697,6531196,6569100,6527911,6547132,6427450
290,31,1,15,6724987,6697317,6576709,6623956,6555188,6605859,6601463,6573710,6657950,6549075,6645865,6589149,6504112,6611354,6586970,6518616,6555029,6515604,6533829,6414479
291,0,1,15,6736613,6709398,6587512,6635679,6567011,6617293,6613321,6586085,6669701,6561604,6658233,6601149,6516299,6622991,6599368,6531123,6567846,6527154,6546268,6425986
292,31,1,15,6725304,6697405,6576137,6623750,6555014,6605305,6601123,6573484,6657532,6549063,6646241,6588967,6504063,6611155,6587269,6518361,6555022,6515127,6533576,6413925
293,0,1,15,6737979,6710576,6589201,6635928,6568027,6618601,6614291,6586142,6671692,6561859,6659596,6602210,6517368,6624484,6599609,6532285,6568749,6529050,6547241,6427683
294,31,1,15,6724812,6698031,6576445,6622906,6555152,6605276,6601038,6573467,6657718,6548920,6646414,6589378,6503603,6611334,6586737,6518935,6554753,6515627,6533167,6414396
295,0,1,15,6737969,6711156,6589335,6636993,6568180,6618234,6614388,6586829,6670835,6562154,6660007,6602313,6517233,6624788,6600490,6532362,6568720,6528660,6547111,6428053
296,31,1,15,6726027,6698916,6576458,6624435,6555690,6606270,6602149,6574151,6657403,6549613,6647724,6589947,6504848,6612533,6588453,6518752,6556162,6516331,6534081,6415353
297,0,1,15,6737805,6709589,6588354,6635426,6567192,6618375,6614125,6585964,6668921,6561188,6660063,6601845,6516205,6624396,6599530,6531112,6568379,6527926,6545098,6426675
298,31,1,15,6724765,6697236,6575327,6623045,6554550,6604423,6601822,6572921,6656328,6548334,6646289,6588946,6503483,6610890,6586057,6517822,6554870,6515520,6532849,6413692
299,0,1,15,6737226,6709465,6587758,6635384,6567270,6617267,6614015,6585479,6669056,6561107,6659927,6601698,6515741,6622853,6599722,6531243,6567855,6527931,6546059,6426595
300,31,1,15,6725551,6698472,6576362,6623582,6555720,6605547,6602545,6573973,6657172,6549803,6647696,6589599,6504282,6611382,6587761,6518838,6555322,6516145,6534100,6415359
301,0,1,15,6737516,6710478,6588205,6635731,6568117,6617671,6614322,6585967,6669482,6562460,6659963,6602435,6516736,6623364,6600327,6531205,6568044,6528825,6547027,6427359
302,31,1,15,6724950,6697696,6575385,6623418,6556120,6604895,6601398,6573296,6656858,6549326,6646642,6589887,6503993,6610389,6587384,6517533,6555220,6514973,6534036,6413609
303,0,1,15,6737590,6710255,6587907,6636248,6568499,6617415,6614012,6586024,6669972,6562516,6659700,6602392,6516723,6623581,6599465,6530738,6568109,6528217,6546779,6427484
304,31,1,15,6723788,6698376,6575582,6623297,6556227,6604538,6600216,6572948,6656572,6549544,6646645,6589524,6503989,6611346,6586851,6517457,6554360,6515002,6533461,6414281
305,0,1,15,6738305,6710483,6587486,6636092,6568577,6617677,6613816,6585872,6669499,6562892,6659925,6602194,6516611,6624673,6599751,6530977,6568188,6528642,6546116,6428083
306,31,1,15,6725365,6698452,6575276,6623241,6555626,6604648,6601312,6573285,6656839,6549578,6646407,6589306,6503566,6610983,6586384,6517885,6554380,6515366,6533032,6414893
307,0,1,15,6736904,6710650,6587681,6634884,6567595,6616526,6612430,6584138,6669260,6561478,6658880,6601223,6515369,6622889,6599623,6529772,6566666,6526845,6545376,6426607
308,31,1,15,6724959,6699325,6575733,6623591,6556022,6605007,6600911,6572737,6656904,6549430,6646723,6589339,6503280,6611286,6586967,6517978,6554096,6514786,6532960,6414655
309,0,1,15,6735687,6710131,6587522,6635420,6567481,6616004,6612783,6584309,6669054,6561775,6658598,6600807,6515466,6622881,6598641,6529874,6566134,6527134,6544767,6426607
310,31,1,15,6724555,6698220,6575954,6624011,6555708,6605031,6601568,6572223,6656976,6549856,6646506,6589383,6504005,6610917,6586407,6517533,6554406,6514031,6532388,6413965
311,0,1,15,6736583,6709159,6588263,6635491,6566867,6616715,6613445,6584717,6668572,6562283,6658806,6601218,6515934,6622458,6598975,6529902,6567114,6526473,6544987,6426104
312,31,1,15,6724914,6697262,6575865,6623838,6555573,6605089,6601693,6572884,6656784,6550117,6646663,6589101,6504075,6610291,6587234,6517397,6554287,6515103,6533393,6414603
313,0,1,15,6737257,6708868,6587603,6635210,6567046,6615992,6612326,6584703,6668917,6561489,6658807,6600939,6515648,6622943,6597904,6529864,6566504,6525843,6545222,6425983
314,31,1,15,6725269,6697731,6576264,6624024,6555614,6604480,6600736,6573566,6657515,6548870,6646682,6589665,6503784,6611108,6586142,6517968,6554445,6513946,6533210,6414138
315,0,1,15,6738094,6710883,6588979,6636648,6569249,6617746,6614256,6586713,6670858,6561761,6661234,6602940,6516676,6624142,6599624,6530948,6567875,6527573,6546429,6427561
316,31,1,15,6725661,6697856,6576553,6623543,6556387,6605644,6601377,6574107,6658147,6549602,6648291,6590094,6504433,6611525,6586826,6518208,6554767,6515210,6533496,6414484
317,0,1,15,6737115,6709456,6587291,6634123,6567691,6617204,6613250,6584961,6669825,6561148,6659690,6601767,6516031,6622748,6598771,6530135,6567363,6527389,6544951,6426005
318,31,1,15,6724869,6698573,6576616,6623302,6557034,6605559,6601102,6573775,6657877,6549391,6647451,6589592,6504431,6611233,6586672,6517883,6555159,6515363,6533194,6414191
319,0,1,15,6736849,6710586,6588407,6634208,6568248,6618099,6613550,6585560,6669590,6561313,6659507,6601115,6516520,6623047,6598760,6530950,6567444,6527505,6546396,6425865
320,31,1,15,6725655,6698781,6576249,6621986,6556395,6605715,6601305,6573131,6657618,6549152,6647830,6589059,6504372,6610401,6586430,6518147,6554887,6514570,6533635,6413662
321,0,1,15,6736481,6710106,6588229,6634383,6567865,6616830,6612772,6585441,6669361,6561194,6659882,6601017,6516685,6622615,6599509,6530188,6566918,6527319,6545941,6426321
322,31,1,15,6723855,6697945,6576173,6621768,6555268,6604694,6600707,6572830,6656863,6548742,6646552,6588833,6503704,6610060,6586697,6517085,6554107,6514183,6533027,6413564
323,0,1,15,6737535,6710492,6589104,6634676,6568112,6617310,6614207,6585637,6669947,6561422,6660159,6602032,6516453,6623945,6599000,6531048,6568006,6527419,6546586,6426678
324,31,1,15,6725181,6698482,6576994,6622616,6556009,6604815,6601582,6573309,6656956,6549344,6646972,6589830,6504193,6611699,6586367,6518569,6555063,6514969,6533506,6414309
325,0,1,15,6736963,6710936,6588616,6634732,6567732,6617006,6612841,6585319,6669587,6561551,6659210,6602028,6515815,6623576,6599416,6530392,6567813,6527082,6545665,6426941
326,31,1,15,6725151,6699110,6577120,6622412,6555603,6605081,6601484,6573673,6657477,6549041,6646920,6589726,6503726,6611557,6586781,6517676,6555158,6514895,6533052,6415841
327,0,1,15,6736684,6711234,6588987,6634693,6567550,6616893,6613727,6585685,6669429,6561668,6659494,6601651,6515398,6624452,6599576,6530559,6568186,6527553,6545420,6427356
328,31,1,15,6724609,6698394,6576964,6622982,6555697,6604995,6601620,6573196,6657029,6549314,6646807,6589007,6503220,6611447,6586694,6517832,6555700,6515078,6532593,6414708
329,0,1,15,6737515,6710440,6589372,6635039,6567996,6617588,6613623,6585209,6669337,6561820,6659368,6601681,6516131,6624060,6598487,6530394,6568509,6527675,6544978,6427904
330,31,1,15,6725130,6698435,6577301,6622200,6556172,6604998,6601292,6573116,6657042,6549139,6647002,6589244,6503852,6612063,6586849,6517892,6555719,6515057,6532944,6415101
331,0,1,15,6737178,6710742,6589098,6634419,6567124,6617525,6613873,6585928,6669976,6562184,6659524,6601504,6516113,6624825,6599891,6530518,6568766,6527604,6545922,6427457
332,31,1,15,6724576,6698037,6576572,6622468,6554814,6605018,6600991,6573641,6657212,6549153,6646671,6588878,6503642,6611945,6586892,6517689,6555151,6514858,6532988,6414879
333,0,1,15,6737699,6710294,6588951,6635474,6568125,6617992,6613697,6586277,6669211,6562269,6660347,6602054,6516723,6624980,6600344,6530807,6569019,6527670,6546319,6427671
334,31,1,15,6724295,6696566,6575090,6621801,6554154,6603807,6600342,6572894,6655254,6548316,6645872,6587883,6502431,6611204,6586412,6516831,6554548,6513627,6531942,6413997
335,0,1,15,6737314,6709122,6588824,6634893,6567112,6617028,6613043,6585435,6668344,6561676,6659374,6601478,6516177,6624189,6599630,6530793,6567920,6527210,6546046,6427046
336,31,1,15,6725646,6697440,6576930,6622413,6555861,6605206,6601573,6573162,6655359,6549924,6647362,6589474,6504446,6612223,6587646,6518411,6555772,6515228,6534109,6414611
337,0,1,15,6738078,6710117,6589088,6634914,6567993,6617818,6614291,6585717,6668793,6562403,6660773,6601809,6516591,6625082,6600984,6531061,6568753,6527844,6546703,6427091
338,31,1,15,6725214,6697574,6576882,6622529,6555587,6605640,6601056,6573263,6656461,6548981,6647892,6589663,6503782,6612353,6587507,6518214,6556379,6514683,6533356,6414238
339,0,1,15,6737679,6709449,6589185,6635128,6568255,6618415,6614532,6586242,6669412,6562062,6660051,6602786,6516556,6624829,6600526,6531264,6568697,6528082,6546906,6427455
340,31,1,15,6724267,6696833,6576019,6621530,6555197,6604169,6600775,6573086,6655686,6548522,6646205,6588920,6503764,6611401,6586441,6517997,6554977,6513631,6533052,6414048
341,0,1,15,6736503,6708955,6588198,6633935,6567513,6617119,6612940,6585181,6668123,6561623,6659617,6601350,6515997,6623542,6600033,6530593,6567641,6527427,6545959,6426313
342,31,1,15,6725162,6697723,6576852,6621542,6555485,6605540,6601480,6573131,6655967,6549922,6647714,6589764,6504364,6611516,6587679,6518338,6555231,6515373,6533783,6414237
343,0,1,15,6738073,6710470,6589477,6634725,6567937,6617378,6613547,6585574,6669169,6562868,6660647,6602487,6516324,6624530,6600397,6530943,6568486,6527582,6546944,6427192
344,31,1,15,6724505,6697569,6576913,6621860,6555831,6604661,6601139,6573445,6656688,6549661,6647233,6589799,6504349,6611513,6586946,6517990,6555187,6514940,6533149,6415000
345,0,1,15,6737711,6710315,6589621,6634505,6568012,6617751,6614388,6585469,6669908,6562772,6660413,6602223,6516835,6624387,6599898,6531298,6569154,6528205,6546880,6427643
346,31,1,15,6725277,6698130,6577301,6621832,6555768,6604781,6601111,6573047,6657263,6549812,6647469,6589490,6504584,6611721,6586531,6518221,6555267,6514903,6533378,6414404
347,0,1,15,6737621,6711248,6589820,6634593,6568115,6617891,6613977,6586068,6669808,6562725,6660607,6602656,6516503,6624739,6599221,6531372,6568453,6528229,6547243,6426915
348,31,1,15,6724550,6698734,6577745,6622373,6556664,6604886,6602126,6573909,6657456,6549571,6647416,6590169,6504880,6611761,6588200,6518815,6555249,6515382,6534514,6413954
349,0,1,15,6738347,6710618,6589635,6634894,6567807,6617297,6614087,6586299,6670248,6562089,6660022,6603016,6516933,6624798,6600274,6531989,6568475,6527116,6547302,6426976
350,31,1,15,6726196,6697642,6576653,6621734,6555676,6604764,6601575,6572789,6656843,6548786,6646865,6589685,6504492,6611779,6586100,6518351,6556052,6514651,6534224,6414415
351,0,1,15,6738268,6710325,6589935,6634671,6568418,6617848,6613876,6585931,6669650,6562225,6660562,6602789,6517001,6624781,6599976,6532099,6568631,6528332,6547704,6427058
352,31,1,15,6725256,6696670,6577178,6621348,6555723,6604327,6600790,6572642,6656094,6548781,6646642,6589017,6503217,6610711,6586987,6517505,6553862,6514842,6533725,6413098
353,0,1,15,6737817,6709871,6589277,6634611,6567520,6617029,6613583,6584478,6668509,6561295,6659868,6601385,6515868,6623311,6599444,6530914,6568006,6526688,6546813,6426610
354,31,1,15,6725653,6698004,6577056,6623026,6555440,6605114,6601582,6572709,6656511,6549668,6647587,6588947,6504321,6611740,6588286,6518285,6554969,6514484,6534686,6414757
355,0,1,15,6738527,6710861,6590129,6635351,6569096,6618014,6614589,6586143,6669612,6562178,6659996,6602218,6517479,6624819,6600616,6531622,6569361,6528029,6547385,6428218
356,31,1,15,6725690,6698263,6577300,6621505,6555741,6604972,6601711,6572891,6656041,6548420,6646628,6588530,6504197,6611149,6587397,6518346,6555091,6514573,6534360,6414844
357,0,1,15,6737399,6710532,6588601,6634389,6567592,6617286,6613651,6585616,6668784,6561656,6659565,6600684,6516443,6622845,6599494,6531413,6567622,6527018,6546774,6427247
358,31,1,15,6723640,6697390,6576902,6621782,6554878,6604372,6600887,6572925,6655296,6549179,6646532,6588612,6504473,6610427,6585525,6518315,6554921,6514207,6533272,6414605
359,0,1,15,6736115,6708905,6588596,6634435,6567241,6616729,6613357,6585303,6668800,6561797,6660121,6601043,6516534,6622964,6599085,6531359,6567609,6526223,6546885,6426445
360,31,1,15,6724093,6696192,6576311,6621151,6554791,6603538,6600318,6572736,6656074,6548546,6646607,6587279,6504413,6609841,6586046,6517619,6553865,6513241,6533712,6414138
361,0,1,15,6737037,6708961,6588769,6634589,6567478,6616839,6613178,6584861,6669475,6561180,6659726,6600566,6516503,6623255,6598915,6531122,6567590,6526698,6546861,6426976
362,31,1,15,6724825,6697335,6576337,6622557,6554841,6604487,6600696,6572997,6656706,6549800,6646777,6588573,6504127,6610265,6586827,6518265,6554904,6514086,6533699,6414212
363,0,1,15,6737078,6710169,6588626,6634986,6567166,6616787,6612968,6585238,6669785,6562230,6660071,6600831,6516100,6623042,6599768,6531268,6567850,6527280,6547264,6426518
364,31,1,15,6723789,6696737,6575977,6622283,6555131,6603750,6600104,6572614,6656388,6548919,6646906,6587845,6503737,6609751,6585938,6517935,6554460,6513689,6533710,6413825
365,0,1,15,6737637,6710381,6589284,6635741,6568435,6617201,6613033,6586563,6669827,6562700,6660417,6601582,6517709,6623677,6599861,6531582,6568082,6527366,6547239,6427531
366,31,1,15,6725700,6698072,6577607,6622936,6557045,6605585,6601512,6574681,6657382,6550670,6647869,6589303,6505267,6612420,6587561,6518828,6555014,6515618,6534782,6414907
367,0,1,15,6737200,6710013,6588611,6634173,6568195,6616601,6613485,6586278,6669392,6562248,6659338,6601100,6516761,6623544,6599831,6531084,6567256,6527836,6546441,6426698
368,31,1,15,6725482,6698359,6577747,6622363,6557061,6605192,6602061,6574865,6657464,6550248,6647499,6588928,6504331,6611328,6587426,6518089,6555541,6514491,6534839,6414658
369,0,1,15,6736790,6709686,6589143,6633817,6568994,6617425,6614050,6586908,6669866,6562385,6659665,6601048,6516717,6624159,6599334,6530911,6568408,6527286,6547713,6427077
370,31,1,15,6724259,6697004,6577229,6621469,6556356,6604879,6601885,6574358,6657273,6549727,6646794,6588285,6504314,6611298,6587467,6517583,6554624,6514608,6534098,6414440
371,0,1,15,6736283,6708911,6589221,6633637,6568610,6616931,6613075,6586124,6669509,6562412,6658820,6600763,6516412,6623607,6599548,6530006,6567183,6527328,6546971,6426362
372,31,1,15,6724402,6697104,6576182,6621722,6556042,6604638,6600616,6572712,6656926,6550273,6646681,6588216,6504006,6610949,6586556,6516842,6554443,6514061,6533989,6413999
373,0,1,15,6736675,6709961,6588105,6634283,6568971,6617410,6613638,6586035,6670129,6563171,6660129,6601630,6516291,6623515,6598693,6530706,6567773,6526736,6546771,6426601
374,31,1,15,6723884,6697135,6575595,6621654,6556275,6604537,6600935,6573348,6656607,6549670,6647253,6588894,6503558,6610514,6586225,6517640,6553622,6514440,6533637,6413993
375,0,1,15,6736990,6710991,6588647,6635384,6569432,6617128,6613739,6586301,6670066,6563166,6660169,6602282,6517196,6623872,6599808,6531122,6568056,6527969,6547005,6427311
376,31,1,15,6724825,6697578,6576058,6622661,6556209,6604634,6600787,6573497,6657032,6549906,6646036,6589223,6504162,6610265,6586332,6517835,6555065,6514414,6533445,6415044
377,0,1,15,6737336,6710114,6588611,6635633,6569552,6617723,6613659,6586366,6669841,6563225,6659320,6601829,6516892,6624070,6599530,6531515,6568264,6527334,6546802,6427609
378,31,1,15,6725265,6698107,6577102,6623547,6557635,6605495,6601699,6574066,6657626,6549736,6646945,6589403,6504806,6610947,6587780,6518779,6555349,6514885,6534271,6415690
379,0,1,15,6737364,6710270,6588661,6635368,6568617,6617462,6613269,6585516,6669916,6562449,6659161,6601659,6517224,6622932,6600199,6530810,6567913,6527015,6546621,6427366
380,31,1,15,6724835,6697678,6576123,6622807,6556218,6605055,6601479,6573586,6657404,6549769,6646722,6588825,6504042,6609646,6588045,6517977,6554751,6514541,6534026,6415033
381,0,1,15,6736727,6709546,6588532,6634689,6568077,6616847,6613020,6585507,6669332,6561714,6659091,6600819,6516263,6622230,6599287,6530807,6567347,6526801,6545766,6427372
382,31,1,15,6724537,6697575,6576279,6622409,6556212,6604632,6601144,6573282,6657081,6549330,6646914,6588392,6504420,6609985,6587186,6517914,6553869,6514256,6532907,6414401
383,0,1,15,6736409,6709114,6587607,6634084,6568298,6616371,6613244,6585192,6669448,6561727,6659281,6601149,6516132,6621540,6599261,6530241,6567605,6526384,6546375,6426305
384,31,1,15,6724815,6697934,6576306,6622956,6557232,6605220,6601495,6573923,6657621,6549493,6647493,6589542,6504534,6610338,6588298,6518668,6555617,6515069,6534746,6414334
385,0,1,15,6736220,6709209,6588346,6634448,6568470,6617553,6613346,6585311,6669132,6561980,6659373,6601891,6516764,6623480,6600030,6531219,6567631,6527352,6546615,6426570
386,31,1,15,6723615,6696230,6576284,6621486,6555795,6603759,6599944,6572409,6655600,6548628,6645561,6588607,6503723,6609378,6586150,6517285,6554182,6513453,6533375,6413871
387,0,1,15,6736732,6709076,6588939,6634225,6568077,6616611,6613428,6585804,6668517,6561437,6658444,6601690,6516675,6622003,6599449,6530825,6567595,6526109,6546196,6427487
388,31,1,15,6724230,6697558,6576729,6622310,6556080,6604383,6601050,6573028,6656875,6549508,6646810,6589599,6504855,6609917,6587645,6518287,6554949,6513786,6533636,6414546
389,0,1,15,6736465,6709379,6588846,6634565,6568260,6616702,6613304,6585358,6669413,6562327,6659042,6601690,6516125,6622423,6599362,6531310,6567347,6526337,6546156,6427006
390,31,1,15,6725194,6697473,6577252,6622623,6556972,6604617,6601306,6573606,6657452,6550260,6646640,6589954,6503902,6610498,6587527,6518934,6555315,6514511,6534246,6414646
391,0,1,15,6736932,6709984,6589025,6634792,6568751,6616736,6614798,6586215,6669921,6562662,6659429,6602093,6516301,6623102,6599876,6531583,6568399,6526871,6547192,6426272
392,31,1,15,6724684,6697593,6577317,6622289,6556494,6604515,6602037,6573328,6657109,6550022,6646858,6589301,6504704,6610784,6587484,6517868,6555126,6514458,6533911,6414030
393,0,1,15,6737604,6710228,6589775,6635137,6569147,6618276,6614730,6586858,6670520,6563033,6660176,6602630,6518121,6624139,6601115,6531288,6568709,6527552,6546942,6427086
394,31,1,15,6724770,6697169,6576940,6622258,6557133,6604918,6601904,6573383,6657719,6549925,6646900,6589403,6504237,6609993,6587765,6517416,6554685,6514090,6533825,6414189
395,0,1,15,6737646,6710743,6590845,6635922,6570449,6618622,6615880,6587313,6671340,6563208,6660826,6602901,6517738,6624618,6600535,6531965,6568618,6527870,6547471,6427948
396,31,1,15,6723542,6696293,6576759,6621922,6555554,6604420,6601435,6572757,6656613,6548287,6646770,6587955,6503330,6609751,6584612,6517025,6554275,6512728,6532201,6413158
397,0,1,15,6735814,6709224,6589349,6634958,6567862,6616975,6613483,6585521,6669644,6561672,6659946,6601223,6516540,6622646,6598312,6530312,6567335,6526060,6545216,6426664
398,31,1,15,6724022,6697137,6576195,6621859,6555993,6604743,6601540,6573199,6657343,6549228,6646549,6588810,6503030,6610142,6586085,6517075,6553550,6512757,6531349,6414203
399,0,1,15,6737873,6709982,6589124,6634480,6568254,6617417,6614322,6585687,6669458,6561766,6659866,6601669,6515325,6621834,6599278,6530226,6566274,6526363,6544830,6426707
400,31,1,15,6724199,6697782,6576683,6621957,6555483,6604825,6601784,6572873,6656516,6548985,6646773,6588627,6503290,6610206,6586472,6517293,6553652,6513357,6532022,6414128
401,0,1,15,6736321,6710138,6589233,6634383,6568262,6617132,6614521,6585559,6669088,6561923,6659873,6601508,6516471,6622462,6599956,6530482,6567557,6527020,6545214,6426809
402,31,1,15,6725038,6698072,6577089,6622390,6556395,6605156,6602512,6573859,6657186,6549512,6647594,6589537,6504249,6610875,6587500,6517855,6555302,6514102,6533253,6415663
403,0,1,15,6736395,6710142,6588789,6633881,6568555,6617163,6614233,6585896,6669361,6561370,6660196,6601512,6515906,6623000,6599158,6530922,6567523,6526220,6545583,6427464
404,31,1,15,6724738,6698604,6576819,6622145,6556589,6604841,6601857,6574025,6657111,6549270,6647248,6588813,6504091,6610558,6587348,6517677,6553990,6513590,6533128,6414173
405,0,1,15,6736927,6710377,6588583,6634357,6569371,6617601,6613717,6585601,6669620,6561814,6660497,6601138,6516154,6623199,6599730,6530714,6567309,6526758,6545855,6426839
406,31,1,15,6725003,6697591,6577083,6622107,6557041,6605232,6602007,6573602,6657601,6549593,6647896,6588304,6504206,6611094,6587378,6518184,6554699,6514322,6532925,6414898
407,0,1,15,6736825,6710405,6588765,6633540,6569358,6616968,6613167,6585087,6669534,6561700,6660109,6600083,6515928,6622676,6599162,6530898,6567780,6525924,6545417,6426685
408,31,1,15,6724485,6698279,6576645,6621098,6556849,6604911,6600958,6573325,6656873,6549182,6647130,6588716,6504173,6610521,6587240,6518151,6554878,6513175,6532978,6414541
409,0,1,15,6737056,6710414,6589003,6633408,6569027,6617230,6613167,6585838,6669202,6561665,6659982,6601248,6516416,6622373,6599145,6530462,6567344,6525509,6545596,6426547
410,31,1,15,6724443,6697734,6576366,6620776,6556149,6604491,6599926,6572990,6656249,6548825,6646429,6588342,6503305,6609568,6586030,6517824,6553838,6512197,6532929,6414412
411,0,1,15,6737197,6710566,6589081,6634374,6569401,6618011,6613622,6586165,6669680,6562932,6660287,6601482,6516876,6623473,6599831,6531637,6568116,6526306,6546635,6427942
412,31,1,15,6724548,6698535,6577408,6621825,6556346,6605361,6601003,6574039,6656833,6550042,6647357,6588365,6504360,6610011,6587231,6518173,6555308,6513418,6533096,6414830
413,0,1,15,6737152,6710163,6589113,6633255,6568805,6617715,6613729,6586542,6669517,6562680,6660322,6601287,6516200,6623128,6599932,6531477,6567966,6525698,6546475,6427593
414,31,1,15,6724699,6697494,6577206,6620918,6556475,6605296,6601011,6574090,6657196,6550320,6646324,6589259,6504111,6610286,6587188,6518327,6554874,6513451,6533327,6414749
415,0,1,15,6736910,6709608,6588424,6633482,6568700,6616453,6613390,6586145,6669840,6562684,6659639,6601477,6515708,6622476,6599285,6531148,6567725,6525813,6545818,6427086
416,31,1,15,6724011,6697195,6576575,6621202,6555936,6603801,6600794,6573254,6656714,6549651,6646504,6588824,6502987,6609131,6586812,6518087,6554806,6512675,6532928,6414169
417,0,1,15,6736024,6709238,6588343,6633905,6567854,6616197,6613309,6585829,6669825,6562054,6659186,6600648,6515376,6621311,6598686,6530985,6567130,6525740,6545950,6426400
418,31,1,15,6724834,6697872,6576199,6622331,6556448,6604452,6602242,6574246,6658185,6550258,6647422,6589096,6504108,6609992,6587240,6518815,6554832,6513295,6534494,6414844
419,0,1,15,6736304,6708986,6587934,6633443,6567359,6615231,6612825,6585932,6669463,6562076,6659897,6601109,6515489,6621601,6599355,6530120,6566542,6524180,6546299,6426486
420,31,1,15,6724783,6696941,6576050,6622092,6555847,6603378,6600577,6573817,6657020,6549369,6647020,6588465,6503516,6609713,6586742,6517400,6553837,6512554,6533534,6414574
421,0,1,15,6736487,6709336,6588064,6633781,6567810,6615974,6612285,6585756,6669618,6561394,6659736,6600690,6515705,6621738,6599565,6531185,6566711,6525326,6547079,6427476
422,31,1,15,6724203,6697378,6576629,6621632,6556349,6604062,6601224,6573922,6657616,6549488,6647447,6588922,6504312,6609770,6588010,6518842,6555060,6513073,6534858,6415164
423,0,1,15,6735973,6709285,6588674,6633773,6568066,6616629,6613090,6586413,6670001,6562582,6660464,6601186,6516561,6621894,6600708,6531535,6567437,6524844,6546780,6426661
424,31,1,15,6722831,6697982,6576443,6621989,6555571,6604971,6601310,6574732,6657528,6550212,6647105,6588637,6504184,6609844,6587046,6518834,6554636,6512530,6533597,6414552
425,0,1,15,6735858,6710508,6588543,6633925,6567397,6617091,6613924,6586680,6670115,6562861,6660138,6601454,6516464,6622338,6599934,6532206,6567649,6525561,6547011,6427127
426,31,1,15,6723468,6697832,6577104,6621050,6554949,6604503,6601254,6574708,6657498,6549541,6647197,6588773,6504111,6609718,6587602,6518934,6554232,6512619,6533699,6414218
427,0,1,15,6737213,6710381,6588995,6634266,6567753,6617354,6613811,6587395,6670717,6562084,6660295,6602329,6516577,6622601,6600394,6532379,6568164,6526267,6546702,6427318
428,31,1,15,6724508,6698183,6577045,6621754,6555391,6604659,6601777,6574386,6658051,6549722,6647429,6589038,6504224,6610201,6587074,6519242,6554915,6513384,6533981,6414291
429,0,1,15,6735692,6709350,6589191,6633543,6567381,6617008,6613935,6585966,6670245,6562295,6659653,6601719,6515852,6622164,6599027,6531952,6567241,6526445,6546330,6427192
430,31,1,15,6723100,6696636,6577044,6619939,6555042,6603920,6600663,6572661,6657782,6549368,6646902,6588918,6503126,6609848,6586535,6518809,6554222,6512840,6532570,6414114
431,0,1,15,6735850,6709502,6589303,6632830,6568265,6617644,6613798,6585825,6671558,6562457,6660661,6602144,6516568,6623227,6599944,6531772,6568541,6526745,6546676,6426541
432,31,1,15,6723393,6696536,6576888,6620519,6556039,6604924,6601584,6573281,6658368,6550062,6646444,6589016,6504141,6609315,6586587,6518373,6555478,6513430,6533293,6413881
433,0,1,15,6736088,6709039,6588918,6632431,6568553,6616978,6614029,6586191,6670377,6562551,6659350,6601124,6516103,6622515,6600004,6531084,6568389,6526193,6546172,6426178
434,31,1,15,6723279,6696812,6576982,6619782,6556234,6604221,6601615,6574202,6657073,6549630,6646538,6588276,6503348,6610307,6586463,6517599,6554714,6512575,6533616,6414121
435,0,1,15,6736116,6708536,6588905,6632285,6568305,6616919,6613368,6586379,6670061,6561767,6659594,6600807,6515493,6623191,6598893,6531193,6567634,6525707,6546519,6427101
436,31,1,15,6724648,6697708,6578218,6621260,6557657,6605249,6602025,6574836,6658373,6549717,6648052,6589389,6504423,6611112,6586839,6518956,6555297,6513576,6534435,6415764
437,0,1,15,6736687,6709854,6590217,6634190,6569438,6617691,6613995,6586407,6670907,6562050,6660412,6601960,6516709,6623433,6599557,6531802,6567940,6526460,6547154,6427459
438,31,1,15,6723798,6696836,6578201,6621337,6555698,6605415,6601520,6574161,6657992,6549112,6646502,6588669,6503871,6610538,6586525,6518648,6555077,6513508,6534041,6414529
439,0,1,15,6736329,6709788,6590589,6634195,6568774,6617591,6613840,6586670,6670571,6562500,6660081,6602275,6517543,6623032,6600075,6531511,6568132,6526744,6547039,6427646
440,31,1,15,6723998,6696947,6577442,6620975,6555737,6605095,6601194,6573852,6657665,6548955,6647087,6589129,6503857,6609736,6587374,6518837,6554362,6513968,6533198,6414456
441,0,1,15,6737254,6710368,6589160,6633652,6568525,6618008,6613737,6587465,6670765,6563072,6660277,6602295,6516886,6622984,6600270,6532162,6568804,6526564,6547015,6428684
442,31,1,15,6724588,6697175,6576424,6621874,6555692,6605253,6601521,6574338,6657747,6549604,6646819,6588986,6504231,6610805,6586952,6519124,6555708,6514120,6534414,6415619
443,0,1,15,6737232,6709098,6589618,6633669,6568576,6617719,6613974,6586552,6671018,6561975,6659595,6601377,6516613,6622696,6600503,6531720,6568421,6526747,6546687,6427820
444,31,1,15,6724276,6696891,6577224,6620795,6556097,6604406,6601557,6574032,6658004,6549980,6646644,6588718,6503730,6609956,6587106,6518591,6555505,6514220,6533652,6415052
445,0,1,15,6736644,6708886,6589573,6633459,6568598,6616371,6613609,6586060,6669942,6562417,6658989,6601140,6516554,6623178,6599810,6531245,6567612,6526789,6546793,6427538
446,31,1,15,6724588,6696429,6577012,6621009,6556471,6604344,6602027,6574053,6657613,6550002,6645689,6588795,6504239,6610422,6587299,6517615,6554561,6514230,6534437,6414483
447,0,1,15,6735826,6708316,6588940,6632874,6568959,6616857,6613918,6586138,6670190,6561837,6658740,6600879,6516702,6621883,6599783,6530037,6566744,6526392,6546775,6426662
448,31,1,15,6724231,6696423,6576934,6620429,6555710,6604399,6601687,6573482,6657573,6549864,6646372,6589145,6504661,6610356,6586937,6517812,6554640,6513682,6534167,6414449
449,0,1,15,6737416,6708994,6589205,6632358,6567563,6617647,6614254,6586174,6670250,6562502,6658615,6601366,6516711,6622763,6598695,6530557,6567834,6526613,6546616,6426929
450,31,1,15,6725710,6697596,6577137,6620969,6556092,6605481,6601698,6574264,6658384,6549910,6645976,6589214,6504446,6610752,6586364,6518076,6554904,6513798,6533310,6414498
451,0,1,15,6738280,6710970,6590372,6634686,6568515,6617938,6614078,6587514,6671719,6562696,6659666,6601866,6517090,6623546,6600558,6532162,6568025,6527663,6547052,6427266
452,31,1,15,6725063,6697728,6577235,6623050,6555924,6605202,6601684,6574474,6658673,6550435,6646386,6588571,6504301,6611061,6587155,6518446,6555052,6513976,6534322,6414801
453,0,1,15,6736551,6708467,6588461,6633697,6567437,6616843,6613570,6585285,6670333,6561166,6658635,6599821,6515781,6622226,6599007,6530521,6567596,6526061,6546641,6426493
454,31,1,15,6725017,6697522,6577187,6622237,6556246,6604758,6601971,6574332,6658592,6549642,6646871,6588675,6504247,6610851,6587706,6518681,6555191,6513936,6534036,6415373
455,0,1,15,6736946,6709616,6589697,6634627,6568332,6617551,6614467,6586730,6671002,6562068,6660135,6601100,6516373,6623554,6600950,6530603,6567963,6526638,6547263,6428054
456,31,1,15,6724453,6697026,6577062,6621604,6555954,6604439,6601559,6573567,6657722,6548638,6646513,6588531,6503459,6609885,6587241,6517681,6554769,6513685,6534089,6414812
457,0,1,15,6737314,6709723,6589016,6634225,6568255,6617363,6614891,6585890,6670512,6562048,6659565,6601514,6516898,6623102,6600924,6531365,6568292,6526649,6547526,6428308
458,31,1,15,6724697,6697194,6576860,6621433,6556335,6605202,6602475,6573839,6658233,6550370,6646416,6588695,6505156,6610750,6588647,6518657,6555603,6513564,6534543,6416105
459,0,1,15,6736285,6709199,6588850,6633522,6567790,6616792,6614663,6585386,6670889,6563184,6659398,6601071,6516915,6623257,6600677,6531031,6568207,6526013,6546907,6427635
460,31,1,15,6723682,6696026,6575871,6620942,6555190,6603844,6600979,6572372,6657314,6549169,6645363,6587856,6503705,6610232,6586603,6517700,6555033,6512531,6533224,6414486
461,0,1,15,6737310,6709518,6589947,6634156,6568805,6617240,6614343,6586157,6671256,6562735,6659967,6601593,6517246,6623827,6601125,6532130,6568452,6526935,6547279,6428125
462,31,1,15,6723929,6696124,6576674,6620391,6555070,6603812,6601251,6572643,6656675,6549156,6645940,6588507,6503356,6610718,6587453,6518192,6555023,6513148,6533521,6414121
463,0,1,15,6736396,6709222,6589124,6632858,6568257,6616357,6614007,6585326,6669402,6562287,6659289,6601138,6516479,6623126,6600203,6531043,6568156,6526102,6546975,6426738
464,31,1,15,6725349,6698249,6577509,6621213,6556766,6604405,6602244,6574485,6657806,6550893,6646835,6590196,6505212,6611858,6588400,6518664,6555430,6514481,6534458,6414918
465,0,1,15,6736990,6709602,6589120,6633206,6568390,6615870,6614241,6585968,6669480,6562797,6659034,6601462,6516281,6622477,6600576,6531082,6568109,6526093,6546628,6427004
466,31,1,15,6724780,6697092,6577255,6621095,6555507,6604249,6601541,6573465,6657142,6549565,6647311,6589235,6503932,6610274,6588272,6518133,6556185,6513811,6534033,6414960
467,0,1,15,6736770,6709265,6589407,6633056,6567059,6616212,6614040,6586136,6669459,6561977,6659928,6601549,6516423,6622884,6600093,6531085,6568791,6526470,6545806,6427124
468,31,1,15,6724845,6697372,6577575,6620997,6555263,6604571,6602443,6573946,6657804,6549300,6647868,6589891,6504623,6610779,6588241,6519211,6556368,6514006,6533297,6415531
469,0,1,15,6735765,6708431,6588535,6632127,6566921,6615604,6612935,6584944,6668504,6560666,6659379,6600513,6515406,6622938,6599416,6530702,6567832,6525933,6545659,6426682
470,31,1,15,6724103,6696294,6577159,6621345,6555395,6604119,6601553,6573139,6656957,6548081,6646847,6588263,6503857,6610755,6587626,6518566,6555086,6513792,6533367,6414824
471,0,1,15,6736510,6708719,6589452,6634009,6568259,6616547,6613360,6585874,6669399,6560763,6659693,6601125,6516850,6623097,6600032,6531518,6567999,6526899,6545566,6428342
472,31,1,15,6724618,6696956,6577436,6622196,6555946,6604221,6601293,6573395,6657122,6546869,6646967,6589155,6504529,6610980,6587350,6518679,6555211,6514068,6532624,6415369
473,0,1,15,6737072,6709234,6589033,6634186,6568323,6616399,6614070,6585706,6669333,6560417,6659256,6601693,6516884,6622971,6600218,6531245,6567807,6526555,6544973,6427388
474,31,1,15,6724133,6696705,6576663,6621599,6556333,6604061,6600882,6573127,6656929,6548110,6646312,6588759,6504040,6610037,6586981,6517792,6554773,6512902,6532259,6414529
475,0,1,15,6736106,6709004,6588710,6633607,6567532,6616248,6613086,6585655,6669254,6560835,6658876,6601160,6516169,6622311,6599590,6530800,6567838,6525991,6544848,6427175
476,31,1,15,6724641,6696376,6576837,6621877,6555287,6603208,6600535,6572784,6657438,6548369,6646145,6588786,6503931,6610057,6585883,6518324,6554397,6513409,6532286,6414592
477,0,1,15,6736493,6710109,6588695,6633868,6568044,6615950,6613756,6585789,6670561,6561278,6659135,6601204,6517022,6623373,6599921,6531254,6567645,6525865,6546023,6427584
478,31,1,15,6724517,6697932,6577318,6622217,6555956,6603926,6602323,6573520,6658292,6549423,6646831,6589225,6504086,6610678,6587213,6518859,6555226,6513192,6533261,6414694
479,0,1,15,6736831,6710377,6589068,6634216,6568173,6616685,6614292,6585744,6670371,6561833,6659547,6601634,6515906,6623690,6599420,6531047,6567928,6526372,6545898,6427385
480,31,1,15,6723903,6697261,6576743,6620920,6555472,6604735,6601687,6573034,6657671,6548308,6646582,6589097,6503269,6610717,6586778,6518035,6554520,6513261,6532752,6414204
481,0,1,15,6736795,6710330,6589552,6634615,6568714,6618771,6615379,6586883,6671657,6561975,6660870,6603042,6516872,6624454,6600378,6533517,6569026,6527477,6547428,6428302
482,31,1,15,6724312,6697075,6575985,6620606,6554760,6604406,6601186,6573249,6657283,6548415,6646924,6588862,6503346,6610078,6586932,6518510,6554841,6513606,6533121,6414632
483,0,1,15,6736896,6709727,6588563,6633459,6567729,6617221,6614068,6586421,6670212,6561154,6660123,6601828,6516168,6623629,6599753,6531390,6568363,6526371,6545966,6427770
484,31,1,15,6724218,6696900,6576067,6621325,6555141,6603753,6601260,6573726,6657296,6549132,6646497,6588492,6503551,6610070,6586884,6518346,6555010,6513287,6533259,6415128
485,0,1,15,6735681,6709006,6588508,6632908,6567172,6616165,6613738,6585411,6669332,6561483,6658591,6600496,6515682,6622393,6598840,6531342,6567423,6525325,6545580,6426562
486,31,1,15,6724725,6697444,6576974,6621458,6555156,6604869,6602507,6573572,6657389,6549253,6646636,6588827,6503493,6610526,6586573,6518637,6555350,6513190,6533035,6414693
487,0,1,15,6737005,6710318,6589248,6634473,6567659,6617442,6614309,6586121,6670458,6561660,6659054,6601344,6516068,6623753,6599685,6531755,6568802,6526076,6545710,6426966
488,31,1,15,6723875,6697520,6577037,6621484,6555253,6604658,6601427,6573800,6657191,6548391,6646168,6588122,6503668,6611258,6586061,6518386,6555214,6513506,6531544,6413859
489,0,1,15,6736655,6710238,6588322,6634018,6567376,6617109,6613444,6585981,6670497,6560409,6659193,6600881,6515849,6624079,6598747,6530631,6568741,6526150,6544715,6427504
490,31,1,15,6723739,6698088,6575695,6620640,6554032,6603985,6600006,6572783,6657381,6547534,6645377,6587574,6502520,6610519,6586145,6517107,6553667,6512398,6532085,6413743
491,0,1,15,6736883,6710325,6588145,6633723,6567016,6616999,6613741,6586330,6670546,6560705,6659323,6600858,6515887,6623670,6599729,6531039,6567603,6525949,6545779,6426881
492,31,1,15,6723599,6697333,6575263,6620734,6554180,6603546,6600803,6573676,6656435,6547593,6644947,6587362,6502858,6610345,6586698,6516730,6553868,6512607,6531877,6413253
493,0,1,15,6737438,6711104,6588971,6634803,6567306,6617099,6613957,6586717,6670347,6560377,6659280,6601027,6516564,6623735,6599947,6530984,6567450,6526080,6545714,6426595
494,31,1,15,6723681,6697333,6575992,6621184,6553562,6603830,6600345,6573415,6657231,6546940,6644815,6587714,6503506,6610384,6586034,6516918,6552634,6512493,6532528,6412897
495,0,1,15,6736412,6709383,6587921,6633275,6566241,6616502,6613770,6586049,6669767,6560332,6657897,6600452,6516305,6622539,6598349,6529349,6566669,6525050,6545977,6425978
496,31,1,15,6724360,6696835,6576456,6621208,6554192,6604313,6600854,6573782,6657240,6547562,6645221,6588010,6503883,6610267,6586039,6517056,6555083,6512871,6533059,6413338
497,0,1,15,6736920,6709708,6588980,6633287,6567748,6616761,6613350,6585882,6669830,6560087,6658772,6600337,6515912,6623273,6599653,6530205,6567835,6525720,6545771,6426734
498,31,1,15,6725302,6698005,6577464,6621660,6556069,6605085,6601164,6574506,6658178,6548139,6647047,6588551,6505058,6611938,6587288,6518444,6554792,6513418,6533451,6415234
499,0,1,15,6736961,6709969,6588712,6632956,6568143,6616746,6614151,6586493,6669689,6560186,6659280,6601185,6516801,6623516,6600300,6531560,6567023,6525858,6546061,6427615
500,31,1,15,6724042,6697572,6576256,6620709,6554708,6602709,6601605,6573410,6656906,6546815,6645481,6587980,6503845,6610325,6587535,6517781,6554443,6512786,6532966,6414482
501,0,1,15,6736844,6710027,6588039,6633826,6567969,6615683,6614329,6586182,6669698,6560167,6658624,6600603,6516177,6623438,6599838,6530806,6568795,6525579,6546077,6426783
502,31,1,15,6724665,6697760,6576790,6621829,6555820,6603205,6602106,6573875,6657472,6548180,6646237,6588420,6503766,6610802,6587272,6518531,6555294,6513106,6533872,6414590
503,0,1,15,6736746,6708953,6589008,6632780,6567379,6615040,6614263,6585984,6669363,6560507,6658314,6600393,6516001,6623154,6599195,6530662,6567779,6525641,6545857,6427029
504,31,1,15,6723600,6696429,6576222,6620815,6555075,6602649,6601359,6573399,6657112,6547582,6645365,6587670,6503328,6610454,6586504,6517617,6554697,6513080,6533141,6413834
505,0,1,15,6735716,6709088,6588450,6632218,6566795,6615782,6613480,6585884,6670056,6560655,6658517,6600189,6515966,6622454,6599971,6530579,6567800,6525497,6545987,6426905
506,31,1,15,6724406,6697346,6576286,6620344,6555037,6603823,6601785,6573754,6658040,6548302,6645704,6588155,6503842,6610268,6587377,6517814,6554723,6513181,6533690,6414560
507,0,1,15,6736965,6709917,6589406,6633609,6567583,6616829,6614703,6585805,6670229,6560440,6659028,6601291,6516593,6624034,6600302,6531257,6568475,6526458,6546699,6427420
508,31,1,15,6723758,6697371,6576705,6621535,6554507,6603918,6601189,6573079,6657395,6548013,6645887,6588114,6503354,6610886,6587686,6518100,6554327,6513090,6533915,6414240
509,0,1,15,6736349,6710091,6588515,6633524,6567314,6615550,6613623,6585438,6669973,6560900,6659125,6600418,6515749,6623174,6599818,6531183,6567431,6526410,6546151,6426671
510,31,1,15,6723548,6697125,6576189,6620542,6555327,6603002,6600512,6572758,6656961,6547569,6646268,6587979,6503282,6610034,6586797,6518535,6554187,6512816,6532404,6413921
511,0,1,15,6736566,6710260,6588510,6633732,6568021,6615372,6613970,6585688,6669161,6560880,6659576,6601140,6516315,6623306,6599496,6531479,6567388,6526263,6546091,6427415
512,31,1,15,6724634,6698056,6576937,6621982,6555564,6603769,6601343,6573303,6657106,6548270,6646612,6588588,6504183,6610353,6587117,6518169,6554870,6513502,6533796,6414721
513,0,1,15,6736968,6710194,6589136,6633651,6566869,6616668,6614029,6585779,6669721,6559898,6659401,6600624,6515635,6622744,6599376,6531298,6567342,6525910,6546204,6426535
514,31,1,15,6724278,6697942,6577226,6621597,6555015,6604687,6601508,6574198,6657471,6548223,6646879,6588810,6503182,6610738,6587177,6518318,6554524,6513480,6533331,6414168
515,0,1,15,6737003,6710126,6589876,6634587,6568760,6617448,6613983,6586312,6670477,6560329,6659973,6601651,6516280,6622930,6600587,6531449,6567859,6526118,6546460,6427247
516,31,1,15,6725417,6697603,6578112,6622380,6556702,6604723,6602621,6573791,6657970,6547704,6647727,6589039,6503812,6610856,6588151,6519594,6554815,6513585,6533422,6414951
517,0,1,15,6737950,6710441,6590366,6635327,6568786,6617049,6614588,6586364,6670551,6560760,6659932,6601304,6516379,6623965,6600870,6531642,6568235,6526730,6547130,6427434
518,31,1,15,6724722,6698216,6577759,6622709,6556590,6604675,6601243,6573685,6657135,6547574,6646420,6588365,6503680,6610795,6587268,6518340,6554914,6513188,6534231,6414197
519,0,1,15,6735528,6709090,6588142,6633752,6567041,6615379,6612756,6585281,6668267,6558964,6658309,6599875,6515604,6622480,6598504,6530207,6566801,6525074,6545427,6425508
520,31,1,15,6724078,6697429,6577257,6622379,6555512,6603797,6601398,6573822,6656639,6547118,6646327,6588152,6503650,6610873,6585895,6518043,6554987,6512351,6532951,6414055
521,0,1,15,6735991,6709176,6588780,6634367,6567690,6615884,6613590,6585812,6669183,6559928,6658939,6600875,6515827,6623060,6599466,6530774,6566726,6525488,6545752,6425809
522,31,1,15,6724522,6697390,6577218,6622362,6556136,6604309,6602222,6574185,6657296,6547856,6646519,6588716,6504045,6610762,6587700,6518210,6554180,6513852,6533575,6414127
523,0,1,15,6737479,6710243,6589117,6634710,6567840,6617353,6614697,6586481,6670303,6560538,6660078,6601201,6516604,6623611,6600089,6531750,6567609,6526737,6546521,6426964
524,31,1,15,6724522,6698791,6576994,6622663,6556034,6605012,6601982,6574199,6657650,6547862,6646906,6589422,6504256,6610981,6588346,6518906,6554851,6514196,6533585,6414821
525,0,1,15,6737533,6712045,6590194,6635699,6569313,6617866,6615414,6587386,6670524,6560521,6660731,6602759,6517234,6623996,6601783,6532150,6569049,6527755,6547002,6427629
526,31,1,15,6724200,6698294,6576755,6622881,6556880,6604718,6602376,6573837,6657413,6547180,6647294,6589457,6503608,6611338,6588105,6518454,6554953,6514505,6533772,6414558
527,0,1,15,6736522,6709646,6588625,6634298,6568316,6616540,6614169,6585595,6669195,6559139,6659638,6601108,6515160,6622942,6599762,6530778,6567252,6526457,6545088,6426606
528,31,1,15,6725287,6698610,6577649,6623266,6556340,6605081,6602944,6575022,6657883,6547688,6647622,6588957,6504421,6611065,6588730,6518519,6554884,6515025,6532977,6415331
529,0,1,15,6736622,6710719,6589496,6634507,6568106,6616816,6614399,6586021,6669777,6560367,6660068,6601685,6516818,6622551,6600754,6531416,6567206,6527158,6545434,6426344
530,31,1,15,6724018,6696996,6576528,6621410,6555550,6603903,6601410,6573114,6655973,6547712,6646341,6588323,6502915,6609558,6587134,6517883,6553770,6513449,6531466,6413599
531,0,1,15,6736946,6709422,6589524,6634468,6567933,6617012,6613662,6585459,6668805,6559880,6659973,6601861,6516570,6621609,6600330,6530618,6567531,6526816,6545399,6426374
532,31,1,15,6724710,6697221,6577878,6622275,6555833,6604897,6600748,6573659,6656973,6547524,6646474,6589326,6503978,6609755,6587579,6517677,6554835,6513844,6532326,6414202
533,0,1,15,6736392,6709654,6590032,6634204,6568229,6617143,6613389,6586037,6669386,6560110,6659525,6602019,6516056,6622808,6599945,6530754,6568348,6526773,6545778,6426959
534,31,1,15,6723751,6697343,6577324,6622149,6555608,6604353,6600822,6574110,6656743,6547601,6646443,6589253,6503531,6611443,6587059,6517800,6555192,6514205,6532988,6414889
535,0,1,15,6736466,6710271,6589287,6634768,6567889,6617654,6613499,6586265,6669652,6560639,6659397,6602068,6516246,6623304,6600295,6530986,6567763,6526666,6546040,6426871
536,31,1,15,6723856,6697174,6577141,6621373,6555048,6604375,6600265,6572938,6656453,6546867,6646602,6588862,6503386,6611452,6586966,6517992,6554590,6513629,6532712,6414526
537,0,1,15,6736312,6708312,6589773,6634425,6567297,6616465,6613053,6584908,6669244,6559791,6659919,6601845,6516227,6624119,6599922,6531889,6567675,6526008,6545789,6427457
538,31,1,15,6723294,6695174,6577002,6621590,6554369,6604027,6600517,6572970,6656471,6546768,6646459,6588759,6503187,6611038,6587249,6518708,6554356,6512692,6533073,6413571
539,0,1,15,6736675,6708032,6589587,6634243,6567219,6616658,6613082,6585952,6669850,6560313,6660143,6601814,6516403,6623652,6599774,6532281,6568134,6526210,6546541,6426787
540,31,1,15,6724768,6695984,6577499,6622328,6554972,6604325,6600651,6573099,6656708,6547140,6646204,6589179,6503823,6610491,6587064,6518533,6554703,6513121,6533646,6414251
541,0,1,15,6736691,6709010,6589974,6634187,6568013,6617190,6614213,6585793,6669701,6560478,6660538,6602470,6516271,6623168,6601015,6532142,6568551,6527007,6545996,6426787
542,31,1,15,6724015,6696233,6577017,6621652,6555218,6604796,6600753,6572655,6656747,6547097,6647181,6588957,6503624,6610186,6587355,6518632,6553661,6512988,6532117,6414039
543,0,1,15,6736109,6707918,6588134,6634098,6567266,6616226,6612816,6585091,6669515,6560184,6659855,6601564,6516514,6622523,6600044,6531307,6567294,6525327,6545712,6427096
544,31,1,15,6724810,6696949,6576726,6622252,6555718,6604662,6601283,6573140,6658010,6547364,6647394,6589373,6503618,6610604,6587810,6518823,6555054,6513876,6533321,6414174
545,0,1,15,6736605,6709557,6589556,6634442,6567953,6616978,6613847,6585292,6670105,6560059,6660552,6602213,6515738,6623174,6600434,6531728,6567975,6526635,6546010,6427061
546,31,1,15,6723970,6696347,6576821,6620906,6554315,6603602,6600240,6572424,6656520,6546867,6646140,6588485,6502664,6610152,6587669,6517656,6554021,6512854,6533162,6414409
547,0,1,15,6737707,6709738,6590188,6634845,6567014,6616950,6614722,6585921,6670233,6560456,6659776,6602046,6515979,6624261,6601504,6531659,6568276,6527173,6546697,6427610
548,31,1,15,6725251,6697670,6578225,6622690,6555631,6604857,6602402,6574004,6657814,6548386,6647753,6589867,6504036,6612852,6588231,6519320,6555590,6514079,6534094,6415552
549,0,1,15,6736950,6708732,6589970,6634025,6567009,6616596,6613603,6585757,6670031,6561628,6659548,6601589,6515917,6624970,6600259,6531021,6567980,6526322,6546753,6427362
550,31,1,15,6724753,6696642,6578036,6622172,6555090,6604941,6601808,6573447,6657551,6548482,6646407,6588912,6503395,6611909,6587404,6517856,6555036,6513221,6534292,6414920
551,0,1,15,6736660,6708869,6589934,6634868,6567082,6617255,6614042,6585987,6670039,6561102,6659920,6601509,6516065,6623925,6600135,6531093,6568226,6525957,6546239,6427004
552,31,1,15,6723463,6696318,6577436,6621779,6554729,6604179,6601187,6573503,6657114,6547869,6646366,6588667,6503246,6611356,6587061,6517167,6554642,6512870,6532987,6414313
553,0,1,15,6736473,6709016,6590152,6633988,6566892,6617235,6614122,6586129,6670576,6561856,6659773,6602309,6516270,6623913,6600926,6531481,6568176,6526359,6546400,6427714
554,31,1,15,6724775,6696690,6577670,6621420,6554968,6604742,6601901,6574195,6658203,6549267,6647361,6589355,6503839,6610465,6587050,6518511,6555469,6513398,6533588,6415310
555,0,1,15,6737580,6709376,6589365,6633721,6568051,6617159,6614714,6586010,6670825,6562045,6660614,6602062,6516894,6623222,6599516,6531397,6568564,6525797,6546684,6427976
556,31,1,15,6724333,6696859,6577205,6621071,6555457,6603704,6602008,6573304,6657620,6548296,6647127,6588727,6504394,6610405,6587163,6518148,6554862,6513375,6533341,6415161
557,0,1,15,6735964,6709127,6589238,6632821,6567346,6616545,6613559,6585248,6669628,6560660,6660129,6601034,6515838,6622597,6599986,6530461,6567491,6525929,6545758,6426918
558,31,1,15,6724065,6697385,6577381,6621301,6556105,6604804,6601361,6573317,6657834,6548039,6647513,6589100,6504310,6610485,6588334,6518345,6554934,6513241,6533586,6414882
559,0,1,15,6736163,6708813,6589721,6633394,6567915,6617041,6614160,6585744,6670402,6560245,6660783,6601271,6515827,6622984,6599762,6530991,6567852,6525599,6545988,6426721
560,31,1,15,6723699,6696791,6577067,6620467,6555453,6604202,6601519,6573381,6657622,6547201,6647061,6588359,6503282,6610342,6587216,6517568,6553748,6513151,6533323,6413539
561,0,1,15,6735756,6708660,6588893,6632884,6567288,6616284,6613343,6585038,6670236,6559210,6659301,6600560,6514999,6622251,6599542,6529764,6566713,6525367,6546161,6426224
562,31,1,15,6724598,6696587,6577048,6620496,6555271,6604180,6600767,6573484,6657344,6547173,6647088,6588437,6502940,6609963,6587255,6517678,6553818,6513101,6533498,6413833
563,0,1,15,6736017,6708413,6588944,6632649,6567277,6616271,6613939,6585546,6670247,6560024,6659031,6601017,6515721,6622369,6599617,6530961,6567551,6525751,6546243,6425699
564,31,1,15,6724157,6696632,6577545,6620557,6555229,6603293,6601283,6573409,6657877,6547133,6646911,6588883,6503064,6610430,6586685,6518557,6554972,6512715,6533844,6413758
565,0,1,15,6737494,6709753,6590122,6633830,6568248,6616545,6615131,6586597,6670490,6560742,6660411,6601458,6516415,6623780,6600370,6531910,6568364,6526001,6546392,6427011
566,31,1,15,6724222,6696814,6577797,6620597,6555518,6603983,6602087,6573532,6657560,6547785,6646690,6588497,6503292,6610156,6586895,6518040,6554382,6512616,6532720,6414081
567,0,1,15,6736970,6709579,6590401,6633304,6567926,6616579,6614090,6585792,6670272,6560941,6659776,6601153,6515513,6622684,6599770,6530505,6568360,6525836,6546251,6426755
568,31,1,15,6724249,6697947,6578392,6621876,6555824,6604958,6602802,6574072,6658006,6548403,6647547,6589156,6504214,6610863,6587399,6518359,6555564,6513379,6534280,6414344
569,0,1,15,6736459,6709989,6589735,6633891,6568546,6616952,6614719,6586547,6670816,6561217,6660667,6601414,6516185,6623207,6600084,6531648,6568130,6526235,6546854,6426890
570,31,1,15,6723515,6696991,6576133,6620238,6555126,6603832,6601455,6572693,6657310,6547836,6646452,6587936,6502185,6609498,6586849,6517828,6553763,6513127,6533109,6414009
571,0,1,15,6736567,6709181,6588949,6633680,6568060,6616659,6614854,6586279,6670853,6560619,6660006,6600972,6515262,6622273,6600088,6531654,6567401,6526267,6546202,6426893
572,31,1,15,6724242,6696960,6577351,6621343,6555597,6604521,6601542,6573508,6658454,6547984,6646775,6588256,6503307,6609811,6586994,6517876,6554392,6513566,6533705,6413383
573,0,1,15,6735777,6708720,6588858,6633121,6567128,6616541,6613076,6585826,6670432,6560726,6659832,6600720,6515492,6621511,6599878,6530782,6566545,6525651,6545960,6425684
574,31,1,15,6722624,6695949,6576240,6620863,6554773,6603958,6600223,6573402,6657610,6547611,6646756,6588017,6503358,6609868,6586300,6517373,6553347,6512789,6532528,6413205
575,0,1,15,6736380,6708316,6588979,6633545,6567263,6616847,6613480,6586065,6670589,6561137,6659974,6601407,6516188,6623561,6599277,6530755,6567148,6526123,6546448,6425918
576,31,1,15,6723535,6695121,6576076,6620942,6554304,6604440,6600857,6572883,6657080,6547830,6646795,6588221,6503139,6610024,6586981,6517496,6554209,6513372,6532977,6412993
577,0,1,15,6737021,6707721,6589337,6633740,6566736,6616938,6613166,6586182,6670098,6560485,6660237,6601192,6515444,6623314,6599600,6530962,6566804,6526253,6545683,6426214
578,31,1,15,6724258,6695149,6576692,6620963,6554585,6604393,6600906,6572942,6657039,6546786,6647115,6588447,6503044,6611268,6586770,6517592,6553407,6513677,6533094,6412832
579,0,1,15,6736798,6707645,6588761,6633419,6566572,6616861,6613051,6586184,6669773,6559699,6660022,6601364,6516367,6623105,6599098,6530610,6567137,6526355,6546223,6425426
580,31,1,15,6724038,6696990,6577119,6621896,6554691,6605099,6600382,6574451,6657602,6547415,6647424,6589205,6504005,6611519,6586624,6517739,6553992,6514342,6533610,6413432
581,0,1,15,6735889,6708918,6588779,6633730,6566704,6617243,6612576,6586105,6669878,6559965,6659454,6601324,6514823,6622587,6599902,6531132,6567135,6526502,6546135,6425563
582,31,1,15,6723559,6696374,6576055,6620387,6554491,6604055,6600182,6573665,6657094,6547228,6645440,6588228,6501980,6610207,6586616,6517465,6553790,6513094,6532497,6412655
583,0,1,15,6736256,6708206,6588370,6632641,6566082,6616343,6612490,6586098,6669300,6559107,6658197,6600586,6514954,6623219,6599162,6530218,6566331,6525576,6545067,6425409
584,31,1,15,6723531,6696194,6576136,6621237,6554554,6604350,6600500,6573938,6657046,6546729,6645647,6588585,6502836,6610578,6586818,6517142,6553300,6513025,6532924,6412853
585,0,1,15,6736760,6709025,6588950,6634177,6567053,6616914,6613646,6586688,6669917,6559985,6659484,6600913,6515736,6623705,6600181,6530505,6566743,6525919,6546253,6425788
586,31,1,15,6723952,6696953,6576942,6621972,6554910,6605166,6600919,6573795,6657472,6548073,6645990,6588277,6503162,6610978,6587165,6517814,6554058,6513741,6532921,6413432
587,0,1,15,6735611,6709022,6588848,6634098,6567276,6617642,6613431,6585718,6669579,6560679,6658728,6601340,6515388,6623420,6599778,6530906,6566634,6525909,6545807,6425305
588,31,1,15,6724829,6697054,6577866,6622106,6555693,6605439,6601894,6574014,6657585,6548437,6646477,6589521,6503644,6612623,6588070,6518557,6554058,6514247,6533421,6412874
589,0,1,15,6735728,6708766,6589097,6633674,6567032,6617065,6613195,6586003,6669548,6560439,6658192,6600855,6515718,6623700,6599147,6530698,6566212,6526082,6545443,6425363
590,31,1,15,6724192,6697682,6577789,6622244,6555171,6605089,6601055,6574960,6657706,6548350,6646730,6589701,6503792,6612150,6587420,6518346,6554075,6514095,6533830,6414511
591,0,1,15,6736880,6709982,6589057,6634050,6567513,6617502,6613591,6587105,6669944,6561488,6659208,6601714,6516009,6624785,6599840,6531031,6566679,6527124,6546049,6426080
592,31,1,15,6724479,6697152,6577590,6622353,6556461,6605192,6601387,6574261,6657950,6549309,6647027,6589546,6504084,6611982,6587289,6518131,6554736,6514537,6533606,6414192
593,0,1,15,6736283,6708310,6588764,6633559,6567282,6616626,6613400,6585876,6669906,6560617,6659313,6601562,6515141,6624105,6599953,6530710,6565817,6526739,6546437,6426221
594,31,1,15,6725426,6697607,6577613,6622507,6556293,6605397,6602003,6574432,6658576,6548601,6646942,6589366,6503706,6612222,6587510,6518540,6554157,6514707,6533996,6414033
595,0,1,15,6736531,6709079,6588831,6633102,6566689,6617024,6613633,6586028,6669838,6560028,6658686,6600775,6515273,6623189,6599109,6530512,6566200,6526196,6545648,6425422
596,31,1,15,6724551,6697128,6576216,6620524,6554317,6604109,6601590,6573142,6657056,6547871,6645750,6587943,6502933,6610344,6586733,6517879,6553299,6513818,6532876,6413299
597,0,1,15,6737847,6710201,6589548,6633424,6567072,6617491,6613368,6586740,6670016,6560987,6659677,6601790,6515828,6623780,6599166,6531229,6566973,6526938,6546634,6426215
598,31,1,15,6723922,6696613,6575724,6619631,6553916,6603442,6600349,6572996,6656454,6547217,6645707,6587526,6502256,6610860,6585927,6517100,6552975,6512717,6532792,6412375
599,0,1,15,6737402,6709409,6589092,6632412,6566635,6616559,6613533,6586342,6669779,6560357,6659143,6601232,6515662,6623963,6599299,6531412,6567315,6526202,6546376,6425928
600,31,1,15,6724314,6696836,6576437,6620375,6554500,6603861,6601573,6574803,6657321,6547949,6646528,6588849,6503253,6611910,6587351,6517884,6553705,6513872,6532848,6413540
601,0,1,15,6735971,6709252,6589299,6632335,6566969,6616425,6613527,6586372,6669867,6560715,6658394,6601126,6515420,6624157,6599980,6530930,6566533,6526492,6545782,6426406
602,31,1,15,6723986,6696234,6577100,6619617,6554682,6603270,6600663,6573503,6657247,6547940,6645581,6588236,6503507,6611293,6586502,6517522,6553389,6513537,6532812,6413219
603,0,1,15,6737942,6709842,6590551,6633255,6567945,6616845,6614568,6587022,6671559,6561927,6660078,6602418,6517397,6625023,6600723,6531853,6567339,6527875,6546992,6427621
604,31,1,15,6723606,6696285,6577943,6619711,6554561,6603776,6601406,6573945,6656842,6547789,6645785,6589278,6503273,6611964,6587820,6517947,6554154,6513778,6533295,6413543
605,0,1,15,6736682,6709189,6589767,6633159,6567614,6616682,6614205,6586451,6669835,6560073,6659724,6602385,6514224,6624574,6600345,6531688,6567444,6527375,6547197,6426529
606,31,1,15,6723968,6696976,6577734,6621222,6555187,6604295,6601807,6573833,6657483,6547221,6646690,6589702,6502161,6611754,6587385,6518243,6553839,6514477,6533997,6414031
607,0,1,15,6736998,6709419,6589404,6633807,6568266,6617379,6614753,6586333,6670217,6560049,6660263,6602285,6514438,6624352,6600690,6531428,6567696,6526985,6546885,6426808
608,31,1,15,6724761,6696936,6576803,6621156,6555434,6605295,6601711,6573610,6657894,6547260,6646878,6589492,6502424,6611620,6586355,6518736,6555174,6514098,6533892,6414070
609,0,1,15,6736113,6709577,6589121,6633144,6567755,6617157,6614242,6586028,6670110,6560645,6660122,6602034,6515489,6624222,6599750,6531609,6567636,6526998,6547098,6426127
610,31,1,15,6725729,6697723,6576603,6621148,6555921,6604846,6602933,6574130,6657978,6548343,6647006,6589341,6503378,6611644,6587184,6518888,6554319,6514206,6533881,6414483
611,0,1,15,6737763,6710420,6588613,6633662,6568022,6617449,6615305,6586875,6670226,6560800,6660620,6601539,6515411,6624299,6599812,6531706,6566931,6527164,6547194,6427049
612,31,1,15,6723087,6696854,6575706,6619560,6554819,6603369,6601541,6572997,6656206,6546483,6645343,6587587,6501341,6610136,6585653,6517317,6552972,6513117,6532381,6412625
613,0,1,15,6736116,6709385,6588856,6632304,6567952,6616916,6614436,6586475,6669243,6560050,6659761,6601699,6514124,6623811,6599571,6530662,6567478,6526235,6545965,6425850
614,31,1,15,6724142,6696718,6575928,6619967,6555473,6604347,6601039,6573469,6656751,6547178,6647054,6589084,6501753,6611271,6586036,6517683,6553922,6513640,6532594,6413048
615,0,1,15,6736722,6709057,6588354,6632198,6568014,6616692,6613580,6585533,6669282,6560208,6659277,6601136,6514566,6623166,6598891,6530790,6566587,6526541,6545246,6425351
616,31,1,15,6724235,6696495,6576404,6620408,6555650,6604461,6601184,6573812,6657323,6548078,6646494,6588849,6502225,6610355,6587245,6517492,6553801,6513879,6532809,6413127
617,0,1,15,6736807,6708360,6588056,6632394,6567968,6616093,6613397,6586106,6669986,6560465,6659263,6600844,6514690,6623625,6600102,6530444,6567122,6526905,6545525,6426159
618,31,1,15,6724037,6696875,6576370,6620595,6555738,6604215,6601851,6573632,6657551,6548533,6646792,6588120,6502408,6610927,6587296,6517702,6554402,6514057,6533870,6413943
619,0,1,15,6735788,6708780,6588002,6632207,6567319,6615516,6613659,6585313,6669560,6560668,6658967,6600345,6514991,6622994,6599729,6530177,6566763,6526882,6545849,6425329
620,31,1,15,6724452,6697250,6576431,6620435,6555665,6604153,6602378,6573730,6658356,6548208,6647379,6589049,6503053,6611945,6587030,6518397,6554791,6514660,6533971,6413305
621,0,1,15,6737630,6709830,6588417,6633842,6568202,6616972,6614038,6587012,6670751,6561800,6660039,6601541,6515510,6624151,6599382,6531417,6567248,6527107,6546485,6426297
622,31,1,15,6724260,6696633,6575431,6620787,6555037,6604054,6601475,6573576,6656942,6548049,6646906,6588726,6501798,6610608,6587328,6517768,6553731,6513663,6532942,6412754
623,0,1,15,6736209,6709324,6588624,6633360,6567836,6617239,6614168,6586849,6669305,6561191,6659758,6601484,6514912,6624193,6600039,6530768,6566951,6526630,6545802,6426112
624,31,1,15,6724226,6696958,6576943,6621641,6555586,6604460,6601169,6573732,6656778,6548943,6646831,6588983,6502071,6611741,6586938,6518429,6553642,6514014,6533489,6414008
625,0,1,15,6736691,6708842,6588919,6633300,6568022,6616700,6613994,6586128,6669224,6561266,6660168,6601600,6514333,6624666,6600142,6531772,6567178,6526837,6546682,6425964
626,31,1,15,6723865,6697139,6577208,6621384,6555601,6604404,6601721,6574350,6657569,6549022,6647875,6589614,6502407,6611590,6587299,6519257,6553963,6513776,6534099,6414338
627,0,1,15,6736797,6709356,6589236,6633401,6568131,6616866,6614194,6587180,6670218,6561498,6661077,6602215,6514636,6624529,6600022,6532097,6567394,6527392,6547364,6427319
628,31,1,15,6723564,6696293,6576626,6619913,6555645,6603888,6602108,6574127,6656511,6548825,6647164,6589070,6501918,6611033,6587190,6518620,6553780,6514016,6533331,6413974
629,0,1,15,6736621,6710092,6589800,6633583,6567924,6617441,6614679,6587854,6669737,6561949,6660440,6602788,6515537,6625052,6600760,6532127,6567664,6527235,6547438,6426770
630,31,1,15,6724771,6697314,6577582,6621561,6555848,6605120,6602787,6575709,6657834,6549218,6647266,6590239,6503116,6612279,6587242,6519903,6554705,6514383,6534375,6414631
631,0,1,15,6736303,6709443,6589352,6633526,6567067,6616794,6614279,6586983,6669692,6561630,6659729,6602172,6514365,6624555,6599702,6531612,6566686,6526041,6546436,6426406
632,31,1,15,6724123,6697141,6576925,6620879,6554482,6604304,6601206,6573970,6657123,6548386,6647172,6589291,6502187,6611972,6586454,6518956,6552966,6513478,6533541,6413630
633,0,1,15,6736772,6709797,6589203,6633363,6567254,6616850,6613933,6586870,6670093,6561681,6659957,6601668,6514503,6623598,6599821,6531968,6566331,6526392,6546306,6426395
634,31,1,15,6723712,6696155,6576959,6620069,6554257,6603660,6600504,6574120,6657594,6548128,6646033,6589315,6502239,6610143,6586141,6518303,6553240,6512929,6533689,6413446
635,0,1,15,6736316,6708998,6589172,6631710,6566792,6616257,6613047,6586983,6669805,6560700,6659914,6601539,6514814,6623053,6599877,6532032,6567023,6526415,6546460,6426089
636,31,1,15,6724139,6696863,6576353,6619907,6554862,6603383,6601209,6574294,6656661,6547980,6647232,6589099,6502172,6610607,6587087,6518221,6553897,6513214,6533498,6413421
637,0,1,15,6736431,6709422,6588292,6632539,6567717,6615576,6613056,6586058,6669076,6559817,6660231,6601445,6514123,6622520,6599486,6531431,6566967,6525947,6545500,6426200
638,31,1,15,6723793,6696628,6576066,6619892,6554540,6603195,6600336,6573451,6656205,6547228,6646272,6588491,6501729,6609875,6585998,6518009,6554173,6513316,6533117,6412988
639,0,1,15,6736385,6710112,6588600,6632877,6567613,6616300,6613665,6586839,6670109,6561076,6660072,6601947,6514473,6622629,6599671,6531616,6567506,6526587,6546176,6426847
640,31,1,15,6722588,6696391,6575279,6619985,6555040,6602473,6600749,6573708,6657153,6547688,6647333,6588298,6501794,6608707,6585960,6517587,6553800,6512815,6532236,6413481
641,0,1,15,6734800,6708737,6588136,6633108,6567334,6615675,6613854,6585859,6670109,6560318,6659897,6600451,6514178,6621577,6600056,6530302,6567015,6525756,6545453,6426003
642,31,1,15,6721935,6696224,6574943,6620190,6554078,6602969,6600310,6573301,6656655,6547076,6646715,6587742,6501263,6608871,6586780,6517431,6553153,6512665,6533114,6413292
643,0,1,15,6734570,6708189,6587486,6632243,6566835,6615418,6612700,6585873,6669161,6559680,6659747,6600637,6513444,6621596,6598299,6530282,6566624,6525426,6545521,6425874
644,31,1,15,6722863,6696124,6574981,6619590,6554557,6602391,6599903,6572666,6656329,6546541,6646814,6587587,6500740,6607912,6585289,6517537,6552870,6512380,6532350,6412855
645,0,1,15,6734874,6707619,6587309,6631960,6566464,6614998,6611993,6585392,6668242,6559342,6659130,6600153,6513011,6620651,6597731,6530893,6565899,6525049,6545194,6425048
646,31,1,15,6723575,6696331,6576274,6620196,6555521,6603833,6600871,6573801,6657179,6547796,6647420,6589011,6502116,6609583,6586525,6519453,6552910,6513195,6533565,6413469
647,0,1,15,6736153,6708595,6588239,6632178,6567540,6616173,6613404,6585638,6669738,6560485,6660269,6601376,6513768,6621571,6599890,6532149,6566210,6525912,6546889,6426118
648,31,1,15,6723990,6695202,6575755,6619120,6554097,6603295,6600864,6573311,6656729,6547012,6645897,6587738,6500830,6609146,6586971,6518095,6552151,6512488,6532864,6412705
649,0,1,15,6735929,6708076,6587910,6631780,6566705,6615703,6613303,6586328,6668495,6559770,6659309,6600411,6513120,6620941,6599831,6531413,6565721,6525004,6545948,6425401
650,31,1,15,6723760,6695807,6575822,6619930,6554918,6603631,6601593,6573932,6656689,6547507,6647122,6588597,6501041,6608537,6587365,6519076,6553449,6512740,6533644,6413170
651,0,1,15,6735200,6708320,6588042,6632197,6566738,6616305,6613869,6586215,6669540,6560913,6659293,6600902,6513820,6622321,6600101,6531551,6566346,6525667,6546329,6425986
652,31,1,15,6722826,6695342,6575508,6619416,6553891,6603382,6600976,6572786,6656442,6547586,6645772,6587836,6501188,6609057,6586370,6518069,6552129,6511801,6532834,6412954
653,0,1,15,6735350,6707496,6587751,6631612,6566434,6615608,6613057,6584931,6669088,6559728,6658656,6600136,6513706,6621880,6598988,6530359,6564819,6524521,6545371,6425344
654,31,1,15,6723109,6696200,6576643,6621033,6555878,6604351,6601311,6573105,6657242,6548221,6646442,6588586,6502656,6611037,6587027,6518500,6552681,6513345,6533616,6414072
655,0,1,15,6735514,6708067,6588184,6633359,6568247,6615966,6613158,6585817,6668873,6560795,6658538,6600962,6514544,6623169,6598918,6530877,6565671,6525813,6546048,6426331
656,31,1,15,6724475,6696212,6576075,6621608,6556099,6604287,6601771,6573478,6657043,6548567,6645908,6588809,6502540,6610396,6586884,6518605,6552767,6512519,6533364,6414204
657,0,1,15,6737632,6708711,6588386,6633641,6567853,6616737,6613751,6586105,6669522,6561281,6659777,6602159,6515300,6623026,6599991,6531448,6566263,6526029,6546425,6426188
658,31,1,15,6724674,6696245,6576379,6621094,6555262,6603416,6600858,6573462,6656412,6548586,6646349,6588649,6502413,6610382,6587210,6518453,6553310,6512848,6533356,6413100
659,0,1,15,6736534,6709088,6588564,6633196,6567428,6616748,6613191,6585743,6669886,6561549,6659690,6601788,6514969,6623122,6599837,6530577,6565629,6525770,6545714,6425974
660,31,1,15,6723138,6696050,6575888,6618970,6554157,6603226,6600262,6572314,6656115,6547834,6645840,6588019,6501640,6609630,6585707,6516981,6552086,6512265,6531787,6412666
661,0,1,15,6736181,6708530,6588127,6631062,6566437,6615805,6613271,6585102,6669072,6560668,6658376,6600955,6514605,6622120,6598902,6530503,6566243,6525254,6544694,6425044
662,31,1,15,6723740,6696494,6576225,6619325,6554589,6603769,6600902,6573171,6656847,6548322,6646542,6588616,6502267,6610100,6586321,6518254,6553348,6512708,6532660,6413617
663,0,1,15,6737020,6709151,6589201,6632252,6567580,6616151,6613511,6586101,6670157,6561160,6659242,6601491,6514690,6622781,6599816,6531124,6566290,6525967,6545681,6426583
664,31,1,15,6723706,6695861,6575628,6619663,6554735,6602118,6600256,6572458,6655601,6547459,6645732,6587868,6501575,6609673,6585535,6517187,6552390,6512248,6531627,6413202
665,0,1,15,6734895,6707595,6587322,6631886,6566167,6614648,6612545,6584943,6667872,6560197,6658184,6600119,6513489,6621964,6598573,6530071,6565553,6525244,6543990,6424959
666,31,1,15,6723351,6695321,6575499,6619475,6554707,6601985,6599954,6572202,6654924,6547434,6645146,6587579,6501503,6608953,6586439,6517577,6552819,6512201,6531053,6413031
667,0,1,15,6736236,6709524,6588644,6632433,6567734,6615738,6613114,6585665,6668641,6561309,6659426,6601066,6515230,6622731,6599731,6531514,6566401,6525976,6545319,6426073
668,31,1,15,6723257,6696616,6576653,6619962,6554793,6602848,6599886,6572914,6655665,6547954,6646162,6587964,6501750,6609408,6584862,6518707,6552639,6512803,6532835,6413688
669,0,1,15,6736106,6708765,6588268,6632446,6567280,6616096,6612709,6585909,6667965,6560595,6659346,6600953,6514950,6622812,6598518,6531234,6565953,6525026,6545939,6426553
670,31,1,15,6724015,6695753,6576565,6620565,6554779,6602866,6600945,6573326,6655280,6548633,6645667,6588406,6502430,6609485,6586702,6517906,6552899,6512017,6533345,6413223
671,0,1,15,6736912,6708996,6589308,6633503,6568303,6616208,6614703,6586136,6669399,6562157,6659933,6601336,6515600,6623160,6599610,6531567,6566674,6526501,6546825,6426527
672,31,1,15,6724084,6696835,6576785,6621135,6555605,6603863,6601405,6573779,6656671,6549655,6646631,6588783,6503258,6610337,6587720,6518682,6553796,6513420,6533889,6414026
673,0,1,15,6736306,6708728,6588587,6633491,6567556,6616203,6613393,6585906,6669546,6562291,6659292,6601165,6515987,6622045,6600195,6531775,6566766,6526749,6546379,6425575
674,31,1,15,6723928,6695894,6575731,6620579,6554464,6603466,6599999,6572827,6656349,6548903,6645501,6588106,6502393,6609438,6586298,6518003,6553605,6513177,6532560,6412779
675,0,1,15,6736262,6708969,6588214,6632294,6567443,6615971,6613501,6585408,6669224,6561828,6659121,6600768,6515162,6622122,6598679,6530897,6566146,6526663,6546062,6425214
676,31,1,15,6723476,6696766,6575907,6620122,6555070,6603329,6600685,6572592,6656053,6548461,6645382,6588426,6501774,6609638,6585875,6517435,6553297,6513223,6533363,6412786
677,0,1,15,6735495,6708285,6587926,6631417,6567243,6615837,6612695,6584718,6667770,6560523,6658119,6600583,6513906,6621410,6597727,6529981,6565820,6525389,6545265,6424938
678,31,1,15,6723323,6696616,6576107,6619782,6554498,6603619,6600944,6573048,6655664,6548723,6645888,6588713,6502074,6609636,6585497,6517806,6553360,6512805,6533031,6413343
679,0,1,15,6736019,6709189,6587978,6632756,6566704,6616407,6613748,6585865,6668483,6561964,6658989,6600986,6514424,6622251,6598584,6530779,6566247,6525902,6545973,6426404
680,31,1,15,6723456,6697011,6576638,6619710,6555605,6603625,6601887,6572840,6655722,6549083,6645827,6588253,6502279,6609594,6586857,6518708,6553128,6513730,6533272,6413647
681,0,1,15,6735430,6708506,6588855,6632023,6566816,6615017,6613169,6584787,6667804,6560641,6657727,6600288,6514794,6621304,6597932,6531015,6566158,6526231,6545760,6426316
682,31,1,15,6722805,6696281,6577083,6619969,6554984,6603213,6600595,6573419,6656028,6548475,6645876,6588419,6502650,6609002,6586128,6518645,6553491,6513640,6532818,6414330
683,0,1,15,6735395,6708423,6589050,6632395,6567138,6615801,6613371,6586399,6668691,6560990,6658596,6600840,6514838,6621544,6598488,6531213,6566345,6526131,6545372,6427023
684,31,1,15,6723638,6696570,6577335,6620883,6555122,6604080,6601062,6573849,6656258,6548864,6646284,6589077,6503610,6609680,6586878,6518739,6553673,6513540,6532645,6414471
685,0,1,15,6735666,6709006,6588912,6633748,6567504,6617001,6613867,6586688,6668913,6561711,6659191,6601431,6515685,6623754,6598335,6531794,6566433,6526242,6546120,6427054
686,31,1,15,6723040,6696317,6576238,6619747,6554555,6604152,6600987,6574067,6656394,6548981,6645740,6588506,6502922,6610570,6585264,6518502,6553069,6513043,6532904,6414212
687,0,1,15,6736067,6709276,6589465,6632397,6567420,6616980,6613664,6586577,6669189,6562459,6659936,6601417,6515998,6622797,6598458,6532036,6567076,6526168,6545978,6427369
688,31,1,15,6724490,6697115,6576949,6620633,6555319,6604532,6601621,6574048,6657261,6549462,6647052,6588656,6503983,6610909,6586674,6519509,6554290,6513813,6533169,6414843
689,0,1,15,6736147,6709128,6588393,6632410,6567618,6617098,6613657,6586505,6669225,6561781,6660008,6600816,6516531,6623520,6599199,6531579,6567036,6526163,6546135,6427390
690,31,1,15,6723236,6697109,6577168,6620643,6555209,6604783,6601112,6574294,6656374,6549364,6646529,6588135,6503791,6611371,6586187,6518129,6554130,6513442,6533960,6414896
691,0,1,15,6736185,6709851,6589546,6633166,6568281,6617172,6613939,6586991,6669792,6561770,6659569,6601111,6516696,6624392,6599063,6531219,6567586,6527048,6547543,6427765
692,31,1,15,6724015,6697372,6577314,6620906,6556143,6604586,6601612,6574117,6657254,6549143,6646586,6588672,6504332,6610497,6585989,6518412,6554543,6514008,6535064,6415674
693,0,1,15,6736550,6709412,6589951,6633175,6568224,6617186,6613924,6586428,6669885,6562106,6659463,6601299,6516441,6623286,6599823,6531354,6567019,6526269,6547787,6427354
694,31,1,15,6724462,6697537,6577468,6620422,6555878,6604754,6601729,6573624,6657546,6549488,6646960,6588822,6504301,6611317,6586957,6518536,6554681,6513939,6534557,6414984
695,0,1,15,6735394,6708888,6588318,6631776,6567044,6616556,6613638,6585917,6668873,6561446,6658401,6600129,6515737,6622359,6599271,6529706,6566762,6526233,6546434,6426683
696,31,1,15,6723049,6696343,6576364,6619980,6555091,6603980,6601162,6573924,6656290,6548324,6645933,6587595,6503787,6610456,6586122,6516955,6553802,6513798,6532800,6413958
697,0,1,15,6735473,6709651,6588982,6632843,6567599,6617307,6614134,6586594,6669615,6561444,6659082,6601092,6516375,6623212,6599342,6530563,6567201,6527323,6545728,6426377
698,31,1,15,6723402,6696936,6575997,6619999,6555244,6604470,6600939,6573939,6655965,6548761,6646142,6587588,6504062,6610439,6587013,6517228,6554453,6513443,6533338,6413125
699,0,1,15,6735782,6709049,6588248,6632327,6567829,6616645,6613368,6586158,6668645,6560959,6658968,6600150,6516316,6623631,6598781,6529736,6567514,6525662,6546449,6425962
700,31,1,15,6724744,6697105,6576084,6620551,6556086,6605126,6601496,6574486,6656721,6549078,6646046,6587973,6503883,6610781,6586190,6517545,6554248,6513260,6534008,6413830
701,0,1,15,6736694,6709224,6587889,6632425,6567814,6617227,6613797,6585950,6668595,6561254,6658638,6600370,6516104,6623196,6599513,6530698,6566514,6525569,6546064,6425765
702,31,1,15,6724266,6696854,6575968,6620642,6555529,6605052,6601409,6573937,6656951,6549142,6646625,6588192,6504238,6611857,6586694,6517781,6554282,6513772,6533780,6414507
703,0,1,15,6736358,6709056,6588027,6632154,6567482,6616827,6613564,6585784,6669375,6561353,6659361,6600319,6516427,6623677,6599042,6530584,6566945,6525874,6546292,6426598
704,31,1,15,6723861,6696867,6576066,6620301,6554992,6603666,6600765,6573082,6656917,6548270,6646393,6588129,6503521,6610482,6586242,6518157,6553738,6513952,6533380,6413802
705,0,1,15,6735843,6708918,6588308,6632280,6566782,6616008,6613607,6585488,6669307,6560259,6658744,6600342,6515920,6623184,6598777,6530725,6566548,6526627,6545785,6426533
706,31,1,15,6723180,6696260,6575519,6619015,6554452,6602989,6600451,6572759,6656307,6547210,6645381,6586919,6503062,6609489,6585359,6517410,6553529,6513683,6533004,6413390
707,0,1,15,6736732,6709252,6588590,6632137,6567870,6615782,6613800,6585691,6669925,6560419,6659058,6600157,6515990,6623644,6599303,6531283,6567482,6527006,6546109,6426660
708,31,1,15,6723854,6696916,6576554,6620280,6556069,6604164,6601280,6573426,6657164,6548208,6646274,6587883,6503627,6611130,6586116,6518590,6554757,6513949,6533328,6414436
709,0,1,15,6735601,6708297,6587165,6632636,6566623,6616354,6613185,6585307,6669585,6560267,6658988,6599842,6515669,6622178,6598293,6530280,6566710,6525754,6545307,6426062
710,31,1,15,6724379,6696347,6576196,6620710,6554835,6603585,6601627,6573660,6657159,6548971,6645968,6587643,6503517,6609772,6586541,6517818,6553835,6512981,6532420,6413772
711,0,1,15,6736606,6708438,6587219,6632645,6566911,6615567,6613704,6585790,6669097,6561364,6658482,6599561,6515133,6622646,6598720,6530257,6566872,6525674,6545171,6426778
712,31,1,15,6723817,6696064,6575221,6619608,6554242,6603110,6601322,6572796,6656415,6548083,6644340,6586811,6502954,6609793,6585468,6516784,6552961,6512365,6532098,6413532
713,0,1,15,6737787,6709292,6588522,6632320,6567758,6616782,6614805,6586324,6669862,6561781,6658390,6600449,6516489,6623339,6599083,6531051,6566967,6526536,6546362,6426530
714,31,1,15,6724080,6696043,6575605,6619211,6554908,6604206,6601884,6573407,6657482,6548692,6645635,6587273,6503626,6609841,6585862,6518170,6552662,6513497,6533797,6413958
715,0,1,15,6736923,6708297,6587983,6632140,6567330,6616492,6613626,6585922,6669845,6561906,6658160,6600035,6515643,6622005,6598591,6530915,6566046,6526007,6546641,6425805
716,31,1,15,6724588,6696934,6575994,6620303,6555187,6603792,6600979,6573587,6657305,6548974,6645338,6588273,6503684,6609636,6585733,6518196,6552720,6513427,6533820,6413475
717,0,1,15,6736533,6709221,6588280,6632832,6567557,6616539,6613684,6586245,6670028,6561156,6658343,6601097,6516136,6622937,6599910,6531127,6566305,6526668,6546569,6426324
718,31,1,15,6724042,6697751,6576588,6620948,6555839,6604152,6601456,6573582,6657554,6548888,6646213,6588958,6503959,6610936,6587331,6519136,6553792,6513966,6533550,6414561
719,0,1,15,6735700,6709453,6588320,6632758,6567631,6616307,6613459,6585833,6669816,6561329,6658643,6601215,6516230,6623303,6599082,6531735,6566055,6526219,6546497,6426966
720,31,1,15,6722693,6696594,6575623,6619584,6554643,6603120,6600181,6573115,6656307,6548108,6644715,6587883,6503056,6610093,6585684,6517813,6553140,6512513,6532947,6413444
721,0,1,15,6735959,6708816,6588617,6631716,6567412,6615215,6613240,6585744,6668989,6560558,6657666,6600377,6515488,6623145,6599237,6530886,6565674,6525873,6546090,6425981
722,31,1,15,6724172,6697197,6576833,6620468,6555778,6603669,6601480,6573548,6657711,6547988,6645648,6588229,6503332,6610585,6586965,6518510,6553627,6512937,6533810,6413969
723,0,1,15,6736042,6708355,6588342,6632689,6566976,6615071,6614026,6585723,6669375,6559859,6657902,6600087,6515399,6622714,6599096,6530925,6565508,6525891,6545821,6426383
724,31,1,15,6723351,6696358,6576280,6620814,6554718,6603069,6601203,6573727,6656472,6548051,6645243,6588252,6503404,6610472,6586671,6517956,6553233,6513476,6533210,6414212
725,0,1,15,6736556,6707828,6588692,6632420,6567171,6614903,6613685,6585687,6669263,6560754,6658680,6600775,6515039,6622607,6599127,6531286,6566109,6526458,6546155,6426136
726,31,1,15,6724690,6695752,6577510,6619610,6555657,6603456,6600866,6573487,6656490,6548017,6646497,6588650,6503293,6610993,6587536,6518494,6553692,6513731,6533612,6414319
727,0,1,15,6736829,6708582,6588942,6632552,6568132,6615815,6613003,6585741,6668877,6560573,6658968,6600825,6515924,6623628,6600304,6531635,6566767,6527062,6546116,6427186
728,31,1,15,6724029,6695788,6576391,6621005,6556027,6603317,6600911,6572963,6655986,6547564,6645930,6588349,6503348,6610732,6586285,6518599,6553913,6514055,6533731,6414418
729,0,1,15,6736920,6709256,6589495,6633430,6568295,6616421,6614047,6585384,6669528,6561253,6659378,6601415,6515934,6623032,6600100,6531731,6567561,6526960,6547209,6427648
730,31,1,15,6724411,6697158,6576932,6620402,6556002,6603915,6601608,6573015,6656473,6548320,6646367,6588836,6503935,6610932,6587123,6518323,6554069,6514398,6534185,6415048
731,0,1,15,6736654,6708752,6588416,6631933,6567563,6615465,6613124,6585625,6668334,6560255,6659141,6601362,6515632,6622765,6599338,6530574,6566159,6526567,6546720,6427141
732,31,1,15,6724817,6697734,6577846,6620442,6556185,6603470,6602439,6573627,6656814,6548203,6646793,6589342,6503199,6610672,6587339,6518703,6553723,6515086,6534536,6415101
733,0,1,15,6736975,6709812,6589262,6633162,6568326,6616533,6614461,6586249,6670397,6561429,6660746,6601652,6516721,6623350,6599901,6531833,6567804,6527548,6546974,6428019
734,31,1,15,6724540,6697347,6577373,6620726,6556188,6604071,6602080,6574214,6657076,6548884,6647401,6589382,6504445,6611012,6587774,6518981,6554670,6515142,6534401,6415585
735,0,1,15,6736206,6708970,6589164,6633243,6567188,6616233,6614053,6585627,6668893,6560726,6659280,6601535,6516523,6622943,6599896,6531779,6566694,6527188,6546773,6428332
736,31,1,15,6723415,6696867,6577278,6621186,6555864,6604061,6601849,6573656,6657113,6548407,6646422,6588970,6503520,6610697,6587354,6519176,6553994,6513930,6533752,6415971
737,0,1,15,6736632,6708541,6589017,6633833,6569087,6616386,6614218,6586532,6670068,6561830,6659580,6601132,6516532,6622606,6599446,6531160,6567772,6526607,6546217,6428127
738,31,1,15,6724353,6697242,6576461,6620513,6556913,6604058,6601403,6573306,6657502,6548919,6646432,6588522,6503568,6609980,6587895,6518318,6554781,6514322,6533347,6415740
739,0,1,15,6736531,6709389,6588964,6632730,6568159,6616062,6613535,6585395,6669327,6561232,6658832,6600805,6515639,6623094,6599447,6531073,6567235,6526761,6546124,6427521
740,31,1,15,6724624,6697914,6577420,6621422,6556616,6604464,6602365,6573927,6657188,6549593,6646792,6588984,6504464,6611118,6587360,6519076,6554549,6515098,6533958,6415684
741,0,1,15,6735440,6709623,6589605,6633384,6568208,6616101,6613451,6585916,6669561,6561032,6658364,6601366,6516222,6623491,6599361,6531465,6566879,6526545,6545990,6427290
742,31,1,15,6723355,6698075,6576944,6621317,6556114,6603914,6601936,6573894,6657815,6548886,6645928,6589179,6504224,6611530,6587123,6518461,6554187,6513965,6533694,6414999
743,0,1,15,6736133,6709424,6588956,6634003,6568272,6616427,6613818,6586360,6670295,6561138,6659151,6602068,6516576,6623768,6599925,6531204,6567743,6526346,6546876,6426978
744,31,1,15,6723462,6697810,6577464,6621586,6556402,6604059,6600920,6573805,6657349,6548155,6645773,6588652,6504053,6610705,6586617,6517823,6553891,6513951,6533913,6414362
745,0,1,15,6737218,6710004,6589948,6634400,6568504,6615574,6613178,6585983,6669759,6560357,6658668,6601189,6516442,6623219,6598854,6531102,6567237,6526946,6546719,6427672
746,31,1,15,6725740,6697622,6577742,6621795,6556047,6603147,6601524,6574024,6657274,6547431,6646138,6588697,6504220,6610627,6587116,6517985,6553721,6514324,6534135,6415133
747,0,1,15,6736412,6709059,6589232,6633318,6566908,6614384,6613091,6584901,6668565,6559393,6658320,6600484,6516093,6621566,6598279,6530258,6566089,6525913,6545446,6426788
748,31,1,15,6724189,6697661,6577416,6621661,6555819,6602821,6600389,6573660,6656979,6547758,6646779,6588668,6503721,6610601,6587154,6518273,6554200,6513729,6534117,6415090
749,0,1,15,6735885,6709378,6589335,6633548,6567664,6615667,6612522,6585502,6669140,6559740,6659247,6601041,6515864,6623159,6599583,6529927,6566974,6526020,6546056,6427100
750,31,1,15,6723361,6698016,6576690,6621333,6555568,6602899,6600341,6572968,6657078,6547300,6646545,6588631,6503213,6610823,6585843,6516866,6553890,6513057,6533156,6414703
751,0,1,15,6736044,6710621,6589369,6633472,6567206,6616147,6612904,6586000,6669665,6560093,6660172,6600554,6515270,6624279,6599137,6530393,6567042,6526439,6545620,6427417
752,31,1,15,6724668,6698999,6578062,6622020,6555592,6604346,6602004,6574294,6657795,6547810,6647230,6589010,6503685,6611197,6587168,6519045,6554828,6514684,6533521,6415881
753,0,1,15,6735721,6709817,6588760,6632997,6566721,6615253,6613208,6585197,6669292,6559366,6658718,6600646,6515027,6622070,6598589,6529902,6565693,6526554,6545446,6426553
754,31,1,15,6723985,6697024,6576640,6619998,6554747,6603016,6600893,6572712,6656306,6546560,6646060,6588096,6501768,6611127,6586047,6517254,6552739,6513698,6532365,6413506
755,0,1,15,6736646,6709337,6589023,6632775,6567603,6615787,6613380,6585328,6668844,6559347,6658885,6600999,6514252,6624192,6599835,6530745,6566550,6526506,6545926,6425485
756,31,1,15,6723667,6696548,6576725,6620653,6555465,6603122,6601192,6572831,6656779,6546624,6645731,6588832,6502573,6610874,6586894,6517821,6552753,6513018,6532831,6412829
757,0,1,15,6737100,6709110,6589337,6633386,6568337,6615795,6614736,6585970,6669750,6560285,6658876,6602039,6515121,6624160,6599567,6531519,6566137,6525767,6546079,6426605
758,31,1,15,6723831,6696967,6576925,6620461,6555408,6603355,6601271,6572900,6657144,6547052,6645150,6588670,6502366,6610413,6586548,6517976,6553127,6512859,6533173,6412405
759,0,1,15,6736670,6709430,6589153,6632718,6567315,6616048,6613410,6585728,6669097,6560210,6658156,6601413,6515140,6623305,6599234,6530458,6565998,6526014,6545897,6424717
760,31,1,15,6724250,6696968,6577051,6620957,6555100,6603517,6600794,6573369,6655840,6548087,6645028,6588743,6502276,6609652,6586067,6517562,6553451,6513738,6532367,6411949
761,0,1,15,6736481,6709123,6589250,6633599,6567991,6616533,6614122,6586113,6669395,6561107,6659028,6601642,6515502,6622826,6598856,6531645,6567257,6527368,6546251,6425987
762,31,1,15,6725020,6697132,6577959,6622074,6556138,6604792,6602667,6574409,6657345,6549204,6647204,6589499,6504081,6611556,6586879,6518745,6555083,6514978,6534267,6414304
763,0,1,15,6737611,6709660,6589782,6633767,6567931,6616687,6615049,6586418,6669758,6561899,6660233,6602083,6516690,6623874,6599284,6531293,6567954,6527131,6547318,6426338
764,31,1,15,6725059,6696535,6576793,6620861,6555604,6604078,6601859,6573458,6656823,6548330,6646636,6588838,6504065,6611154,6586268,6517463,6554269,6513794,6534105,6413483
765,0,1,15,6737323,6709019,6589635,6633342,6567982,6616326,6614779,6586247,6669778,6561841,6659417,6601604,6516083,6622737,6599343,6530495,6567219,6526930,6546951,6425599
766,31,1,15,6725171,6695926,6576118,6620997,6556026,6603578,6601620,6573283,6656575,6548748,6645575,6588759,6502979,6610770,6585528,6517465,6554058,6514203,6533298,6413385
767,0,1,15,6736959,6707936,6588600,6632598,6568440,6615675,6613959,6585338,6669664,6560503,6658385,6601415,6516284,6622459,6597707,6530426,6566519,6526107,6545614,6425744
768,31,1,15,6724786,6696476,6576879,6620409,6556619,6603873,6602135,6573432,6657360,6548327,6645920,6589698,6504295,6609915,6586912,6518191,6553827,6513880,6533403,6413365
769,0,1,15,6736682,6708441,6588885,6632831,6567907,6615513,6614502,6586475,6669531,6561251,6659140,6602213,6516286,6622871,6599501,6530381,6567027,6526670,6546455,6426337
770,31,1,15,6724567,6696128,6576282,6620447,6555597,6603466,6602329,6572791,6656375,6547805,6645573,6589252,6503757,6611090,6586561,6516875,6553448,6513313,6533154,6413907
771,0,1,15,6736081,6708450,6588328,6633063,6567928,6615568,6614457,6585828,6669186,6560837,6658452,6601733,6515899,6622419,6598500,6529789,6566171,6526738,6545900,6426480
772,31,1,15,6724646,6696238,6576200,6621427,6555666,6603089,6601481,6573648,6657009,6547209,6646013,6588940,6503621,6609591,6585752,6517182,6553263,6512917,6532389,6413900
773,0,1,15,6737167,6708700,6588430,6633601,6567887,6615027,6614036,6586380,6669446,6560301,6658777,6600962,6516155,6621888,6599016,6530446,6566322,6525546,6545214,6426818
774,31,1,15,6724541,6696675,6576504,6621178,6555744,6602868,6602646,6574166,6657130,6547785,6645905,6588965,6504249,6610301,6587105,6517861,6554525,6514011,6533302,6414103
775,0,1,15,6736909,6708831,6588702,6633566,6568113,6616057,6615150,6585968,6669603,6560509,6659260,6601899,6516510,6623760,6600589,6530561,6567735,6526480,6546480,6427087
776,31,1,15,6724772,6696897,6576832,6621885,6555898,6603940,6602660,6574204,6657332,6548561,6646608,6589742,6504189,6611240,6587820,6518256,6554709,6513710,6534197,6415215
777,0,1,15,6737364,6710245,6589967,6634389,6568625,6616155,6615841,6587321,6670086,6561358,6659850,6603034,6516972,6623233,6600703,6531417,6568167,6527737,6547432,6428073
778,31,1,15,6724619,6697920,6577409,6622112,6556212,6603870,6602651,6573599,6657201,6548702,6646315,6589876,6504555,6610959,6587078,6518202,6554773,6514642,6533422,6415345
779,0,1,15,6736644,6710086,6589028,6633758,6568778,6616440,6614866,6585653,6669640,6561278,6659054,6601946,6516060,6623172,6599575,6530746,6567290,6527104,6545360,6427609
780,31,1,15,6723727,6697602,6576408,6620755,6555506,6604037,6602004,6572206,6656607,6548507,6645749,6588834,6503230,6610222,6586659,6517354,6553639,6513206,6532687,6414491
781,0,1,15,6737074,6709677,6589128,6633479,6567582,6616319,6615115,6586062,6670336,6560848,6659633,6601517,6516303,6623809,6599504,6530872,6567031,6526829,6546781,6426911
782,31,1,15,6723844,6696476,6575914,6619832,6554538,6603394,6602189,6572578,6657035,6547563,6646389,6587951,6503241,6610179,6586335,6517746,6553114,6513301,6533105,6413782
783,0,1,15,6736728,6708845,6588867,6632689,6567537,6616300,6614738,6585677,6669738,6560956,6659430,6600907,6515548,6623735,6599410,6530786,6567000,6526405,6546054,6427536
784,31,1,15,6724330,6696798,6577083,6620694,6555787,6604140,6602203,6573743,6657659,6549227,6646562,6588317,6503114,6611272,6587301,6517791,6554192,6513948,6533465,6414840
785,0,1,15,6736352,6708690,6589628,6633133,6568360,6616774,6615105,6586161,6669939,6561133,6659199,6601109,6515283,6623257,6600248,6531011,6566733,6526823,6546237,6427499
786,31,1,15,6725395,6697040,6577461,6621908,6556336,6604529,6602784,6573590,6657362,6548601,6646638,6588729,6503653,6611258,6586953,6519070,6553863,6514410,6533371,6415641
787,0,1,15,6736852,6709310,6589307,6633973,6568225,6616843,6614483,6586258,6670332,6561417,6659822,6601256,6516100,6622751,6598906,6531330,6566637,6526851,6545409,6426998
788,31,1,15,6724503,6696544,6577035,6622089,6555678,6603371,6602145,6573419,6657683,6548356,6646375,6588774,6502725,6610045,6585910,6517999,6553947,6513857,6532265,6413942
789,0,1,15,6736968,6708909,6589198,6634113,6568146,6616204,6615125,6586156,6670308,6561418,6659386,6601215,6515490,6622531,6598478,6530848,6567065,6526821,6545941,6426802
790,31,1,15,6724237,6696136,6576826,6621106,6555408,6603814,6602055,6573130,6656730,6547725,6646298,6587746,6502995,6609713,6585797,6517382,6553518,6512795,6532739,6413972
791,0,1,15,6736690,6707866,6588349,6632991,6567152,6615518,6613612,6584700,6669268,6560842,6658911,6600054,6515751,6621661,6597688,6529909,6566024,6525623,6545400,6425634
792,31,1,15,6724098,6696645,6576518,6621478,6555283,6603460,6601872,6573393,6656572,6547536,6646640,6587660,6503620,6609220,6585265,6517908,6552570,6513206,6533190,6414058
793,0,1,15,6736545,6709154,6588814,6634214,6567415,6615866,6614376,6585561,6669783,6561247,6660135,6599956,6515836,6622834,6598077,6530716,6566837,6526435,6545749,6425752
794,31,1,15,6724739,6696729,6577222,6622414,6556032,6603929,6601729,6573476,6656946,6548232,6647420,6588221,6503683,6610526,6585602,6518459,6553934,6514038,6533194,6413236
795,0,1,15,6736877,6709916,6589251,6634227,6568970,6617304,6614558,6586696,6670356,6561167,6660773,6601111,6516671,6623015,6599272,6531903,6567694,6526886,6546280,6426611
796,31,1,15,6724534,6697498,6576915,6622163,6556973,6605308,6602623,6574246,6657043,6548718,6647789,6589025,6504327,6610743,6586422,6519089,6554558,6514398,6534046,6414159
797,0,1,15,6737034,6709508,6589370,6634694,6569557,6617955,6614961,6587706,6670379,6560837,6661454,6601527,6517177,6623621,6599493,6532124,6568403,6527222,6547427,6427730
798,31,1,15,6724039,6696929,6576518,6622072,6556529,6603651,6602409,6574210,6656513,6547856,6646794,6588404,6504377,6609774,6586606,6518898,6553553,6513840,6533307,6414120
799,0,1,15,6735366,6708287,6587394,6633283,6567621,6615030,6613723,6585334,6668196,6559761,6659150,6600209,6515863,6621570,6598451,6530656,6566065,6525481,6544769,6426115
800,31,1,15,6724401,6696905,6576936,6621429,6556155,6603331,6602206,6574081,6656619,6548225,6646903,6587926,6504763,6610315,6586861,6518418,6553792,6513226,6533288,6413851
801,0,1,15,6736679,6709485,6589660,6634355,6568462,6616662,6614853,6586347,6670114,6561443,6660307,6601373,6517124,6623580,6599412,6531619,6566464,6526527,6546022,6426995
802,31,1,15,6724438,6696443,6577115,6621702,6556102,6604380,6602182,6573703,6657526,6547912,6647020,6588778,6504494,6610926,6586144,6518696,6552044,6513430,6532968,6414441
803,0,1,15,6735631,6707507,6587653,6633031,6567546,6615130,6613446,6585352,6669194,6559724,6658631,6600476,6515547,6622088,6597628,6530121,6563773,6525141,6544527,6425723
804,31,1,15,6724385,6696333,6576696,6621255,6556286,6603209,6601647,6573804,6657788,6548428,6646417,6588888,6504651,6610226,6586291,6518405,6552475,6513005,6532987,6413895
805,0,1,15,6736161,6708503,6588537,6633158,6567966,6615348,6614175,6585137,6670032,6561342,6659041,6600968,6516642,6622526,6599199,6530654,6565609,6525600,6545932,6426000
806,31,1,15,6724744,6696289,6576823,6621115,6555809,6603135,6601757,6573518,6657403,6548780,6646496,6588567,6504045,6609705,6586899,6518285,6553912,6513146,6533239,6414392
807,0,1,15,6737079,6709157,6589535,6633666,6567813,6615683,6614623,6586291,6669722,6561126,6659355,6601561,6516888,6622795,6599353,6531100,6567069,6525826,6545912,6426906
808,31,1,15,6724313,6697868,6577284,6620888,6555977,6603864,6601222,6573868,6657302,6549008,6646737,6588300,6504753,6610086,6586664,6518002,6553586,6512916,6532709,6413881
809,0,1,15,6737051,6710031,6588811,6633226,6567421,6616763,6614158,6586428,6669955,6560735,6659962,6601544,6517094,6622257,6599163,6530833,6566564,6525800,6545876,6427413
810,31,1,15,6724630,6697898,6576219,6621142,6555711,6604274,6602125,6573869,6657236,6548970,6646448,6589142,6504228,6610818,6587033,6518087,6553285,6513793,6533325,6415044
811,0,1,15,6736945,6710077,6588997,6633997,6568028,6616561,6614160,6586204,6669416,6561660,6660000,6601556,6516053,6623203,6599690,6530979,6567081,6526448,6545456,6426805
812,31,1,15,6725319,6697515,6577145,6621469,6555605,6603821,6602576,6573026,6657272,6549293,6647270,6589374,6503862,6611039,6586039,6518119,6554385,6513174,6533096,6414107
813,0,1,15,6736343,6709575,6588918,6632841,6567366,6615240,6613890,6584909,6668913,6561353,6659239,6601028,6515325,6622506,6598439,6529970,6566082,6525810,6545837,6426447
814,31,1,15,6723461,6697238,6577436,6621427,6555415,6602826,6601600,6572718,6657037,6548364,6646497,6588281,6503651,6610138,6585312,6517739,6553299,6512720,6533636,6414235
815,0,1,15,6737130,6710086,6589485,6633792,6567700,6615282,6614077,6585151,6670086,6561671,6659700,6601473,6515927,6623122,6599013,6531003,6566834,6525806,6545867,6426774
816,31,1,15,6724923,6697256,6577046,6620995,6555539,6602955,6601971,6572459,6657188,6548940,6646155,6588434,6502806,6610294,6585781,6517845,6553489,6512829,6531916,6413970
817,0,1,15,6737587,6709810,6589843,6633343,6568802,6616136,6615006,6585342,6670221,6561802,6659951,6601833,6516374,6622959,6599939,6531184,6566226,6525793,6545658,6427310
818,31,1,15,6723850,6695976,6576206,6620600,6555213,6602799,6601465,6572280,6656694,6547566,6646280,6587906,6503066,6610509,6585757,6517595,6551885,6512272,6532746,6413792
819,0,1,15,6735857,6708827,6589011,6633533,6568074,6615768,6614740,6585008,6670064,6561092,6659618,6601011,6515832,6623289,6598195,6530789,6565256,6526034,6545545,6426885
820,31,1,15,6724748,6697472,6577453,6620965,6556522,6603683,6602379,6573224,6657938,6548829,6647043,6588696,6504151,6610949,6585884,6519025,6552938,6514197,6533156,6414438
821,0,1,15,6736810,6709094,6589490,6633323,6567969,6615894,6614944,6585934,6669887,6560919,6659866,6601510,6516513,6623932,6598656,6531020,6566013,6525984,6546405,6426127
822,31,1,15,6724610,6696686,6577793,6620518,6556269,6603992,6602506,6573151,6656810,6548719,6647322,6588819,6503869,6610874,6585745,6518246,6553440,6513614,6533991,6414107
823,0,1,15,6736416,6708511,6589730,6632566,6568453,6615722,6613738,6585269,6669333,6560943,6659019,6600951,6516449,6622653,6598543,6531535,6566403,6525561,6546222,6426769
824,31,1,15,6725626,6697133,6578652,6621687,6557180,6604283,6602557,6573074,6657980,6549186,6647781,6589472,6504681,6611351,6586596,6519649,6554394,6513703,6534749,6414585
825,0,1,15,6736993,6707926,6589858,6633190,6568210,6615571,6613720,6585270,6669240,6561079,6659384,6600664,6516671,6622482,6598398,6531963,6566670,6525740,6546514,6426260
826,31,1,15,6724253,6696160,6577429,6621156,6556026,6603025,6601404,6573059,6656607,6548791,6646550,6587596,6503798,6610888,6585516,6518446,6553727,6512154,6532951,6413633
827,0,1,15,6736393,6707812,6589800,6632875,6568185,6615019,6613938,6585315,6669061,6561393,6659703,6600730,6516355,6622009,6597922,6531143,6566040,6525499,6546302,6426077
828,31,1,15,6724514,6695606,6577178,6620290,6554672,6602571,6601406,6572702,6655979,6548381,6645970,6588212,6503338,6610185,6585819,6518164,6552516,6512761,6533572,6413332
829,0,1,15,6736187,6708644,6589376,6632762,6567880,6615536,6614607,6585127,6668441,6561680,6659372,6600644,6515240,6623167,6598718,6531222,6565371,6526311,6546518,6425510
830,31,1,15,6723840,6696390,6577266,6620359,6555085,6603332,6601629,6572501,6656262,6548660,6645929,6587423,6503235,6610007,6586178,6518276,6552091,6512943,6533214,6413328
831,0,1,15,6736843,6708903,6589931,6634167,6567631,6616007,6614162,6585508,6668840,6561848,6659523,6600082,6516337,6623063,6598863,6531314,6565683,6525777,6546195,6425791
832,31,1,15,6724946,6696175,6577098,6621889,6555933,6603833,6601411,6573162,6655984,6549505,6646530,6587162,6503562,6610487,6587000,6518502,6552609,6513809,6533456,6413507
833,0,1,15,6736624,6708985,6589379,6633878,6567957,6616459,6614327,6585645,6668999,6561850,6659093,6600389,6515564,6622087,6599790,6530782,6565463,6526760,6545716,6425923
834,31,1,15,6724685,6696924,6576942,6621769,6556141,6603113,6601442,6573255,6656863,6548839,6646565,6587973,6503944,6610070,6586389,6518077,6553497,6513400,6533523,6413852
835,0,1,15,6737224,6708876,6589057,6633957,6568014,6615536,6613096,6585497,6668598,6561122,6659526,6600546,6516008,6622921,6598947,6530685,6566058,6525623,6545937,6425932
836,31,1,15,6724507,6696596,6577122,6621565,6555979,6603113,6600825,6572923,6655922,6548501,6646564,6588358,6503822,6611037,6586466,6518363,6553131,6512802,6533187,6413313
837,0,1,15,6737135,6709096,6589679,6633544,6567872,6616393,6613429,6585352,6669072,6561650,6659927,6600732,6516992,6623396,6599672,6531586,6566256,6525785,6546413,6425778
838,31,1,15,6724293,6697430,6577840,6621997,6556059,6603981,6600668,6572805,6656914,6548931,6646831,6587826,6504577,6610356,6586801,6518548,6553075,6513596,6533941,6413490
839,0,1,15,6737075,6709514,6589844,6634427,6568137,6616991,6613754,6586198,6669316,6561860,6660447,6600428,6517132,6623253,6599499,6531529,6565873,6526291,6545975,6426307
840,31,1,15,6724444,6697095,6577814,6621188,6555802,6604433,6600919,6573824,6657042,6549235,6646878,6587913,6505086,6610625,6586757,6518962,6552721,6513388,6533162,6413372
841,0,1,15,6736881,6709638,6589588,6634135,6567948,6616578,6613217,6585921,6670428,6561924,6660037,6600980,6516362,6623041,6598994,6531531,6565860,6526466,6546583,6425965
842,31,1,15,6724652,6696726,6577491,6621262,6555322,6603628,6601072,6573649,6657141,6549261,6647376,6588626,6504544,6610465,6585833,6517518,6553487,6513683,6533301,6413630
843,0,1,15,6737000,6709406,6589798,6634396,6568780,6616702,6614424,6586659,6670237,6561935,6660792,6602017,6517290,6623152,6600164,6531242,6566622,6527147,6546801,6426421
844,31,1,15,6725454,6696935,6578192,6621667,6556590,6604139,6601535,6574209,6657602,6549039,6647409,6589123,6505472,6610928,6587257,6518698,6553822,6514324,6533679,6414212
845,0,1,15,6736818,6709213,6589901,6633957,6567919,6615779,6613503,6586413,6669614,6561254,6659617,6600810,6517109,6623251,6598623,6531765,6565979,6526553,6545448,6426577
846,31,1,15,6723711,6696619,6577818,6621987,6556223,6603407,6601104,6574499,6657696,6549225,6647377,6588746,6504962,6611126,6586271,6519545,6553010,6513736,6532427,6414393
847,0,1,15,6738040,6709793,6590742,6635259,6568920,6615945,6613969,6587417,6670545,6562620,6660428,6602199,6517724,6623935,6599926,6532071,6567366,6527104,6546361,6427694
848,31,1,15,6724912,6696059,6577548,6621698,6555391,6602749,6600256,6574121,6656700,6548697,6646549,6588978,6504353,6610349,6586204,6518296,6553770,6513462,6532562,6413815
849,0,1,15,6737573,6709301,6590635,6634166,6568805,6615417,6613983,6586922,6669881,6562390,6660285,6602142,6517618,6624221,6599216,6532517,6566935,6526498,6546062,6426761
850,31,1,15,6725671,6696823,6578663,6621889,6556097,6603482,6601683,6574850,6657599,6548793,6647733,6589436,6504986,6611720,6587221,6519321,6553830,6513892,6533163,6414471
851,0,1,15,6738237,6709600,6590774,6634548,6568805,6616744,6613624,6587245,6670515,6561832,6660676,6602412,6517172,6624628,6599881,6532461,6567139,6526796,6545821,6427156
852,31,1,15,6725159,6697481,6577371,6621411,6556494,6603464,6600821,6574146,6658190,6548836,6646989,6588682,6504023,6609906,6586403,6519022,6552797,6513766,6532545,6413917
853,0,1,15,6738509,6710554,6590577,6634247,6569711,6616546,6613828,6586807,6670710,6561969,6660675,6601203,6517212,6623651,6600025,6532707,6566467,6527332,6546049,6427201
854,31,1,15,6725367,6698032,6577990,6621854,6557606,6604064,6601309,6574498,6658453,6548653,6647634,6587920,6504192,6610661,6587532,6519266,6554048,6513974,6532726,6413818
855,0,1,15,6738416,6710543,6590484,6635192,6570089,6617434,6614121,6587944,6671069,6561652,6661187,6601332,6517206,6624099,6600795,6532448,6567077,6527388,6546863,6426701
856,31,1,15,6725716,6697651,6578375,6622949,6557686,6603554,6600911,6575168,6657886,6548835,6647476,6588255,6504643,6610366,6587194,6518883,6554011,6514180,6533787,6414134
857,0,1,15,6737652,6710245,6590270,6634681,6569439,6616482,6613489,6587518,6671273,6561213,6660243,6601519,6517039,6623598,6600248,6532087,6567148,6527129,6546923,6426602
858,31,1,15,6725852,6699428,6579090,6622692,6558417,6605405,6602041,6575761,6659461,6549046,6648568,6589987,6506126,6613211,6588331,6520164,6555010,6514788,6534873,6415402
859,0,1,15,6736938,6710286,6590015,6634823,6568543,6617018,6613175,6587194,6670761,6560808,6660076,6601631,6517287,6624259,6600091,6531980,6566547,6526608,6546352,6426793
860,31,1,15,6724297,6697893,6578086,6622033,6556843,6604478,6600651,6574814,6657686,6548415,6647472,6588971,6504784,6611474,6587500,6518811,6553861,6513684,6533039,6414882
861,0,1,15,6737533,6709921,6589911,6634092,6569005,6616815,6612778,6586536,6670429,6560399,6660184,6600998,6516201,6623045,6599716,6531005,6566774,6525928,6545378,6426877
862,31,1,15,6725707,6698114,6577955,6622576,6556922,6604988,6600794,6574281,6658580,6548579,6647827,6588904,6503972,6609947,6587356,6518569,6554343,6513753,6533457,6414717
863,0,1,15,6738236,6710713,6590117,6635565,6568747,6617423,6613347,6586823,6670975,6561924,6660313,6602022,6516544,6623737,6600605,6531697,6567320,6526456,6546369,6427426
864,31,1,15,6725283,6698168,6578069,6622832,6556258,6605126,6600279,6574115,6657718,6549074,6646887,6589280,6503720,6610467,6587030,6518621,6553427,6513590,6533091,6414632
865,0,1,15,6737888,6710041,6590005,6635522,6568973,6617222,6613180,6586226,6670439,6561337,6659868,6601751,6516828,6622717,6600380,6531405,6566846,6526506,6546401,6426169
866,31,1,15,6726473,6698581,6578321,6623480,6557889,6605402,6601499,6575070,6658022,6548998,6648174,6589226,6505204,6610540,6587159,6519380,6553928,6513704,6534372,6414043
867,0,1,15,6738430,6710562,6590154,6636113,6569189,6616749,6613185,6587217,6670676,6560303,6660864,6601282,6516861,6623089,6599915,6531865,6566662,6526157,6546952,6427281
868,31,1,15,6725892,6697994,6578142,6623620,6557159,6604467,6600864,6574732,6658829,6547162,6647230,6588447,6504853,6610725,6586103,6519286,6554485,6513589,6533558,6414700
869,0,1,15,6738526,6709460,6589958,6635139,6569737,6616780,6613282,6587339,6671245,6560092,6660494,6601221,6516398,6623548,6598966,6532278,6566950,6526388,6546369,6426469
870,31,1,15,6726034,6697784,6577934,6623281,6557004,6605146,6601233,6574591,6658308,6547673,6647265,6588820,6504550,6611091,6586937,6519043,6553881,6513873,6533869,6414257
871,0,1,15,6738740,6709857,6590191,6636320,6570000,6617988,6614024,6587614,6671493,6560641,6660735,6601850,6517470,6623628,6599242,6532274,6566627,6527255,6547084,6427431
872,31,1,15,6726294,6697112,6578209,6624195,6558619,6605873,6601844,6575604,6659158,6548200,6648598,6589657,6505425,6612239,6588118,6519585,6554228,6514586,6535110,6415541
873,0,1,15,6739341,6709672,6590221,6636446,6570339,6618410,6613979,6588629,6672267,6561392,6661954,6603084,6518015,6624993,6601270,6532875,6567917,6527867,6547961,6427954
874,31,1,15,6726342,6696702,6578004,6623382,6557401,6605196,6601669,6575082,6659008,6548843,6648140,6589399,6504132,6611979,6587363,6519049,6553854,6513676,6534802,6414683
875,0,1,15,6738282,6709675,6589782,6636435,6569814,6618132,6614552,6588211,6672330,6561031,6661685,6601782,6517655,6624927,6600401,6532335,6567131,6527160,6547504,6427483
876,31,1,15,6725329,6697299,6577422,6623003,6556541,6605464,6601888,6575149,6658934,6548552,6647754,6589043,6504624,6611875,6587240,6518915,6553584,6512803,6533753,6414275
877,0,1,15,6738522,6710151,6589590,6636394,6568934,6617825,6614506,6587950,6671512,6561401,6661357,6601693,6517029,6624793,6600530,6532132,6567082,6526940,6546720,6426771
878,31,1,15,6725671,6697461,6577497,6624121,6557063,6605186,6601843,6575657,6658830,6549459,6648560,6589144,6505027,6611310,6587667,6519452,6554727,6513959,6534169,6414472
879,0,1,15,6737678,6709446,6589141,6635887,6569408,6617410,6612792,6587514,6670525,6561683,6660573,6601186,6516601,6623125,6599682,6531622,6567420,6526070,6547343,6425711
880,31,1,15,6725479,6697060,6577151,6623366,6557241,6604679,6601105,6575008,6657490,6549114,6648237,6588835,6504116,6610653,6586927,6518554,6554598,6514034,6534102,6413848
881,0,1,15,6737639,6709513,6589358,6636229,6569677,6617574,6613588,6586713,6670302,6561574,6660952,6601611,6516727,6623680,6599887,6531546,6567686,6526903,6547592,6426824
882,31,1,15,6726462,6697813,6577409,6622780,6557159,6605742,6601856,6574985,6658345,6549594,6648527,6589693,6504473,6610946,6588427,6519000,6554792,6514323,6534959,6414936
883,0,1,15,6737420,6709118,6589413,6634196,6569347,6617730,6613735,6587544,6670714,6561751,6660504,6601653,6516769,6623218,6599563,6531373,6567366,6526152,6547541,6426953
884,31,1,15,6725281,6696356,6577048,6622198,6557180,6604531,6600706,6574693,6657611,6549049,6647275,6588607,6504059,6609946,6586464,6518361,6553994,6513312,6533872,6413329
885,0,1,15,6737580,6708844,6588601,6635168,6569341,6617114,6612821,6586685,6670249,6561550,6660689,6601124,6516524,6622798,6599001,6531407,6567126,6526004,6545708,6425704
886,31,1,15,6724999,6696894,6576949,6623136,6556848,6604934,6601117,6574500,6658086,6549405,6647849,6588857,6504444,6610707,6586497,6518347,6554495,6513331,6533118,6413759
887,0,1,15,6737681,6709841,6589809,6635198,6569454,6617860,6613472,6587221,6670764,6562210,6660883,6601690,6517243,6622784,6599787,6531933,6566740,6526625,6546841,6426279
888,31,1,15,6724683,6697917,6577226,6622682,6557174,6604886,6601167,6575016,6658177,6550051,6647863,6589502,6504214,6610606,6587487,6518937,6553880,6513747,6534188,6413268
889,0,1,15,6737099,6710265,6589133,6635560,6569334,6617829,6614443,6587921,6670615,6562111,6661134,6602498,6517530,6623538,6600456,6532142,6567392,6527349,6547452,6426776
890,31,1,15,6725530,6697999,6576395,6623747,6557439,6604610,6601494,6575073,6657896,6549127,6647592,6589290,6504345,6610633,6587501,6519580,6554487,6514086,6534081,6414002
891,0,1,15,6737930,6710427,6588824,6635704,6569485,6616924,6613999,6587503,6670002,6561375,6660539,6601962,6516751,6623357,6599660,6532051,6567598,6526811,6546480,6426770
892,31,1,15,6724925,6698140,6576858,6623251,6556592,6603892,6601791,6575149,6657713,6549687,6647408,6589320,6503753,6610672,6586507,6518321,6553381,6512901,6532849,6413742
893,0,1,15,6737873,6710318,6590242,6635365,6570421,6617394,6614841,6587984,6670643,6562528,6660747,6601613,6516887,6623338,6599893,6532385,6567323,6526923,6546453,6426384
894,31,1,15,6724588,6697257,6577159,6622354,6557223,6604633,6601649,6574983,6657634,6549050,6647821,6587915,6504443,6610328,6586763,6519114,6553346,6513701,6534085,6412819
895,0,1,15,6737550,6709948,6589278,6634826,6570370,6617293,6614584,6588114,6670584,6562575,6661232,6601260,6517049,6623349,6599678,6532195,6566668,6526919,6547190,6426702
896,31,1,15,6723637,6696169,6576158,6621323,6556369,6603580,6600324,6574744,6656694,6547601,6646767,6587983,6503220,6609281,6585341,6517684,6552507,6512989,6533174,6412788
897,0,1,15,6737084,6709549,6589226,6634538,6569181,6617348,6613701,6587705,6670276,6561286,6660464,6601130,6516477,6623044,6598895,6531834,6566559,6526233,6546623,6426891
898,31,1,15,6724244,6696543,6576277,6621711,6556065,6603644,6600828,6574741,6656616,6548412,6646518,6588106,6503541,6609741,6586651,6517767,6552892,6513228,6533087,6413231
899,0,1,15,6737723,6709562,6588633,6634722,6569014,6616261,6613806,6587682,6670157,6561006,6660096,6601777,6516880,6622908,6598272,6531772,6566613,6526300,6546315,6426906
900,31,1,15,6724994,6696601,6576717,6622521,6556641,6603733,6600751,6575080,6656986,6548936,6646934,6588979,6504227,6611068,6585855,6518748,6553407,6513456,6533288,6413620
901,0,1,15,6737332,6708569,6588642,6634545,6568930,6616289,6611992,6587188,6669660,6561359,6659941,6601076,6516650,6623245,6599247,6531402,6566488,6525975,6546015,6425596
902,31,1,15,6724595,6695618,6575816,6622287,6556818,6604007,6600382,6574361,6656955,6548841,6646390,6588221,6503712,6609699,6586316,6517964,6553366,6512822,6532621,6413374
903,0,1,15,6737495,6709208,6588450,6634965,6569179,6616886,6613585,6587204,6670482,6561761,6660444,6601410,6516506,6622603,6600050,6531990,6566774,6526255,6546997,6426375
904,31,1,15,6724974,6697327,6576044,6623012,6555836,6604260,6601034,6574835,6657608,6548473,6647341,6588511,6504472,6610008,6587006,6518172,6553474,6513786,6533568,6413632
905,0,1,15,6736667,6709660,6588240,6634410,6567815,6616009,6612898,6586422,6669245,6560423,6659636,6600558,6515989,6622628,6598852,6530952,6565869,6525860,6546053,6425097
906,31,1,15,6724559,6697625,6576421,6622600,6556026,6603440,6600202,6574345,6657494,6547905,6647539,6588326,6503846,6610641,6586294,6518533,6553192,6514279,6534007,6413405
907,0,1,15,6736519,6709733,6589072,6634589,6568524,6616152,6612816,6586872,6670225,6560935,6661270,6601253,6516427,6623006,6599339,6531831,6567181,6527237,6546923,6426146
908,31,1,15,6724824,6698298,6577343,6622558,6557306,6605395,6601033,6574666,6658468,6548650,6648144,6589306,6504947,6611268,6587328,6519711,6555158,6514807,6534775,6414183
909,0,1,15,6737750,6710879,6589917,6634242,6570166,6617816,6612629,6586790,6670513,6561154,6660976,6601810,6516707,6623753,6599231,6532062,6567876,6527205,6547253,6425648
910,31,1,15,6725542,6698553,6577476,6622761,6557004,6604724,6600147,6574436,6657575,6548067,6647219,6588525,6504187,6610506,6586167,6518238,6554372,6514199,6533476,6413266
911,0,1,15,6737013,6709140,6588887,6634991,6568705,6616974,6613132,6586197,6669774,6560758,6660223,6600715,6516801,6623211,6598149,6530997,6567421,6526542,6545523,6425360
912,31,1,15,6725248,6697377,6576906,6623237,6557044,6604974,6600823,6574120,6657945,6548734,6647607,6588510,6504090,6610814,6586421,6518056,6555003,6514121,6533305,6413292
913,0,1,15,6736974,6709420,6588754,6634706,6569114,6617484,6613281,6587159,6670940,6561187,6660162,6601303,6515973,6622971,6598689,6531155,6568592,6526636,6546197,6425876
914,31,1,15,6724915,6697869,6577153,6622491,6556839,6605037,6600841,6574912,6658378,6548241,6647426,6588795,6503205,6610280,6585853,6518219,6555136,6514048,6533378,6413656
915,0,1,15,6736814,6710069,6589529,6634511,6569149,6617604,6613013,6585751,6670682,6560699,6659542,6601227,6515772,6623078,6598332,6530834,6567577,6526772,6545950,6425998
916,31,1,15,6725365,6698149,6577688,6622663,6557393,6604781,6601081,6574089,6658129,6548493,6647088,6588845,6503577,6610237,6585984,6518090,6554153,6513802,6533191,6413387
917,0,1,15,6737134,6710600,6590358,6635133,6569610,6617215,6613687,6586758,6670370,6561100,6660800,6601313,6516582,6622485,6598053,6531740,6567427,6526540,6546668,6426259
918,31,1,15,6724745,6698570,6578135,6623467,6557377,6604953,6601329,6574489,6658055,6548222,6647791,6588731,6504248,6610338,6585456,6518994,6555174,6514790,6534080,6414046
919,0,1,15,6737384,6710061,6590299,6635796,6569095,6617162,6613203,6586567,6670427,6560669,6659999,6601260,6516155,6623219,6597761,6531402,6567663,6526899,6546913,6425929
920,31,1,15,6725715,6698456,6578422,6624230,6557077,6606019,6601963,6575441,6658491,6549155,6648143,6589840,6504622,6611478,6586872,6519672,6555828,6515285,6534886,6414764
921,0,1,15,6736876,6710180,6590414,6635624,6568030,6618177,6613538,6587137,6670130,6561310,6659853,6601491,6516079,6623292,6599011,6531717,6568213,6526774,6547015,6427145
922,31,1,15,6725534,6698384,6577697,6623987,6555892,6606109,6601748,6574989,6658109,6548525,6647066,6589105,6504301,6611236,6586349,6518725,6555466,6514376,6534001,6414247
923,0,1,15,6738187,6710689,6589343,6636495,6568550,6617442,6614572,6586669,6670950,6561118,6660454,6602092,6516917,6624073,6599245,6531449,6568477,6526990,6546935,6427025
924,31,1,15,6725397,6697736,6577022,6623678,6555954,6604625,6601503,6573777,6658071,6548104,6646735,6588950,6503878,6610691,6586198,6517763,6554837,6513523,6534028,6414141
925,0,1,15,6737283,6710391,6589948,6635774,6568597,6617423,6614152,6586619,6670965,6561120,6659820,6601883,6516239,6623364,6598773,6531351,6568588,6526856,6547282,6426667
926,31,1,15,6725038,6698637,6577231,6623827,6556555,6604697,6602176,6574029,6658224,6547802,6647062,6588896,6503834,6611528,6586443,6518657,6554709,6513571,6534407,6414018
927,0,1,15,6736851,6710645,6588909,6634762,6567702,6616354,6613508,6586504,6669862,6560402,6659362,6601425,6515923,6622742,6598684,6531038,6566999,6525852,6546117,6426220
928,31,1,15,6724514,6698954,6577399,6623477,6556033,6604039,6601955,6574568,6657471,6548022,6646762,6588816,6504423,6611163,6586310,6518463,6554857,6513820,6534256,6414183
929,0,1,15,6737402,6711876,6589473,6636372,6568883,6617178,6615373,6587676,6670496,6561612,6660259,6602679,6516840,6624456,6598581,6531689,6568097,6527404,6547317,6426997
930,31,1,15,6725379,6699291,6577461,6623694,6557053,6604643,6602008,6575154,6658727,6549023,6647285,6590058,6505132,6611924,6586678,6518950,6555172,6514286,6534667,6414336
931,0,1,15,6736935,6711132,6589383,6635590,6568143,6616922,6613790,6586315,6670503,6561010,6659438,6601724,6516182,6623986,6598695,6530908,6568231,6526781,6546746,6426600
932,31,1,15,6725490,6699375,6578433,6624222,6556950,6605543,6601931,6574824,6658632,6549412,6647410,6589323,6504721,6611302,6586813,6518837,6556180,6514704,6534462,6414224
933,0,1,15,6737036,6710567,6590185,6636031,6568623,6617525,6613938,6587288,6670733,6561274,6660311,6602113,6516350,6622402,6599005,6531451,6568339,6527155,6546605,6426458
934,31,1,15,6725233,6698180,6578281,6622974,6556603,6605354,6602080,6575248,6658302,6548849,6647793,6589519,6504118,6610080,6586827,6518108,6555089,6514845,6533590,6414252
935,0,1,15,6737808,6710662,6589861,6634663,6568342,6616863,6614528,6587308,6669978,6561445,6660592,6602330,6516122,6622380,6599245,6530755,6567501,6527208,6546024,6425811
936,31,1,15,6726741,6700256,6579025,6624005,6557170,6605650,6603010,6575613,6658786,6550108,6648257,6590648,6504660,6610725,6587429,6519211,6555560,6515248,6534678,6414108
937,0,1,15,6739047,6711382,6590264,6635495,6569052,6617681,6614040,6587343,6671080,6561482,6660941,6602381,6516821,6622909,6598779,6532339,6569103,6527429,6546452,6426099
938,31,1,15,6725969,6698818,6577888,6622537,6556274,6605044,6601623,6574471,6658118,6548597,6647858,6589716,6504425,6610744,6585839,6519408,6555804,6514001,6534066,6413528
939,0,1,15,6738383,6711719,6590932,6635702,6569332,6618806,6614748,6587964,6671109,6561912,6661245,6603032,6517046,6623910,6599124,6532463,6569740,6527541,6546920,6427024
940,31,1,15,6725137,6698540,6577867,6622334,6556063,6605625,6601419,6574467,6657842,6548441,6647381,6589186,6503252,6610468,6584786,6518845,6555290,6514352,6533716,6413192
941,0,1,15,6738527,6711840,6591027,6636152,6569783,6618095,6615689,6588185,6671075,6561489,6660403,6602551,6516690,6623765,6598579,6532676,6568674,6528161,6548028,6426656
942,31,1,15,6726280,6698555,6578460,6623150,6557098,6605698,6601995,6574575,6658018,6548032,6647659,6588784,6503531,6610469,6585912,6518865,6554407,6514426,6534006,6413418
943,0,1,15,6738520,6710965,6590257,6635459,6569409,6618649,6614459,6586979,6671107,6561281,6661099,6602056,6515269,6623292,6599252,6531656,6568558,6527306,6547857,6425768
944,31,1,15,6725771,6698932,6578094,6623086,6557285,6606187,6602097,6574398,6658401,6548796,6648224,6588989,6502412,6610781,6587054,6518948,6555266,6514241,6534894,6413506
945,0,1,15,6738080,6711620,6590711,6635978,6570216,6618738,6615157,6587397,6670672,6562204,6661422,6602061,6515562,6623571,6600407,6532315,6568623,6527612,6547550,6426805
946,31,1,15,6726601,6698957,6578443,6623482,6557368,6606390,6602975,6574550,6657737,6549172,6648592,6589677,6502648,6611537,6587230,6519528,6556391,6514042,6533272,6414118
947,0,1,15,6738999,6711845,6590173,6634794,6569857,6618682,6615489,6587457,6670576,6562130,6661267,6602583,6515357,6624192,6599719,6532685,6568722,6527190,6546228,6426704
948,31,1,15,6725821,6699007,6577816,6622216,6556943,6606420,6602537,6574708,6657534,6549109,6647810,6589522,6502709,6610250,6586509,6519498,6555085,6513896,6533568,6413109
949,0,1,15,6737552,6711507,6590173,6634223,6568713,6618454,6614772,6587265,6670871,6561669,6661100,6602895,6515185,6623103,6599751,6532394,6568299,6527007,6546006,6426250
950,31,1,15,6724157,6697701,6577980,6621804,6555861,6605181,6601454,6573966,6657532,6548546,6646640,6589222,6502046,6609733,6585897,6518497,6554592,6513924,6532961,6413077
951,0,1,15,6737313,6709957,6589974,6633949,6568483,6617641,6614115,6586422,6670639,6560877,6659885,6602064,6514320,6621887,6597941,6531729,6567325,6526714,6546578,6426154
952,31,1,15,6724967,6697924,6578494,6621150,6556733,6605686,6602481,6574581,6658860,6548721,6647146,6589954,6502564,6610898,6585961,6519339,6555564,6514268,6533575,6413324
953,0,1,15,6736897,6710407,6590214,6633677,6568680,6617796,6614095,6586541,6670812,6561135,6659708,6602223,6515177,6623192,6598624,6531821,6568497,6527081,6545831,6426276
954,31,1,15,6724580,6698592,6577981,6621355,6556785,6605955,6601811,6574667,6658206,6548717,6647568,6589988,6502733,6610408,6586745,6519055,6555436,6514385,6532825,6412927
955,0,1,15,6737467,6711917,6590796,6634275,6569979,6618163,6614752,6587070,6672073,6561670,6660275,6602668,6515891,6624021,6599569,6532331,6568803,6527526,6546873,6425726
956,31,1,15,6725669,6700011,6578347,6622059,6558168,6606237,6602065,6575174,6659154,6548688,6648127,6590078,6504317,6611870,6587478,6520165,6555611,6514905,6534206,6413367
957,0,1,15,6737601,6711761,6590210,6634097,6569310,6618229,6613750,6587166,6670710,6560657,6660085,6601462,6516323,6623255,6599523,6532081,6568508,6527103,6546468,6425766
958,31,1,15,6726224,6700393,6578846,6622397,6557772,6606810,6602775,6575546,6658864,6549224,6648316,6589892,6504278,6611372,6587544,6519973,6556122,6515272,6535149,6414863
959,0,1,15,6737971,6711899,6590651,6634815,6569382,6618327,6614659,6587912,6670981,6561461,6661122,6602334,6516334,6623172,6600196,6532648,6568665,6528187,6547044,6426875
960,31,1,15,6725679,6699196,6578790,6621983,6556863,6605508,6601374,6575464,6658634,6548609,6647005,6589932,6503743,6610339,6586914,6519892,6555644,6514829,6534490,6413658
961,0,1,15,6738275,6711643,6590601,6633936,6569634,6618323,6614725,6587632,6671051,6561091,6660326,6602345,6516757,6623706,6599534,6533241,6569138,6527652,6547350,6426657
962,31,1,15,6726100,6699770,6578080,6621987,6557620,6605528,6601368,6575651,6657891,6548488,6647924,6589515,6503822,6610500,6586347,6520310,6556164,6514855,6534370,6413428
963,0,1,15,6737548,6710574,6589594,6634276,6569398,6617585,6613984,6587192,6670457,6561063,6660349,6601848,6515395,6623846,6599311,6532648,6568644,6527133,6546715,6425506
964,31,1,15,6725928,6698556,6578309,6622437,6558013,6605703,6601818,6575009,6658115,6548952,6648380,6589926,6503761,6611581,6587574,6520355,6555739,6514742,6534470,6413290
965,0,1,15,6737655,6710648,6589039,6634902,6569684,6617945,6613863,6587674,6670346,6561372,6660845,6601782,6515636,6623922,6599574,6532699,6568211,6526947,6546927,6425155
966,31,1,15,6725573,6698233,6577274,6622446,6556926,6605288,6600527,6575341,6657690,6548787,6647529,6589631,6503442,6610167,6587429,6519273,6555315,6514568,6533369,6412285
967,0,1,15,6738733,6711547,6590069,6635382,6569713,6618351,6614383,6587860,6670702,6562184,6660407,6602657,6516326,6622954,6599470,6533628,6568704,6527657,6546745,6425616
968,31,1,15,6724807,6699836,6577792,6622842,6556574,6605986,6602028,6575582,6657997,6548738,6647472,6590202,6503545,6610630,6587265,6520746,6555698,6514404,6534359,6412583
969,0,1,15,6737340,6711350,6589406,6634718,6568746,6617953,6613679,6587514,6670177,6560701,6659804,6602248,6515801,6622084,6599301,6533241,6568385,6526704,6546899,6426217
970,31,1,15,6725627,6698654,6577808,6622577,6556306,6605409,6601011,6574971,6658126,6547647,6647547,6589629,6503779,6610641,6586302,6519975,6555034,6514489,6533947,6414663
971,0,1,15,6738091,6710996,6590653,6634500,6568289,6618304,6614186,6587533,6670649,6561187,6661070,6602559,6516255,6623363,6599717,6532922,6568584,6527252,6547288,6427255
972,31,1,15,6725245,6697837,6577695,6621857,6556141,6605481,6601800,6574711,6658091,6548515,6647372,6589666,6503117,6610666,6586188,6519783,6555101,6514105,6534009,6414107
973,0,1,15,6738131,6710609,6589956,6634591,6568998,6618723,6614336,6587704,6671576,6561729,6660151,6602342,6516081,6623936,6600040,6533530,6568671,6527113,6546651,6426545
974,31,1,15,6724493,6697244,6576786,6620687,6555320,6604423,6600559,6574189,6657581,6547632,6646842,6588240,6502458,6610916,6586639,6519676,6553711,6513263,6533273,6412134
975,0,1,15,6737602,6710856,6589692,6634306,6568076,6618030,6613743,6587128,6671536,6561135,6660819,6601660,6515974,6623408,6600524,6533354,6567138,6526822,6547199,6425908
976,31,1,15,6725884,6698825,6578002,6622459,6556326,6606484,6601742,6575090,6659308,6548466,6648111,6589177,6504346,6612107,6588713,6521371,6555756,6515443,6534947,6413575
977,0,1,15,6737812,6710734,6589927,6634103,6567995,6618014,6613256,6587345,6671239,6560529,6660477,6601369,6515755,6624275,6600786,6533854,6567920,6526944,6546586,6425695
978,31,1,15,6725833,6698956,6577703,6622282,6556361,6606044,6601121,6575189,6659082,6548994,6647621,6589339,6503853,6611700,6587676,6520753,6555321,6514046,6534294,6413861
979,0,1,15,6738239,6710427,6590204,6634534,6568160,6618906,6613651,6587846,6671135,6561498,6660844,6602605,6516294,6623341,6600552,6533526,6568033,6526931,6547654,6425652
980,31,1,15,6725809,6697718,6577008,6622933,6555645,6605712,6600953,6575097,6658317,6547817,6646826,6589475,6502776,6611081,6587608,6520273,6553351,6513499,6534468,6412794
981,0,1,15,6737914,6709797,6589440,6635567,6567073,6618028,6613597,6587106,6670639,6560866,6659684,6602090,6514755,6623181,6599712,6532675,6566277,6526896,6546989,6425635
982,31,1,15,6725326,6698508,6577354,6623565,6555476,6605451,6601841,6574822,6658100,6548554,6647378,6590381,6502652,6611253,6587487,6519842,6553673,6514243,6534474,6413090
983,0,1,15,6739076,6711330,6590302,6636477,6568493,6618868,6615144,6588269,6671652,6561414,6661392,6603686,6515970,6624999,6601370,6533328,6567604,6527620,6548703,6426430
984,31,1,15,6726200,6698213,6577512,6623995,6555347,6605619,6602050,6575356,6658649,6548525,6647302,6590135,6503087,6611333,6588475,6519909,6554223,6514034,6534500,6413949
985,0,1,15,6738691,6710306,6589421,6636209,6567562,6617948,6614443,6587646,6670626,6561248,6660084,6602326,6515027,6623270,6601160,6532989,6566833,6526858,6546893,6425625
986,31,1,15,6726126,6697332,6577678,6623998,6555346,6605602,6602176,6575562,6658215,6548511,6647852,6589847,6502667,6610296,6587001,6519857,6553981,6513529,6534010,6412742
987,0,1,15,6736997,6708535,6589059,6635245,6566950,6616818,6613817,6586858,6670205,6560540,6660076,6602018,6515146,6622898,6599367,6531944,6566497,6526506,6547059,6425381
988,31,1,15,6724613,6696793,6577849,6623785,6555739,6604955,6601945,6575092,6658020,6548615,6647828,6589550,6503591,6610599,6587257,6519348,6553733,6513952,6533880,6414082
989,0,1,15,6738535,6710157,6590144,6636597,6568691,6617765,6614048,6587616,6671860,6561642,6661329,6602486,6516644,6623907,6599754,6533346,6567516,6528048,6547309,6426749
990,31,1,15,6725438,6697218,6577923,6623494,6556145,6605385,6602235,6575116,6658901,6548663,6648151,6589881,6503119,6610857,6587372,6519736,6554300,6514709,6534623,6414338
991,0,1,15,6736601,6708808,6590087,6635413,6568042,6617258,6613336,6586302,6671046,6560641,6660604,6601867,6514411,6622335,6599409,6531698,6566598,6526371,6545944,6426473
992,31,1,15,6724669,6697210,6577868,6623178,6556148,6605400,6601232,6574095,6658879,6548628,6648578,6589889,6503426,6610559,6586716,6519264,6554165,6514219,6533360,6414247
993,0,1,15,6737064,6708983,6589765,6635105,6568065,6617384,6612863,6586858,6670793,6560451,6660572,6601956,6515283,6622081,6598562,6531523,6567422,6526627,6546093,6426254
994,31,1,15,6725097,6697525,6577972,6623113,6556302,6605111,6600343,6574464,6658394,6548087,6647254,6589921,6502994,6610865,6586082,6519228,6554361,6514201,6533720,6414024
995,0,1,15,6737263,6709629,6589801,6635722,6568565,6617108,6613058,6587301,6670936,6560019,6660332,6602598,6515324,6623508,6599828,6532308,6567396,6526474,6547246,6426762
996,31,1,15,6724990,6697360,6577384,6622974,6556134,6605175,6600843,6574743,6658046,6547569,6647415,6589536,6502981,6610679,6586846,6519521,6554539,6514239,6534318,6413950
997,0,1,15,6738143,6709845,6590742,6636588,6569309,6618279,6613603,6587594,6671907,6561369,6661229,6602824,6516478,6623899,6600012,6533948,6568074,6527024,6548004,6426725
998,31,1,15,6724749,6696920,6577932,6623346,6556622,6605029,6601104,6574256,6658088,6547857,6647263,6589127,6503338,6610440,6586878,6520767,6554280,6513156,6534522,6413672
999,0,1,15,6738572,6709971,6590572,6636335,6570170,6618193,6614525,6587637,6671063,6562095,6660638,6602421,6516416,6624067,6599727,6533607,6568026,6527225,6547913,6426824
