114931.0
115106.0
115078.0
115031.0
115216.0
115238.0
115102.0
115364.0
115238.0
115225.0
115318.0
115274.0
115301.0
115241.0
115343.0
115324.0
115272.0
115227.0
115336.0
115353.0
115373.0
115241.0
115402.0
115336.0
115326.0
115310.0
115407.0
115390.0
115444.0
115383.0
115427.0
115428.0
115280.0
115491.0
115414.0
115440.0
115479.0
115355.0
115370.0
115439.0
115384.0
115394.0
115377.0
115424.0
115455.0
115390.0
115447.0
115376.0
115421.0
115343.0
115313.0
115525.0
115467.0
115473.0
115326.0
115417.0
115347.0
115474.0
115359.0
115421.0
115433.0
115374.0
115382.0
115265.0
115363.0
115448.0
115413.0
115482.0
115382.0
115386.0
115407.0
115374.0
115452.0
115549.0
115453.0
115451.0
115387.0
115418.0
115420.0
115454.0
115397.0
115435.0
115388.0
115497.0
115559.0
115469.0
115446.0
115478.0
115431.0
115374.0
115549.0
115594.0
115441.0
115340.0
115442.0
115494.0
115545.0
115416.0
115431.0
115465.0
115507.0
115473.0
115403.0
115662.0
115465.0
115580.0
115679.0
115612.0
115501.0
115579.0
115487.0
115606.0
115567.0
115509.0
115477.0
115469.0
115489.0
115392.0
115506.0
115512.0
115457.0
115464.0
115507.0
115386.0
115443.0
115493.0
115563.0
115545.0
115466.0
115524.0
115550.0
115444.0
115482.0
115541.0
115434.0
115489.0
115589.0
115561.0
115590.0
115634.0
115559.0
115466.0
115547.0
115550.0
115545.0
115488.0
115566.0
115519.0
115470.0
115596.0
115517.0
115562.0
115547.0
115456.0
115413.0
115467.0
115531.0
115595.0
115536.0
115500.0
115538.0
115578.0
115568.0
115604.0
115497.0
115645.0
115556.0
115571.0
115551.0
115543.0
115498.0
115539.0
115575.0
115571.0
115552.0
115571.0
115467.0
115649.0
115485.0
115644.0
115593.0
115612.0
115618.0
115543.0
115655.0
115548.0
115524.0
115518.0
115575.0
115630.0
115587.0
115669.0
115599.0
115669.0
115602.0
115584.0
115621.0
115647.0
115626.0
115522.0
115687.0
115520.0
115636.0
115492.0
115606.0
115543.0
115651.0
115662.0
115641.0
115602.0
115577.0
115617.0
115550.0
115620.0
115517.0
115642.0
115609.0
115594.0
115658.0
115594.0
115678.0
115628.0
115581.0
115524.0
115537.0
115596.0
115491.0
115658.0
115547.0
115624.0
115496.0
115474.0
115605.0
115531.0
115544.0
115560.0
115727.0
115605.0
115571.0
115629.0
115638.0
115629.0
115662.0
115526.0
115597.0
115629.0
115647.0
115674.0
115547.0
115611.0
115571.0
115656.0
115522.0
115564.0
115645.0
115581.0
115718.0
115531.0
115640.0
115667.0
115569.0
115537.0
115604.0
115501.0
115635.0
115542.0
115656.0
115601.0
115518.0
115575.0
115456.0
115531.0
115539.0
115481.0
115521.0
115501.0
115536.0
115511.0
115533.0
115597.0
115628.0
115559.0
115435.0
115659.0
115566.0
115540.0
115559.0
115524.0
115584.0
115505.0
115581.0
115531.0
115510.0
115621.0
115539.0
115529.0
115493.0
115649.0
115496.0
115516.0
115455.0
115562.0
115684.0
115550.0
115554.0
115649.0
115757.0
115607.0
115640.0
115594.0
115541.0
115571.0
115544.0
115596.0
115572.0
115598.0
115489.0
115557.0
115614.0
115478.0
115489.0
115444.0
115463.0
115552.0
115549.0
115652.0
115408.0
115560.0
115636.0
115672.0
115469.0
115568.0
115642.0
115647.0
115442.0
115638.0
115591.0
115524.0
115607.0
115624.0
115591.0
115630.0
115541.0
115569.0
115574.0
115610.0
115515.0
115537.0
115543.0
115493.0
115589.0
115578.0
115432.0
115631.0
115631.0
115478.0
115553.0
115593.0
115637.0
115607.0
115577.0
115580.0
115562.0
115448.0
115625.0
115567.0
115651.0
115481.0
115551.0
115583.0
115482.0
115520.0
115416.0
115580.0
115423.0
115498.0
115468.0
115412.0
115483.0
115527.0
115526.0
115615.0
115517.0
115505.0
115532.0
115572.0
115668.0
115498.0
115645.0
115617.0
115677.0
115580.0
115614.0
115621.0
115584.0
115568.0
115590.0
115607.0
115579.0
115599.0
115606.0
115517.0
115566.0
115516.0
115548.0
115573.0
115510.0
115493.0
115606.0
115481.0
115536.0
115542.0
115590.0
115533.0
115553.0
115603.0
115501.0
115549.0
115596.0
115601.0
115575.0
115575.0
115624.0
115603.0
115654.0
115691.0
115556.0
115651.0
115558.0
115550.0
115617.0
115670.0
115729.0
115539.0
115652.0
115719.0
115722.0
115654.0
115630.0
115674.0
115684.0
115654.0
115632.0
115653.0
115767.0
115748.0
115691.0
115612.0
115664.0
115682.0
115596.0
115665.0
115612.0
115591.0
115541.0
115711.0
115618.0
115624.0
115579.0
115615.0
115655.0
115575.0
115717.0
115679.0
115649.0
115681.0
115544.0
115601.0
115606.0
115514.0
115488.0
115569.0
115681.0
115651.0
115582.0
115654.0
115648.0
115584.0
115543.0
115658.0
115563.0
115561.0
115429.0
115518.0
115614.0
115669.0
115625.0
115618.0
115535.0
115658.0
115541.0
115633.0
115595.0
115655.0
115595.0
115528.0
115546.0
115597.0
115652.0
115688.0
115577.0
115534.0
115599.0
115524.0
115630.0
115635.0
115578.0
115577.0
115665.0
115597.0
115670.0
115664.0
115625.0
115586.0
115662.0
115575.0
115656.0
115606.0
115667.0
115553.0
115690.0
115647.0
115634.0
115768.0
115806.0
115638.0
115699.0
115661.0
115574.0
115516.0
115499.0
115652.0
115569.0
115606.0
115608.0
115516.0
115753.0
115504.0
115649.0
115596.0
115709.0
115663.0
115588.0
115556.0
115667.0
115559.0
115672.0
115656.0
115535.0
115664.0
115599.0
115553.0
115676.0
115618.0
115571.0
115520.0
115638.0
115525.0
115589.0
115521.0
115624.0
115648.0
115590.0
115607.0
115559.0
115630.0
115571.0
115526.0
115678.0
115717.0
115640.0
115590.0
115642.0
115682.0
115510.0
115631.0
115721.0
115652.0
115686.0
115680.0
115578.0
115598.0
115677.0
115734.0
115684.0
115608.0
115759.0
115601.0
115624.0
115600.0
115627.0
115652.0
115691.0
115498.0
115642.0
115560.0
115690.0
115643.0
115529.0
115496.0
115589.0
115463.0
115628.0
115521.0
115625.0
115543.0
115554.0
115526.0
115651.0
115489.0
115576.0
115609.0
115549.0
115669.0
115442.0
115536.0
115618.0
115579.0
115498.0
115518.0
115619.0
115567.0
115528.0
115585.0
115686.0
115643.0
115542.0
115628.0
115628.0
115572.0
115680.0
115577.0
115644.0
115588.0
115506.0
115575.0
115603.0
115612.0
115755.0
115735.0
115617.0
115744.0
115618.0
115713.0
115611.0
115739.0
115671.0
115671.0
115704.0
115658.0
115571.0
115571.0
115684.0
115654.0
115539.0
115624.0
115548.0
115569.0
115605.0
115613.0
115750.0
115644.0
115690.0
115672.0
115670.0
115694.0
115585.0
115744.0
115640.0
115698.0
115612.0
115626.0
115593.0
115604.0
115595.0
115634.0
115613.0
115590.0
115623.0
115691.0
115562.0
115704.0
115527.0
115679.0
115496.0
115569.0
115696.0
115648.0
115690.0
115511.0
115573.0
115481.0
115662.0
115522.0
115644.0
115654.0
115616.0
115587.0
115647.0
115658.0
115692.0
115734.0
115679.0
115613.0
115772.0
115784.0
115631.0
115639.0
115798.0
115701.0
115752.0
115711.0
115733.0
115719.0
115673.0
115593.0
115638.0
115603.0
115749.0
115680.0
115658.0
115670.0
115782.0
115602.0
115739.0
115646.0
115736.0
115710.0
115701.0
115571.0
115531.0
115502.0
115685.0
115529.0
115592.0
115652.0
115732.0
115673.0
115703.0
115761.0
115784.0
115724.0
115732.0
115811.0
115759.0
115628.0
115707.0
115724.0
115770.0
115702.0
115739.0
115798.0
115688.0
115692.0
115772.0
115731.0
115829.0
115731.0
115672.0
115770.0
115749.0
115762.0
115667.0
115736.0
115638.0
115663.0
115587.0
115756.0
115672.0
115698.0
115636.0
115797.0
115760.0
115662.0
115643.0
115596.0
115692.0
115582.0
115706.0
115698.0
115736.0
115731.0
115696.0
115704.0
115665.0
115587.0
115539.0
115720.0
115550.0
115563.0
115597.0
115539.0
115587.0
115647.0
115582.0
115689.0
115654.0
115590.0
115767.0
115639.0
115672.0
115652.0
115656.0
115769.0
115618.0
115764.0
115612.0
115735.0
115662.0
115691.0
115651.0
115781.0
115631.0
115702.0
115607.0
115761.0
115726.0
115740.0
115630.0
115723.0
115689.0
115640.0
115563.0
115591.0
115655.0
115660.0
115693.0
115635.0
115653.0
115622.0
115751.0
115674.0
115670.0
115629.0
115674.0
115633.0
115651.0
115693.0
115747.0
115645.0
115527.0
115651.0
115757.0
115614.0
115616.0
115658.0
115733.0
115655.0
115654.0
115696.0
115630.0
115655.0
115651.0
115589.0
115690.0
115618.0
115713.0
115609.0
115623.0
115725.0
115771.0
115672.0
115692.0
115591.0
115717.0
115597.0
115678.0
115690.0
115620.0
115604.0
115671.0
115669.0
115663.0
115692.0
115633.0
115726.0
115622.0
115590.0
115704.0
115684.0
115581.0
115622.0
115585.0
115600.0
115672.0
115550.0
115491.0
115588.0
115587.0
115647.0
115515.0
115676.0
115653.0
115609.0
115629.0
115601.0
115569.0
115659.0
115640.0
115632.0
115666.0
115637.0
115680.0
115769.0
115623.0
115597.0
115602.0
115664.0
115680.0
115715.0
115647.0
115735.0
115693.0
115680.0
115634.0
115735.0
115609.0
115629.0
115690.0
115667.0
115731.0
115626.0
115660.0
115673.0
115663.0
115613.0
115668.0
115670.0
115669.0
115712.0
115793.0
115685.0
115621.0
115735.0
115725.0
115741.0
115659.0
115642.0
115659.0
115644.0
115721.0
115745.0
115729.0
115704.0
115714.0
115706.0
115719.0
115773.0
115685.0
115672.0
115738.0
115756.0
115669.0
115753.0
115753.0
115796.0
115755.0
115713.0
115743.0
115763.0
115770.0
115748.0
115780.0
115796.0
115730.0
115863.0
115760.0
115679.0
115797.0
115674.0
115808.0
115810.0
115729.0
115730.0
115784.0
115777.0
115780.0
115834.0
115836.0
115869.0
115754.0
115886.0
115803.0
115739.0
115765.0
115796.0
115732.0
115786.0
115710.0
115837.0
115686.0
115763.0
115735.0
115718.0
115748.0
115735.0
115762.0
115812.0
115700.0
115738.0
115696.0
115834.0
115648.0
115697.0
115731.0
115673.0
115635.0
115630.0
115718.0
115739.0
115712.0
115699.0
115596.0
115642.0
115674.0
115744.0
115750.0
115843.0
115789.0
115787.0
115694.0
115763.0
115762.0
115770.0
115826.0
115609.0
115672.0
115665.0
115555.0
115757.0
115682.0
115617.0
115769.0
115716.0
115667.0
115740.0
115633.0
115649.0
115795.0
115757.0
115761.0
115746.0
115682.0
115761.0
115812.0
115686.0
115746.0
115913.0
115662.0
115740.0
115887.0
115878.0
115835.0
115769.0
115751.0
115768.0
115709.0
115678.0
115713.0
115746.0
115667.0
115846.0
115770.0
115743.0
115759.0
115792.0
115777.0
115827.0
115782.0
115623.0
115697.0
115699.0
115763.0
115700.0
115830.0
115756.0
115784.0
115736.0
115674.0
115761.0
115686.0
115820.0
115770.0
115693.0
115760.0
115666.0
115823.0
115782.0
115779.0
115793.0
115708.0
115701.0
115715.0
115756.0
115811.0
115799.0
115751.0
115762.0
115633.0
115741.0
115737.0
115698.0
115779.0
115711.0
115625.0
115679.0
115596.0
115787.0
115520.0
115550.0
115688.0
115792.0
115631.0
115598.0
115720.0
115745.0
115726.0
115728.0
115740.0
115731.0
115917.0
115729.0
115732.0
115875.0
115787.0
115756.0
115785.0
115876.0
115720.0
115682.0
115724.0
115666.0
115600.0
115736.0
115720.0
115798.0
115686.0
115723.0
115739.0
115780.0
115752.0
115698.0
115799.0
115708.0
115814.0
115848.0
115728.0
115693.0
115791.0
115756.0
115752.0
115766.0
115721.0
115609.0
115773.0
115780.0
115708.0
115716.0
115690.0
115683.0
115824.0
115866.0
115803.0
115759.0
115708.0
115730.0
115722.0
115649.0
115718.0
115784.0
115697.0
115753.0
115646.0
115842.0
115736.0
115801.0
115835.0
115778.0
115715.0
115694.0
115725.0
115776.0
115802.0
115838.0
115663.0
115841.0
115790.0
115699.0
115718.0
115634.0
115754.0
115638.0
115796.0
115722.0
115720.0
115706.0
115692.0
115662.0
115750.0
115711.0
115803.0
115663.0
115744.0
115753.0
115702.0
115715.0
115689.0
115699.0
115702.0
115840.0
115858.0
115814.0
115783.0
115904.0
115824.0
115863.0
115828.0
115889.0
115805.0
115872.0
115729.0
115671.0
115842.0
115768.0
115709.0
115755.0
115880.0
115840.0
115863.0
115788.0
115787.0
115832.0
115752.0
115808.0
115911.0
115763.0
115773.0
115689.0
115753.0
115763.0
115844.0
115693.0
115809.0
115737.0
115700.0
115765.0
115609.0
115894.0
115733.0
115780.0
115763.0
115771.0
115846.0
115656.0
115808.0
115758.0
115741.0
115731.0
115742.0
115759.0
115858.0
115727.0
115770.0
115827.0
115734.0
115793.0
115751.0
115771.0
115741.0
115588.0
115676.0
115797.0
115713.0
115675.0
115633.0
115738.0
115779.0
115908.0
115774.0
115792.0
115868.0
115831.0
115735.0
115671.0
115818.0
115845.0
115879.0
115931.0
115778.0
115776.0
115821.0
115850.0
115897.0
115717.0
115810.0
115786.0
115776.0
115854.0
115772.0
115742.0
115866.0
115887.0
115737.0
115918.0
115864.0
115911.0
115802.0
115827.0
115671.0
115891.0
115917.0
115910.0
115787.0
115830.0
115786.0
115687.0
115808.0
115699.0
115723.0
115826.0
115684.0
115823.0
115750.0
115781.0
115751.0
115873.0
115731.0
115824.0
115911.0
115860.0
115779.0
115874.0
115876.0
115809.0
115815.0
115826.0
115800.0
115744.0
115835.0
115766.0
115787.0
115795.0
115845.0
115783.0
115892.0
115791.0
115809.0
115913.0
115718.0
115806.0
115732.0
115785.0
115760.0
115819.0
115778.0
115839.0
115819.0
115756.0
115823.0
115762.0
115867.0
115884.0
115614.0
115700.0
115855.0
115762.0
115754.0
115795.0
115757.0
115759.0
115818.0
115866.0
115829.0
115801.0
115787.0
115794.0
115874.0
115718.0
115694.0
115933.0
115790.0
115864.0
115799.0
115968.0
115723.0
115831.0
115824.0
115849.0
115825.0
115883.0
115942.0
115829.0
115830.0
115760.0
115796.0
115805.0
115806.0
115706.0
115709.0
115747.0
115768.0
115731.0
115709.0
115688.0
115790.0
115773.0
115860.0
115746.0
115879.0
115909.0
115731.0
115908.0
115856.0
115828.0
115872.0
115748.0
115740.0
115665.0
115751.0
115811.0
115732.0
115560.0
115782.0
115704.0
115708.0
115768.0
115761.0
115622.0
115761.0
115787.0
115792.0
115737.0
115735.0
115774.0
115731.0
115705.0
115873.0
115850.0
115746.0
115846.0
115702.0
115638.0
115738.0
115748.0
115793.0
115720.0
115791.0
115718.0
115640.0
115637.0
115715.0
115741.0
115829.0
115659.0
115681.0
115769.0
115651.0
115807.0
115856.0
115760.0
115796.0
115816.0
115815.0
115697.0
115787.0
115863.0
115883.0
115845.0
115693.0
115706.0
115674.0
115818.0
115634.0
115765.0
115795.0
115923.0
115732.0
115883.0
115847.0
115846.0
115887.0
115800.0
115818.0
115801.0
115798.0
115841.0
115820.0
115754.0
115732.0
115800.0
115756.0
115738.0
115706.0
115758.0
115772.0
115793.0
115782.0
115707.0
115716.0
115720.0
115686.0
115875.0
115764.0
115708.0
115841.0
115755.0
115882.0
115794.0
115657.0
115689.0
115789.0
115850.0
115800.0
115909.0
115935.0
115868.0
115835.0
115866.0
115738.0
115844.0
115806.0
115829.0
115910.0
115874.0
115887.0
115847.0
115910.0
115803.0
115856.0
115905.0
115878.0
115843.0
115797.0
115896.0
115775.0
115773.0
115825.0
115865.0
115791.0
115812.0
115889.0
115818.0
115848.0
115840.0
115775.0
115722.0
115681.0
115863.0
115812.0
115894.0
115887.0
115819.0
115803.0
115831.0
115938.0
115846.0
115820.0
115792.0
115832.0
115697.0
115822.0
115655.0
115791.0
115744.0
115879.0
115764.0
115801.0
115771.0
115779.0
115780.0
115799.0
115696.0
115844.0
115803.0
115814.0
115719.0
115789.0
115700.0
115691.0
115744.0
115673.0
115759.0
115655.0
115675.0
115647.0
115657.0
115815.0
115851.0
115673.0
115622.0
115759.0
115729.0
115720.0
115721.0
115887.0
115673.0
115643.0
115756.0
115696.0
115882.0
115793.0
115804.0
115682.0
115828.0
115714.0
115688.0
115792.0
115673.0
115792.0
115789.0
115794.0
115842.0
115822.0
115828.0
115742.0
115879.0
115685.0
115703.0
115765.0
115740.0
115689.0
115784.0
115714.0
115737.0
115690.0
115704.0
115703.0
115731.0
115777.0
115680.0
115694.0
115746.0
115755.0
115835.0
115823.0
115754.0
115706.0
115766.0
115731.0
115788.0
115731.0
115879.0
115657.0
115733.0
115731.0
115681.0
115843.0
115881.0
115784.0
115847.0
115695.0
115682.0
115733.0
115739.0
115663.0
115709.0
115646.0
115745.0
115546.0
115685.0
115783.0
115640.0
115759.0
115793.0
115724.0
115735.0
115709.0
115866.0
115792.0
115844.0
115753.0
115839.0
115798.0
115679.0
115707.0
115782.0
115786.0
115802.0
115744.0
115695.0
115763.0
115840.0
115810.0
115803.0
115838.0
115735.0
115790.0
115834.0
115784.0
115706.0
115673.0
115779.0
115775.0
115681.0
115906.0
115730.0
115708.0
115716.0
115782.0
115710.0
115613.0
115781.0
115746.0
115653.0
115664.0
115689.0
115713.0
115658.0
115661.0
115643.0
115654.0
115830.0
115677.0
115705.0
115763.0
115775.0
115734.0
115694.0
115735.0
115783.0
115692.0
115647.0
115752.0
115684.0
115797.0
115764.0
115827.0
115734.0
115719.0
115631.0
115801.0
115819.0
115638.0
115736.0
115698.0
115817.0
115820.0
115832.0
115851.0
115785.0
115776.0
115831.0
115692.0
115758.0
115717.0
115802.0
115782.0
115764.0
115759.0
115697.0
115712.0
115666.0
115761.0
115641.0
115777.0
115697.0
115722.0
115679.0
115719.0
115724.0
115871.0
115775.0
115803.0
115678.0
115772.0
115713.0
115672.0
115738.0
115696.0
115876.0
115706.0
115741.0
115610.0
115731.0
115662.0
115749.0
115750.0
115689.0
115680.0
115702.0
115721.0
115656.0
115647.0
115792.0
115616.0
115744.0
115677.0
115662.0
115721.0
115696.0
115637.0
115782.0
115632.0
115782.0
115703.0
115717.0
115687.0
115791.0
115709.0
115674.0
115717.0
115784.0
115820.0
115739.0
115650.0
115723.0
115771.0
115763.0
115815.0
115780.0
115724.0
115768.0
115695.0
115728.0
115678.0
115734.0
115743.0
115841.0
115732.0
115762.0
115732.0
115676.0
115845.0
115811.0
115735.0
115760.0
115688.0
115782.0
115812.0
115755.0
115891.0
115917.0
115822.0
115951.0
115622.0
115825.0
115773.0
115756.0
115775.0
115816.0
115785.0
115816.0
115747.0
115637.0
115840.0
115844.0
115815.0
115856.0
115837.0
115799.0
115822.0
115697.0
115827.0
115794.0
115739.0
115783.0
115707.0
115713.0
115651.0
115714.0
115728.0
115651.0
115663.0
115733.0
115762.0
115695.0
115751.0
115795.0
115812.0
115785.0
115703.0
115720.0
115745.0
115609.0
115665.0
115568.0
115749.0
115740.0
115779.0
115716.0
115785.0
115805.0
115669.0
115735.0
115662.0
115686.0
115671.0
115742.0
115746.0
115757.0
115780.0
115738.0
115668.0
115826.0
115808.0
115759.0
115780.0
115710.0
115728.0
115747.0
115719.0
115823.0
115649.0
115721.0
115688.0
115776.0
115643.0
115661.0
115671.0
115594.0
115748.0
115767.0
115576.0
115691.0
115643.0
115682.0
115656.0
115706.0
115648.0
115638.0
115664.0
115609.0
115683.0
115538.0
115671.0
115655.0
115808.0
115849.0
115733.0
115732.0
115746.0
115653.0
115741.0
115737.0
115657.0
115695.0
115849.0
115669.0
115835.0
115741.0
115865.0
115736.0
115725.0
115780.0
115818.0
115827.0
115709.0
115734.0
115787.0
115764.0
115808.0
115732.0
115788.0
115788.0
115769.0
115793.0
115709.0
115764.0
115794.0
115736.0
115806.0
115681.0
115934.0
115778.0
115738.0
115747.0
115824.0
115775.0
115714.0
115783.0
115709.0
115844.0
115867.0
115879.0
115827.0
115821.0
115762.0
115733.0
115645.0
115634.0
115629.0
115670.0
115682.0
115744.0
115667.0
115843.0
115732.0
115763.0
115718.0
115778.0
115754.0
115717.0
115711.0
115774.0
115790.0
115803.0
115778.0
115854.0
115763.0
115886.0
115880.0
115773.0
115779.0
115751.0
115736.0
115701.0
115694.0
115644.0
115825.0
115738.0
115840.0
115805.0
115779.0
115734.0
115885.0
115696.0
115833.0
115743.0
115872.0
115769.0
115818.0
115682.0
115843.0
115797.0
115675.0
115685.0
115652.0
115687.0
115783.0
115647.0
115771.0
115638.0
115782.0
115832.0
115759.0
115769.0
115741.0
115792.0
115731.0
115808.0
115696.0
115666.0
115753.0
115793.0
115767.0
115831.0
115801.0
115710.0
115688.0
115661.0
115680.0
115663.0
115760.0
115724.0
115767.0
115647.0
115724.0
115774.0
115748.0
115764.0
115705.0
115760.0
115694.0
115787.0
115732.0
115751.0
115758.0
115797.0
115723.0
115816.0
115627.0
115691.0
115769.0
115829.0
115731.0
115759.0
115663.0
115852.0
115725.0
115655.0
115786.0
115719.0
115656.0
115673.0
115628.0
115802.0
115878.0
115768.0
115937.0
115879.0
115929.0
115761.0
115865.0
115807.0
115725.0
115820.0
115805.0
115858.0
115821.0
115787.0
115871.0
115788.0
115824.0
115847.0
115753.0
115842.0
115862.0
115884.0
115761.0
115884.0
115774.0
115830.0
115740.0
115806.0
115751.0
115775.0
115743.0
115714.0
115669.0
115630.0
115751.0
115719.0
115690.0
115773.0
115785.0
115854.0
115759.0
115763.0
115788.0
115728.0
115694.0
115737.0
115823.0
115778.0
115792.0
115825.0
115821.0
115749.0
115746.0
115772.0
115870.0
115805.0
115820.0
115795.0
115821.0
115829.0
115837.0
115944.0
115878.0
115833.0
115869.0
115782.0
115799.0
115787.0
115720.0
115781.0
115774.0
115724.0
115789.0
115733.0
115635.0
115776.0
115829.0
115792.0
115783.0
115681.0
115658.0
115831.0
115735.0
115804.0
115804.0
115844.0
115860.0
115776.0
115778.0
115843.0
115760.0
115764.0
115833.0
115685.0
115696.0
115858.0
115743.0
115668.0
115806.0
115741.0
115705.0
115707.0
115684.0
115708.0
115649.0
115749.0
115698.0
115703.0
115726.0
115733.0
115745.0
115664.0
115750.0
115736.0
115676.0
115707.0
115719.0
115824.0
115846.0
115897.0
115858.0
115842.0
115860.0
115800.0
115798.0
115867.0
115738.0
115867.0
115869.0
115814.0
115916.0
115802.0
115790.0
115758.0
115819.0
115827.0
115845.0
115851.0
115835.0
115830.0
115835.0
115793.0
115767.0
115833.0
115817.0
115879.0
115908.0
115859.0
115821.0
115842.0
115785.0
115915.0
115811.0
115826.0
115788.0
115927.0
115937.0
115890.0
115924.0
115822.0
115892.0
115803.0
115912.0
115809.0
115917.0
115788.0
115819.0
115839.0
115911.0
115798.0
115808.0
115845.0
115735.0
115679.0
115703.0
115706.0
115746.0
115762.0
115808.0
115852.0
115862.0
115906.0
115933.0
115850.0
115857.0
115843.0
115851.0
115794.0
115846.0
115910.0
115844.0
115852.0
115708.0
115869.0
115826.0
115856.0
115824.0
115788.0
115848.0
115930.0
115919.0
115889.0
115913.0
115790.0
115865.0
115815.0
115842.0
115858.0
115884.0
115833.0
115861.0
115889.0
115831.0
115748.0
115852.0
115929.0
115737.0
115987.0
115770.0
115905.0
115815.0
115735.0
115825.0
115748.0
115858.0
115814.0
115789.0
115817.0
115864.0
115891.0
115817.0
115963.0
115789.0
115780.0
115923.0
115832.0
115858.0
115989.0
115887.0
116014.0
115878.0
115810.0
115941.0
115814.0
115883.0
115870.0
115994.0
115942.0
115953.0
116004.0
115886.0
116012.0
115864.0
115943.0
115793.0
115948.0
115910.0
115738.0
115806.0
116017.0
115785.0
115718.0
115738.0
115815.0
115864.0
115944.0
115855.0
115900.0
115874.0
115857.0
115795.0
115739.0
115810.0
115724.0
115807.0
115768.0
115902.0
115829.0
115851.0
115817.0
115964.0
115810.0
115967.0
115983.0
115805.0
115807.0
115764.0
115802.0
115742.0
115829.0
115798.0
115893.0
115818.0
115886.0
115793.0
115918.0
115880.0
115816.0
115820.0
115883.0
115848.0
115797.0
115815.0
115963.0
115953.0
115829.0
115862.0
115954.0
115901.0
115915.0
115996.0
115875.0
115883.0
115800.0
116008.0
115868.0
115930.0
115908.0
115866.0
115844.0
115850.0
115900.0
115843.0
115834.0
115868.0
115824.0
115840.0
115804.0
115845.0
115754.0
115798.0
115802.0
115847.0
115962.0
115878.0
115913.0
115911.0
115871.0
115874.0
115867.0
115812.0
115913.0
115872.0
115845.0
115774.0
115843.0
115840.0
115788.0
115771.0
115779.0
115892.0
115824.0
115806.0
115783.0
115848.0
115855.0
115834.0
115927.0
115792.0
115768.0
115939.0
115796.0
115839.0
115880.0
115903.0
115760.0
115917.0
115845.0
115871.0
115896.0
115898.0
115854.0
115845.0
115935.0
115821.0
115951.0
115719.0
115800.0
115825.0
115860.0
115887.0
115887.0
115853.0
115855.0
115863.0
115850.0
115820.0
115907.0
115897.0
115818.0
115871.0
115904.0
115767.0
115867.0
115746.0
115631.0
115804.0
115677.0
115884.0
115858.0
115787.0
115826.0
115846.0
115858.0
115789.0
115774.0
115735.0
115854.0
115803.0
115830.0
115834.0
115792.0
115909.0
115808.0
115899.0
115887.0
115826.0
115722.0
115835.0
115726.0
115875.0
115811.0
115846.0
115808.0
115921.0
115833.0
115828.0
115895.0
115903.0
115793.0
115876.0
115979.0
115840.0
115868.0
115837.0
115816.0
115887.0
115815.0
115894.0
115844.0
115772.0
115825.0
115826.0
115816.0
115831.0
115800.0
115820.0
115690.0
115719.0
115774.0
115841.0
115911.0
115901.0
115895.0
115871.0
115814.0
115926.0
115805.0
115853.0
115901.0
115919.0
115816.0
115892.0
115881.0
115705.0
115852.0
115804.0
115837.0
115945.0
115842.0
115890.0
115786.0
115833.0
115873.0
115844.0
115812.0
115822.0
115817.0
115852.0
115824.0
115796.0
115802.0
115772.0
115830.0
115782.0
115844.0
115841.0
115846.0
115704.0
115787.0
115695.0
115789.0
115847.0
115769.0
115788.0
115852.0
115815.0
115844.0
115822.0
115913.0
115856.0
115968.0
115858.0
115785.0
115839.0
115838.0
115865.0
115783.0
115882.0
115866.0
115874.0
115860.0
115818.0
115853.0
115769.0
115860.0
115769.0
115894.0
115851.0
115961.0
115816.0
115781.0
115732.0
115821.0
115807.0
115793.0
115865.0
115762.0
115911.0
115902.0
115888.0
115961.0
115733.0
115811.0
115871.0
115693.0
115832.0
115696.0
115855.0
115722.0
115799.0
115813.0
115701.0
115877.0
115913.0
115920.0
115816.0
115746.0
115902.0
115785.0
115894.0
115859.0
115838.0
115819.0
115874.0
115872.0
115810.0
115762.0
115843.0
115870.0
115891.0
115732.0
115832.0
115937.0
115718.0
115929.0
115838.0
115764.0
115843.0
115856.0
115844.0
115905.0
115820.0
115825.0
115918.0
115890.0
115876.0
115838.0
115772.0
115830.0
115892.0
115808.0
115945.0
115854.0
115923.0
115854.0
115875.0
115763.0
115838.0
115944.0
115952.0
115992.0
115935.0
115808.0
115954.0
115852.0
115908.0
115885.0
115778.0
115956.0
115908.0
115926.0
115892.0
115903.0
115968.0
115849.0
115803.0
115793.0
115817.0
115727.0
115875.0
115893.0
115808.0
115830.0
115847.0
115837.0
115733.0
115911.0
115803.0
115898.0
115818.0
115885.0
115907.0
115941.0
115904.0
115993.0
116035.0
115922.0
115922.0
115956.0
115869.0
115879.0
115945.0
115909.0
115823.0
115902.0
115870.0
115905.0
115840.0
115914.0
115976.0
115929.0
115838.0
115974.0
115786.0
115852.0
115851.0
115792.0
115827.0
115783.0
115925.0
115793.0
115916.0
115966.0
115873.0
115896.0
115974.0
115898.0
115896.0
115984.0
115867.0
115844.0
115815.0
115937.0
115785.0
115889.0
115857.0
115891.0
115891.0
115956.0
116006.0
115939.0
115897.0
115961.0
115823.0
115829.0
115886.0
115952.0
115929.0
115935.0
115826.0
115917.0
115884.0
115914.0
116007.0
115936.0
115976.0
115876.0
115856.0
115918.0
115890.0
115916.0
115827.0
115884.0
115783.0
115820.0
115895.0
115805.0
115985.0
115909.0
115803.0
115785.0
115869.0
115888.0
115834.0
115843.0
115782.0
115999.0
115884.0
115908.0
115849.0
115927.0
115844.0
115999.0
115898.0
115748.0
115768.0
115829.0
115869.0
115931.0
115837.0
115952.0
115945.0
115874.0
116003.0
115949.0
116068.0
115952.0
115945.0
115955.0
115839.0
115916.0
115950.0
115740.0
115905.0
115876.0
115940.0
115922.0
115722.0
115793.0
115857.0
115863.0
115927.0
115889.0
115775.0
115804.0
115899.0
115859.0
115802.0
115818.0
115800.0
115783.0
115912.0
115851.0
115994.0
115948.0
115872.0
115928.0
115828.0
115736.0
115801.0
115669.0
115846.0
115736.0
115804.0
115719.0
115862.0
115752.0
115791.0
115772.0
115838.0
115840.0
115873.0
115826.0
115856.0
115831.0
115913.0
115767.0
115893.0
115938.0
115752.0
115784.0
115864.0
115913.0
115894.0
115816.0
115857.0
115798.0
115871.0
115886.0
115959.0
115826.0
115942.0
115869.0
115987.0
115899.0
116071.0
115937.0
115892.0
115879.0
115914.0
115965.0
115843.0
115769.0
115785.0
115753.0
115861.0
115811.0
115736.0
115743.0
115788.0
115830.0
115801.0
115888.0
115881.0
115875.0
115830.0
115894.0
115807.0
115906.0
116010.0
115908.0
115930.0
115868.0
115981.0
115844.0
115834.0
115958.0
115841.0
115894.0
115939.0
115858.0
115836.0
115886.0
115759.0
115820.0
115883.0
115926.0
115886.0
115913.0
115928.0
115830.0
115791.0
115876.0
115935.0
115875.0
115925.0
115901.0
115911.0
115791.0
115996.0
115870.0
115944.0
115887.0
115876.0
115715.0
115861.0
115892.0
116018.0
115888.0
115966.0
115947.0
115866.0
115912.0
115804.0
115808.0
115979.0
115767.0
115857.0
115813.0
115898.0
115900.0
115857.0
115896.0
115886.0
115879.0
115870.0
115998.0
115810.0
115764.0
115836.0
115938.0
115803.0
115842.0
115850.0
115850.0
115902.0
115916.0
115961.0
115705.0
115937.0
115767.0
115871.0
115854.0
115935.0
115897.0
115837.0
115794.0
115776.0
115801.0
115827.0
115852.0
115878.0
115817.0
115813.0
115865.0
115798.0
115897.0
115787.0
115936.0
115961.0
115750.0
115817.0
115815.0
115740.0
115812.0
115880.0
116035.0
115863.0
115895.0
115810.0
115825.0
115773.0
115839.0
116003.0
115834.0
115747.0
115841.0
115898.0
115979.0
115890.0
115906.0
115881.0
115911.0
115862.0
115868.0
115970.0
115928.0
115884.0
115931.0
115812.0
115974.0
115904.0
115975.0
115859.0
115845.0
115925.0
115971.0
115829.0
115852.0
115894.0
115945.0
115814.0
115864.0
115852.0
115878.0
115838.0
115910.0
115800.0
115750.0
115895.0
115872.0
115880.0
115885.0
115862.0
115794.0
115817.0
115856.0
115926.0
115859.0
115890.0
115940.0
115775.0
115912.0
115938.0
115891.0
115888.0
115948.0
115878.0
115978.0
115943.0
115913.0
115733.0
115851.0
115945.0
115889.0
115903.0
115802.0
115809.0
115874.0
115773.0
115895.0
115765.0
115897.0
115812.0
115772.0
115872.0
115894.0
115839.0
115807.0
115942.0
115752.0
115726.0
115745.0
115743.0
115811.0
115842.0
115899.0
115816.0
115775.0
115836.0
115769.0
115960.0
115856.0
115922.0
115934.0
115788.0
115840.0
115919.0
115880.0
115870.0
115917.0
115931.0
115884.0
115841.0
115899.0
115933.0
115877.0
115931.0
115942.0
115950.0
115989.0
115887.0
115959.0
115857.0
115964.0
115923.0
116016.0
115973.0
115892.0
116031.0
115937.0
115928.0
115828.0
115888.0
115886.0
115894.0
115904.0
115891.0
115932.0
115844.0
115844.0
116045.0
115829.0
115838.0
115855.0
115855.0
115913.0
115879.0
115831.0
115991.0
115912.0
115922.0
115973.0
115928.0
115951.0
115844.0
115949.0
115949.0
115914.0
115857.0
115827.0
115872.0
115814.0
115899.0
115899.0
115924.0
115843.0
115926.0
115802.0
115714.0
115831.0
115833.0
115891.0
115897.0
115913.0
115873.0
115790.0
115914.0
115855.0
115874.0
115930.0
115909.0
115915.0
115891.0
115849.0
115880.0
115919.0
115832.0
115838.0
115831.0
115863.0
115895.0
115835.0
115931.0
115787.0
115892.0
115949.0
115941.0
115853.0
115931.0
115883.0
115969.0
115831.0
115789.0
115920.0
115855.0
115900.0
115989.0
115897.0
115899.0
115885.0
115897.0
115923.0
115892.0
115822.0
115854.0
115883.0
115720.0
115931.0
115826.0
115872.0
115813.0
115836.0
115787.0
115806.0
115949.0
115957.0
115944.0
115859.0
115819.0
115862.0
115800.0
115842.0
115856.0
115834.0
115862.0
115744.0
115868.0
115945.0
115897.0
115918.0
115881.0
115899.0
115833.0
115801.0
115849.0
116006.0
115883.0
115990.0
115840.0
115832.0
115940.0
115974.0
115904.0
115896.0
115951.0
115866.0
115838.0
115911.0
115858.0
115965.0
115883.0
115898.0
115895.0
115853.0
115771.0
115871.0
115924.0
115813.0
115851.0
115818.0
115849.0
115870.0
115792.0
115795.0
115819.0
115851.0
115859.0
115873.0
115804.0
115824.0
115895.0
115895.0
115846.0
115809.0
115846.0
115919.0
115797.0
115787.0
115916.0
115823.0
115908.0
115817.0
115901.0
115889.0
115860.0
115799.0
115876.0
115907.0
115826.0
115845.0
115905.0
115930.0
115924.0
115911.0
115854.0
115971.0
116005.0
115948.0
115927.0
116035.0
116028.0
115895.0
115866.0
115960.0
115932.0
115953.0
115901.0
115937.0
115948.0
115914.0
115859.0
115799.0
115961.0
115906.0
115889.0
115841.0
115795.0
115859.0
115907.0
115849.0
115832.0
115908.0
115812.0
115873.0
115732.0
115722.0
115909.0
115783.0
115848.0
115667.0
115767.0
115658.0
115861.0
115700.0
115582.0
115780.0
115892.0
115917.0
115840.0
115848.0
115793.0
115742.0
115810.0
115859.0
115785.0
115714.0
115745.0
115828.0
115780.0
115794.0
115731.0
115689.0
115781.0
115824.0
115732.0
115811.0
115771.0
115856.0
115740.0
115767.0
115761.0
115854.0
115838.0
115855.0
115805.0
115821.0
115805.0
115773.0
115872.0
115825.0
115862.0
115862.0
115803.0
115817.0
115835.0
115748.0
115783.0
115802.0
115905.0
115852.0
115831.0
115831.0
115801.0
115793.0
115833.0
115788.0
115708.0
115800.0
115836.0
115877.0
115859.0
115831.0
115884.0
115769.0
115817.0
115776.0
115819.0
115784.0
115780.0
115883.0
115740.0
115809.0
115908.0
115890.0
115782.0
115941.0
115969.0
115871.0
115936.0
115850.0
115892.0
115860.0
115855.0
115851.0
115788.0
115784.0
115796.0
115806.0
115864.0
115900.0
115827.0
115866.0
115863.0
115736.0
115828.0
115899.0
115908.0
115849.0
115853.0
115847.0
115885.0
115939.0
115876.0
115836.0
115752.0
115910.0
115814.0
115752.0
115749.0
115741.0
115873.0
115730.0
115674.0
115770.0
115775.0
115753.0
115783.0
115763.0
115839.0
115784.0
115833.0
115906.0
115822.0
115786.0
115761.0
115667.0
115746.0
115719.0
115656.0
115712.0
115644.0
115740.0
115811.0
115642.0
115706.0
115784.0
115785.0
115884.0
115717.0
115743.0
115772.0
115796.0
115713.0
115751.0
115878.0
115750.0
115768.0
115919.0
115855.0
115901.0
115879.0
115782.0
115770.0
115855.0
115833.0
115850.0
115910.0
115815.0
115839.0
115907.0
115790.0
115885.0
115944.0
115843.0
115881.0
115852.0
115850.0
115764.0
115844.0
115754.0
115806.0
115920.0
115761.0
115832.0
115980.0
115786.0
115798.0
115842.0
115800.0
115838.0
115704.0
115823.0
115787.0
115703.0
115810.0
115867.0
115716.0
115746.0
115907.0
115776.0
115715.0
115855.0
115827.0
115750.0
115700.0
115738.0
115760.0
115860.0
115739.0
115745.0
115888.0
115867.0
115961.0
115800.0
115764.0
115703.0
115763.0
115726.0
115816.0
115837.0
115914.0
115851.0
115845.0
115782.0
115814.0
115918.0
115937.0
115737.0
115906.0
115821.0
115792.0
115790.0
115758.0
115864.0
115917.0
115778.0
115767.0
115897.0
115814.0
115793.0
115819.0
115820.0
115709.0
115855.0
115760.0
115779.0
115791.0
115766.0
115843.0
115822.0
115727.0
115812.0
115829.0
115880.0
115815.0
115783.0
115813.0
115821.0
115831.0
115796.0
115878.0
115768.0
115843.0
115842.0
115860.0
115753.0
115771.0
115783.0
115850.0
115732.0
115924.0
115859.0
115806.0
115870.0
115901.0
115935.0
115889.0
115782.0
115814.0
115874.0
115810.0
115750.0
115720.0
115866.0
115744.0
115797.0
115773.0
115786.0
115807.0
115701.0
115720.0
115718.0
115683.0
115769.0
115849.0
115807.0
115759.0
115871.0
115927.0
115929.0
115854.0
115805.0
115846.0
115895.0
115963.0
115962.0
115909.0
115905.0
115830.0
115790.0
115846.0
115820.0
115846.0
115903.0
115800.0
115924.0
115926.0
115887.0
115769.0
115901.0
115860.0
115858.0
115907.0
115870.0
115731.0
115867.0
115956.0
115756.0
115858.0
115922.0
115700.0
115868.0
115786.0
115764.0
115857.0
115817.0
115739.0
115784.0
115877.0
115879.0
115753.0
115862.0
115790.0
115835.0
115785.0
115834.0
115793.0
115918.0
115863.0
115861.0
115949.0
115843.0
115956.0
115828.0
115840.0
115764.0
115807.0
115870.0
115826.0
115891.0
115983.0
115853.0
115908.0
115872.0
115800.0
115861.0
115884.0
115787.0
115917.0
115847.0
115861.0
115774.0
115802.0
115825.0
115810.0
115799.0
115899.0
115904.0
115897.0
115787.0
115877.0
115808.0
115881.0
115821.0
115778.0
115981.0
115919.0
115954.0
115875.0
115844.0
115807.0
115832.0
115873.0
115913.0
115743.0
115881.0
115927.0
116085.0
115965.0
115838.0
115952.0
115812.0
115925.0
115918.0
115844.0
115834.0
115806.0
116036.0
115921.0
115767.0
115885.0
115908.0
115896.0
115870.0
115950.0
115921.0
115923.0
115711.0
115869.0
115808.0
115750.0
115924.0
115825.0
115790.0
115880.0
115822.0
115815.0
115834.0
115865.0
116001.0
115723.0
115963.0
115923.0
115931.0
115954.0
115928.0
115873.0
115860.0
115855.0
115908.0
115922.0
115815.0
115895.0
115907.0
115910.0
115705.0
115875.0
115978.0
115866.0
115874.0
115867.0
115860.0
115874.0
115936.0
115985.0
116078.0
115914.0
116007.0
116000.0
115905.0
115831.0
115890.0
115984.0
116013.0
115924.0
115941.0
115949.0
115971.0
115876.0
115890.0
115874.0
115907.0
115780.0
115848.0
115856.0
115734.0
115874.0
115884.0
115868.0
115868.0
115901.0
115812.0
115818.0
115887.0
115871.0
115812.0
115902.0
115926.0
115781.0
115907.0
115984.0
115894.0
115792.0
115751.0
115970.0
115944.0
115819.0
115941.0
115916.0
115862.0
115887.0
115851.0
115895.0
115893.0
115911.0
115898.0
115809.0
115898.0
115843.0
115837.0
115820.0
115808.0
115861.0
115942.0
115818.0
115820.0
115890.0
115872.0
115829.0
115941.0
115940.0
115899.0
115854.0
115987.0
116017.0
115924.0
115878.0
115807.0
115932.0
115889.0
115934.0
115973.0
115843.0
115962.0
115820.0
115884.0
115843.0
115900.0
115860.0
115901.0
115809.0
115754.0
115891.0
115885.0
115904.0
115910.0
115802.0
115900.0
115859.0
115911.0
115844.0
115803.0
115917.0
115909.0
115838.0
115867.0
115977.0
115840.0
115886.0
115863.0
115883.0
115862.0
115821.0
115977.0
115837.0
115860.0
115871.0
115837.0
115861.0
115789.0
115803.0
115847.0
115755.0
115789.0
115824.0
115829.0
115814.0
115766.0
115790.0
115781.0
115754.0
115853.0
115801.0
115967.0
115832.0
115856.0
115893.0
115886.0
115906.0
115952.0
115890.0
115836.0
115895.0
115817.0
115857.0
115797.0
115774.0
115868.0
115866.0
115813.0
115776.0
115898.0
115620.0
115797.0
115719.0
115823.0
115746.0
115862.0
115869.0
115822.0
115815.0
115849.0
115884.0
115794.0
115841.0
115909.0
115760.0
115813.0
115818.0
115901.0
115898.0
115872.0
115835.0
115776.0
115794.0
115787.0
115826.0
115811.0
115922.0
115839.0
115840.0
115808.0
115842.0
115779.0
115813.0
115781.0
115870.0
115887.0
115890.0
115925.0
115940.0
115832.0
115860.0
115965.0
115901.0
115857.0
115821.0
115948.0
115805.0
115934.0
115814.0
115796.0
115767.0
115850.0
115909.0
115810.0
115825.0
115853.0
115682.0
115905.0
115825.0
115768.0
115808.0
115793.0
115804.0
115886.0
115926.0
115864.0
115841.0
115829.0
