113013.0
113115.0
113083.0
113099.0
113204.0
113317.0
113230.0
113350.0
113300.0
113276.0
113325.0
113232.0
113297.0
113332.0
113357.0
113392.0
113307.0
113245.0
113330.0
113398.0
113443.0
113249.0
113429.0
113382.0
113307.0
113290.0
113375.0
113375.0
113406.0
113391.0
113392.0
113440.0
113270.0
113413.0
113402.0
113442.0
113461.0
113398.0
113396.0
113424.0
113407.0
113400.0
113414.0
113440.0
113461.0
113365.0
113480.0
113433.0
113404.0
113331.0
113356.0
113527.0
113475.0
113476.0
113366.0
113460.0
113404.0
113420.0
113477.0
113392.0
113484.0
113438.0
113386.0
113366.0
113424.0
113467.0
113450.0
113508.0
113415.0
113381.0
113453.0
113399.0
113483.0
113579.0
113578.0
113523.0
113465.0
113528.0
113497.0
113507.0
113437.0
113435.0
113357.0
113421.0
113552.0
113458.0
113488.0
113521.0
113443.0
113438.0
113579.0
113626.0
113500.0
113432.0
113574.0
113537.0
113562.0
113507.0
113509.0
113504.0
113500.0
113490.0
113444.0
113609.0
113413.0
113574.0
113661.0
113585.0
113432.0
113510.0
113418.0
113568.0
113565.0
113497.0
113536.0
113475.0
113431.0
113361.0
113422.0
113408.0
113405.0
113420.0
113508.0
113421.0
113438.0
113499.0
113524.0
113569.0
113505.0
113543.0
113548.0
113422.0
113478.0
113496.0
113467.0
113525.0
113575.0
113551.0
113532.0
113657.0
113539.0
113493.0
113552.0
113520.0
113593.0
113482.0
113615.0
113615.0
113481.0
113614.0
113515.0
113508.0
113482.0
113465.0
113453.0
113422.0
113499.0
113629.0
113507.0
113549.0
113580.0
113544.0
113570.0
113617.0
113547.0
113632.0
113549.0
113571.0
113558.0
113472.0
113529.0
113563.0
113551.0
113560.0
113611.0
113603.0
113480.0
113593.0
113502.0
113577.0
113599.0
113590.0
113609.0
113542.0
113661.0
113581.0
113556.0
113620.0
113580.0
113609.0
113619.0
113700.0
113628.0
113683.0
113619.0
113626.0
113649.0
113710.0
113622.0
113537.0
113689.0
113542.0
113630.0
113524.0
113582.0
113555.0
113658.0
113587.0
113537.0
113589.0
113592.0
113675.0
113580.0
113611.0
113557.0
113664.0
113638.0
113607.0
113679.0
113629.0
113654.0
113608.0
113623.0
113565.0
113546.0
113609.0
113529.0
113631.0
113516.0
113671.0
113540.0
113524.0
113615.0
113571.0
113577.0
113558.0
113655.0
113625.0
113596.0
113670.0
113618.0
113628.0
113620.0
113540.0
113537.0
113567.0
113599.0
113661.0
113506.0
113590.0
113573.0
113692.0
113541.0
113583.0
113621.0
113539.0
113687.0
113533.0
113672.0
113662.0
113562.0
113516.0
113553.0
113505.0
113572.0
113555.0
113666.0
113567.0
113472.0
113587.0
113475.0
113520.0
113514.0
113482.0
113559.0
113484.0
113509.0
113473.0
113538.0
113589.0
113574.0
113502.0
113451.0
113653.0
113582.0
113494.0
113500.0
113523.0
113549.0
113490.0
113478.0
113506.0
113540.0
113618.0
113558.0
113644.0
113559.0
113657.0
113531.0
113566.0
113500.0
113596.0
113710.0
113615.0
113569.0
113601.0
113676.0
113540.0
113560.0
113568.0
113506.0
113579.0
113480.0
113538.0
113549.0
113593.0
113451.0
113515.0
113506.0
113451.0
113497.0
113460.0
113444.0
113540.0
113560.0
113681.0
113466.0
113548.0
113608.0
113668.0
113476.0
113545.0
113605.0
113641.0
113527.0
113703.0
113632.0
113540.0
113587.0
113564.0
113569.0
113580.0
113526.0
113552.0
113591.0
113601.0
113536.0
113542.0
113515.0
113491.0
113568.0
113541.0
113409.0
113627.0
113596.0
113508.0
113548.0
113594.0
113614.0
113540.0
113518.0
113547.0
113486.0
113430.0
113592.0
113570.0
113636.0
113479.0
113533.0
113583.0
113480.0
113571.0
113423.0
113551.0
113443.0
113475.0
113441.0
113472.0
113495.0
113643.0
113531.0
113605.0
113502.0
113504.0
113522.0
113532.0
113659.0
113474.0
113628.0
113637.0
113659.0
113552.0
113561.0
113570.0
113536.0
113491.0
113541.0
113590.0
113502.0
113521.0
113580.0
113481.0
113523.0
113499.0
113535.0
113504.0
113529.0
113572.0
113589.0
113471.0
113476.0
113504.0
113557.0
113574.0
113513.0
113596.0
113513.0
113532.0
113538.0
113563.0
113517.0
113600.0
113629.0
113563.0
113581.0
113626.0
113516.0
113586.0
113495.0
113515.0
113555.0
113654.0
113727.0
113523.0
113609.0
113702.0
113610.0
113626.0
113614.0
113647.0
113635.0
113604.0
113570.0
113643.0
113738.0
113723.0
113619.0
113563.0
113634.0
113637.0
113575.0
113638.0
113549.0
113556.0
113532.0
113702.0
113625.0
113623.0
113596.0
113580.0
113560.0
113578.0
113669.0
113631.0
113662.0
113636.0
113488.0
113568.0
113580.0
113542.0
113530.0
113516.0
113640.0
113618.0
113519.0
113610.0
113619.0
113527.0
113479.0
113636.0
113546.0
113549.0
113432.0
113446.0
113554.0
113561.0
113565.0
113546.0
113485.0
113661.0
113520.0
113561.0
113511.0
113609.0
113555.0
113543.0
113588.0
113569.0
113523.0
113556.0
113507.0
113515.0
113590.0
113494.0
113612.0
113639.0
113641.0
113579.0
113609.0
113583.0
113681.0
113664.0
113594.0
113598.0
113639.0
113595.0
113612.0
113604.0
113592.0
113535.0
113650.0
113646.0
113552.0
113642.0
113663.0
113594.0
113631.0
113546.0
113479.0
113533.0
113489.0
113592.0
113575.0
113587.0
113552.0
113447.0
113676.0
113445.0
113587.0
113506.0
113614.0
113600.0
113550.0
113519.0
113635.0
113531.0
113630.0
113578.0
113606.0
113644.0
113632.0
113604.0
113627.0
113575.0
113578.0
113477.0
113614.0
113519.0
113599.0
113555.0
113555.0
113576.0
113527.0
113628.0
113588.0
113576.0
113494.0
113470.0
113620.0
113576.0
113570.0
113536.0
113564.0
113581.0
113483.0
113610.0
113688.0
113607.0
113617.0
113620.0
113512.0
113563.0
113632.0
113677.0
113647.0
113537.0
113704.0
113575.0
113623.0
113584.0
113582.0
113639.0
113688.0
113479.0
113633.0
113515.0
113664.0
113617.0
113508.0
113450.0
113539.0
113369.0
113545.0
113464.0
113533.0
113462.0
113497.0
113538.0
113609.0
113504.0
113585.0
113597.0
113491.0
113580.0
113483.0
113543.0
113672.0
113560.0
113527.0
113595.0
113567.0
113550.0
113514.0
113596.0
113668.0
113630.0
113597.0
113598.0
113645.0
113544.0
113668.0
113608.0
113699.0
113542.0
113499.0
113573.0
113631.0
113621.0
113660.0
113699.0
113618.0
113700.0
113626.0
113719.0
113586.0
113731.0
113640.0
113637.0
113685.0
113620.0
113570.0
113538.0
113653.0
113627.0
113525.0
113640.0
113529.0
113579.0
113560.0
113539.0
113646.0
113611.0
113623.0
113547.0
113607.0
113620.0
113514.0
113577.0
113559.0
113645.0
113516.0
113519.0
113526.0
113528.0
113516.0
113587.0
113479.0
113512.0
113562.0
113605.0
113529.0
113634.0
113501.0
113603.0
113453.0
113463.0
113637.0
113636.0
113622.0
113464.0
113587.0
113536.0
113620.0
113468.0
113611.0
113595.0
113532.0
113576.0
113605.0
113634.0
113709.0
113633.0
113692.0
113620.0
113749.0
113750.0
113601.0
113653.0
113830.0
113736.0
113772.0
113664.0
113641.0
113663.0
113614.0
113538.0
113564.0
113556.0
113665.0
113672.0
113549.0
113591.0
113708.0
113556.0
113696.0
113559.0
113706.0
113614.0
113641.0
113529.0
113527.0
113487.0
113641.0
113539.0
113609.0
113608.0
113634.0
113595.0
113586.0
113651.0
113643.0
113655.0
113677.0
113712.0
113720.0
113590.0
113679.0
113573.0
113610.0
113570.0
113633.0
113695.0
113637.0
113653.0
113705.0
113709.0
113715.0
113691.0
113662.0
113761.0
113732.0
113729.0
113663.0
113694.0
113603.0
113664.0
113553.0
113686.0
113679.0
113684.0
113668.0
113777.0
113725.0
113649.0
113599.0
113585.0
113605.0
113576.0
113702.0
113679.0
113724.0
113708.0
113688.0
113699.0
113640.0
113556.0
113497.0
113594.0
113444.0
113467.0
113525.0
113567.0
113574.0
113607.0
113527.0
113623.0
113565.0
113567.0
113687.0
113601.0
113585.0
113647.0
113635.0
113694.0
113576.0
113649.0
113534.0
113665.0
113612.0
113613.0
113600.0
113652.0
113556.0
113647.0
113587.0
113714.0
113616.0
113706.0
113563.0
113662.0
113596.0
113601.0
113525.0
113558.0
113599.0
113567.0
113631.0
113632.0
113611.0
113563.0
113674.0
113581.0
113613.0
113584.0
113605.0
113574.0
113600.0
113621.0
113642.0
113629.0
113560.0
113656.0
113689.0
113570.0
113620.0
113673.0
113660.0
113576.0
113616.0
113660.0
113621.0
113667.0
113631.0
113595.0
113665.0
113580.0
113639.0
113546.0
113593.0
113648.0
113714.0
113619.0
113564.0
113484.0
113597.0
113542.0
113609.0
113623.0
113612.0
113573.0
113581.0
113649.0
113686.0
113678.0
113568.0
113616.0
113575.0
113543.0
113539.0
113623.0
113562.0
113564.0
113558.0
113632.0
113690.0
113571.0
113445.0
113522.0
113489.0
113619.0
113497.0
113620.0
113587.0
113582.0
113580.0
113652.0
113565.0
113628.0
113637.0
113613.0
113675.0
113573.0
113611.0
113689.0
113573.0
113584.0
113650.0
113667.0
113642.0
113747.0
113644.0
113728.0
113667.0
113666.0
113649.0
113717.0
113627.0
113617.0
113660.0
113629.0
113678.0
113649.0
113635.0
113666.0
113621.0
113578.0
113621.0
113604.0
113688.0
113640.0
113737.0
113643.0
113612.0
113702.0
113695.0
113702.0
113605.0
113591.0
113550.0
113591.0
113658.0
113618.0
113594.0
113600.0
113659.0
113620.0
113695.0
113750.0
113636.0
113680.0
113685.0
113623.0
113590.0
113612.0
113695.0
113688.0
113697.0
113637.0
113675.0
113688.0
113599.0
113634.0
113661.0
113668.0
113591.0
113826.0
113675.0
113601.0
113656.0
113646.0
113720.0
113724.0
113623.0
113643.0
113675.0
113701.0
113702.0
113750.0
113765.0
113768.0
113688.0
113776.0
113707.0
113693.0
113688.0
113734.0
113676.0
113692.0
113593.0
113785.0
113641.0
113690.0
113634.0
113641.0
113657.0
113631.0
113697.0
113759.0
113644.0
113717.0
113634.0
113734.0
113606.0
113675.0
113647.0
113631.0
113575.0
113624.0
113730.0
113737.0
113675.0
113678.0
113563.0
113539.0
113659.0
113676.0
113660.0
113757.0
113701.0
113698.0
113650.0
113670.0
113678.0
113735.0
113736.0
113582.0
113615.0
113629.0
113512.0
113750.0
113654.0
113589.0
113715.0
113636.0
113640.0
113724.0
113635.0
113631.0
113740.0
113712.0
113720.0
113757.0
113608.0
113724.0
113746.0
113695.0
113719.0
113892.0
113622.0
113650.0
113771.0
113719.0
113694.0
113703.0
113718.0
113663.0
113649.0
113656.0
113646.0
113636.0
113572.0
113739.0
113707.0
113686.0
113710.0
113754.0
113757.0
113815.0
113711.0
113647.0
113723.0
113792.0
113774.0
113752.0
113757.0
113731.0
113719.0
113735.0
113664.0
113730.0
113630.0
113733.0
113752.0
113658.0
113687.0
113639.0
113719.0
113748.0
113717.0
113722.0
113674.0
113657.0
113694.0
113693.0
113754.0
113782.0
113756.0
113687.0
113573.0
113662.0
113706.0
113736.0
113755.0
113621.0
113542.0
113685.0
113617.0
113765.0
113580.0
113577.0
113644.0
113726.0
113618.0
113646.0
113698.0
113680.0
113715.0
113736.0
113758.0
113717.0
113826.0
113671.0
113678.0
113766.0
113766.0
113713.0
113724.0
113706.0
113644.0
113691.0
113697.0
113685.0
113669.0
113701.0
113763.0
113789.0
113704.0
113773.0
113752.0
113848.0
113768.0
113697.0
113783.0
113667.0
113798.0
113801.0
113673.0
113697.0
113816.0
113746.0
113711.0
113737.0
113711.0
113644.0
113772.0
113774.0
113670.0
113719.0
113676.0
113707.0
113785.0
113809.0
113776.0
113726.0
113696.0
113731.0
113756.0
113681.0
113700.0
113690.0
113592.0
113723.0
113626.0
113731.0
113692.0
113732.0
113727.0
113649.0
113654.0
113658.0
113639.0
113704.0
113798.0
113775.0
113667.0
113763.0
113707.0
113616.0
113712.0
113609.0
113735.0
113652.0
113763.0
113714.0
113705.0
113670.0
113659.0
113699.0
113688.0
113703.0
113799.0
113603.0
113672.0
113710.0
113684.0
113685.0
113710.0
113673.0
113681.0
113779.0
113809.0
113803.0
113726.0
113837.0
113761.0
113771.0
113737.0
113805.0
113815.0
113767.0
113672.0
113657.0
113812.0
113679.0
113691.0
113693.0
113798.0
113814.0
113785.0
113734.0
113687.0
113762.0
113711.0
113725.0
113866.0
113709.0
113765.0
113717.0
113713.0
113713.0
113766.0
113659.0
113773.0
113705.0
113670.0
113737.0
113521.0
113870.0
113751.0
113757.0
113754.0
113743.0
113847.0
113664.0
113809.0
113764.0
113722.0
113741.0
113726.0
113740.0
113819.0
113725.0
113704.0
113752.0
113680.0
113699.0
113631.0
113672.0
113655.0
113529.0
113609.0
113733.0
113593.0
113614.0
113621.0
113666.0
113659.0
113780.0
113712.0
113705.0
113827.0
113793.0
113748.0
113648.0
113792.0
113764.0
113790.0
113814.0
113732.0
113787.0
113761.0
113743.0
113831.0
113614.0
113736.0
113783.0
113798.0
113829.0
113714.0
113674.0
113791.0
113801.0
113677.0
113834.0
113811.0
113816.0
113776.0
113766.0
113650.0
113782.0
113813.0
113817.0
113675.0
113745.0
113726.0
113645.0
113710.0
113634.0
113631.0
113767.0
113619.0
113703.0
113673.0
113619.0
113631.0
113775.0
113665.0
113781.0
113793.0
113754.0
113723.0
113808.0
113813.0
113785.0
113753.0
113785.0
113745.0
113715.0
113790.0
113683.0
113762.0
113768.0
113775.0
113716.0
113793.0
113803.0
113772.0
113836.0
113709.0
113748.0
113669.0
113722.0
113741.0
113745.0
113713.0
113725.0
113801.0
113697.0
113730.0
113713.0
113788.0
113795.0
113605.0
113699.0
113812.0
113693.0
113698.0
113681.0
113674.0
113674.0
113772.0
113793.0
113765.0
113731.0
113737.0
113752.0
113781.0
113672.0
113623.0
113847.0
113746.0
113783.0
113714.0
113847.0
113644.0
113756.0
113778.0
113789.0
113707.0
113770.0
113869.0
113785.0
113821.0
113732.0
113744.0
113768.0
113759.0
113630.0
113716.0
113648.0
113702.0
113687.0
113615.0
113691.0
113771.0
113661.0
113736.0
113656.0
113727.0
113766.0
113641.0
113780.0
113761.0
113742.0
113786.0
113679.0
113633.0
113605.0
113678.0
113733.0
113697.0
113580.0
113699.0
113657.0
113660.0
113725.0
113753.0
113642.0
113733.0
113806.0
113823.0
113704.0
113756.0
113783.0
113776.0
113678.0
113765.0
113836.0
113771.0
113800.0
113607.0
113582.0
113679.0
113681.0
113710.0
113642.0
113786.0
113682.0
113672.0
113671.0
113715.0
113706.0
113763.0
113682.0
113734.0
113783.0
113682.0
113795.0
113811.0
113810.0
113813.0
113841.0
113827.0
113736.0
113813.0
113916.0
113908.0
113887.0
113778.0
113771.0
113693.0
113816.0
113669.0
113713.0
113803.0
113926.0
113702.0
113821.0
113773.0
113777.0
113781.0
113715.0
113769.0
113782.0
113785.0
113797.0
113732.0
113710.0
113709.0
113790.0
113760.0
113724.0
113681.0
113791.0
113727.0
113744.0
113699.0
113690.0
113701.0
113730.0
113651.0
113875.0
113763.0
113683.0
113806.0
113752.0
113826.0
113699.0
113598.0
113668.0
113798.0
113822.0
113757.0
113869.0
113899.0
113775.0
113809.0
113716.0
113605.0
113744.0
113650.0
113654.0
113797.0
113764.0
113788.0
113805.0
113860.0
113760.0
113784.0
113798.0
113831.0
113799.0
113741.0
113858.0
113714.0
113708.0
113750.0
113786.0
113720.0
113733.0
113844.0
113764.0
113777.0
113748.0
113702.0
113735.0
113645.0
113826.0
113756.0
113772.0
113746.0
113733.0
113743.0
113795.0
113890.0
113778.0
113807.0
113754.0
113783.0
113665.0
113788.0
113668.0
113789.0
113778.0
113864.0
113805.0
113764.0
113732.0
113754.0
113719.0
113754.0
113663.0
113794.0
113754.0
113758.0
113696.0
113761.0
113678.0
113707.0
113749.0
113680.0
113763.0
113689.0
113696.0
113695.0
113731.0
113790.0
113760.0
113658.0
113617.0
113764.0
113730.0
113694.0
113690.0
113825.0
113588.0
113601.0
113747.0
113651.0
113866.0
113748.0
113784.0
113721.0
113812.0
113718.0
113720.0
113764.0
113625.0
113738.0
113756.0
113714.0
113831.0
113849.0
113794.0
113724.0
113825.0
113614.0
113677.0
113758.0
113692.0
113734.0
113809.0
113698.0
113754.0
113708.0
113710.0
113688.0
113684.0
113779.0
113702.0
113705.0
113760.0
113780.0
113746.0
113765.0
113720.0
113755.0
113754.0
113781.0
113795.0
113699.0
113800.0
113712.0
113766.0
113792.0
113768.0
113843.0
113880.0
113817.0
113841.0
113717.0
113746.0
113753.0
113781.0
113721.0
113757.0
113627.0
113730.0
113704.0
113764.0
113910.0
113768.0
113901.0
113854.0
113778.0
113840.0
113794.0
113864.0
113829.0
113862.0
113733.0
113837.0
113816.0
113686.0
113769.0
113794.0
113754.0
113829.0
113841.0
113762.0
113805.0
113862.0
113799.0
113761.0
113847.0
113726.0
113807.0
113871.0
113757.0
113670.0
113622.0
113708.0
113714.0
113636.0
113799.0
113679.0
113731.0
113720.0
113800.0
113712.0
113612.0
113726.0
113764.0
113684.0
113703.0
113667.0
113733.0
113704.0
113713.0
113779.0
113668.0
113854.0
113727.0
113768.0
113794.0
113736.0
113749.0
113699.0
113686.0
113750.0
113685.0
113639.0
113676.0
113641.0
113729.0
113719.0
113744.0
113668.0
113745.0
113608.0
113754.0
113758.0
113615.0
113769.0
113690.0
113811.0
113773.0
113793.0
113811.0
113777.0
113748.0
113824.0
113685.0
113808.0
113785.0
113870.0
113794.0
113749.0
113738.0
113727.0
113713.0
113678.0
113807.0
113659.0
113752.0
113671.0
113701.0
113691.0
113723.0
113702.0
113791.0
113734.0
113778.0
113690.0
113792.0
113670.0
113658.0
113724.0
113708.0
113830.0
113733.0
113710.0
113631.0
113718.0
113662.0
113727.0
113652.0
113620.0
113685.0
113740.0
113686.0
113641.0
113636.0
113724.0
113571.0
113757.0
113634.0
113733.0
113762.0
113757.0
113716.0
113814.0
113628.0
113723.0
113734.0
113705.0
113677.0
113736.0
113741.0
113739.0
113706.0
113743.0
113770.0
113768.0
113682.0
113706.0
113748.0
113742.0
113703.0
113653.0
113581.0
113667.0
113663.0
113703.0
113626.0
113676.0
113715.0
113820.0
113636.0
113719.0
113682.0
113741.0
113834.0
113759.0
113753.0
113691.0
113685.0
113748.0
113747.0
113653.0
113792.0
113831.0
113749.0
113829.0
113554.0
113769.0
113719.0
113775.0
113752.0
113746.0
113680.0
113720.0
113718.0
113620.0
113807.0
113765.0
113746.0
113826.0
113846.0
113778.0
113816.0
113655.0
113730.0
113700.0
113659.0
113706.0
113625.0
113644.0
113599.0
113628.0
113632.0
113577.0
113592.0
113656.0
113691.0
113667.0
113671.0
113725.0
113702.0
113675.0
113691.0
113642.0
113701.0
113629.0
113603.0
113560.0
113722.0
113749.0
113829.0
113705.0
113767.0
113766.0
113644.0
113744.0
113732.0
113700.0
113702.0
113777.0
113726.0
113732.0
113767.0
113762.0
113681.0
113803.0
113815.0
113751.0
113823.0
113761.0
113759.0
113749.0
113746.0
113835.0
113672.0
113750.0
113714.0
113776.0
113704.0
113696.0
113681.0
113576.0
113703.0
113751.0
113553.0
113728.0
113680.0
113754.0
113735.0
113768.0
113714.0
113725.0
113715.0
113708.0
113723.0
113610.0
113694.0
113656.0
113825.0
113839.0
113733.0
113730.0
113689.0
113617.0
113703.0
113729.0
113666.0
113718.0
113836.0
113654.0
113765.0
113720.0
113777.0
113651.0
113643.0
113694.0
113691.0
113795.0
113687.0
113722.0
113779.0
113758.0
113801.0
113794.0
113792.0
113773.0
113768.0
113739.0
113691.0
113772.0
113779.0
113770.0
113804.0
113706.0
113919.0
113732.0
113670.0
113707.0
113773.0
113689.0
113652.0
113782.0
113698.0
113784.0
113752.0
113838.0
113745.0
113728.0
113637.0
113676.0
113670.0
113628.0
113610.0
113656.0
113668.0
113714.0
113575.0
113773.0
113687.0
113697.0
113670.0
113677.0
113676.0
113716.0
113743.0
113700.0
113761.0
113744.0
113738.0
113756.0
113743.0
113780.0
113765.0
113772.0
113697.0
113690.0
113730.0
113699.0
113656.0
113604.0
113767.0
113738.0
113827.0
113815.0
113783.0
113739.0
113921.0
113696.0
113755.0
113799.0
113865.0
113730.0
113792.0
113703.0
113833.0
113756.0
113718.0
113701.0
113718.0
113689.0
113855.0
113691.0
113748.0
113623.0
113736.0
113758.0
113686.0
113716.0
113714.0
113750.0
113720.0
113769.0
113700.0
113677.0
113749.0
113785.0
113749.0
113805.0
113748.0
113693.0
113744.0
113725.0
113686.0
113696.0
113756.0
113687.0
113757.0
113696.0
113667.0
113725.0
113708.0
113793.0
113691.0
113768.0
113695.0
113737.0
113736.0
113742.0
113730.0
113772.0
113738.0
113806.0
113661.0
113762.0
113826.0
113807.0
113779.0
113728.0
113673.0
113798.0
113702.0
113659.0
113738.0
113740.0
113672.0
113714.0
113640.0
113739.0
113847.0
113832.0
113963.0
113872.0
113885.0
113743.0
113845.0
113810.0
113764.0
113871.0
113864.0
113864.0
113859.0
113818.0
113915.0
113796.0
113858.0
113877.0
113749.0
113808.0
113841.0
113839.0
113786.0
113954.0
113790.0
113875.0
113763.0
113856.0
113809.0
113785.0
113838.0
113848.0
113788.0
113753.0
113868.0
113826.0
113799.0
113890.0
113847.0
113880.0
113769.0
113777.0
113786.0
113749.0
113663.0
113732.0
113810.0
113761.0
113800.0
113873.0
113875.0
113843.0
113763.0
113791.0
113905.0
113840.0
113887.0
113840.0
113877.0
113806.0
113776.0
113916.0
113861.0
113747.0
113830.0
113818.0
113811.0
113752.0
113739.0
113807.0
113790.0
113794.0
113831.0
113755.0
113715.0
113811.0
113880.0
113833.0
113810.0
113695.0
113677.0
113750.0
113728.0
113814.0
113778.0
113789.0
113828.0
113703.0
113727.0
113849.0
113772.0
113811.0
113807.0
113699.0
113704.0
113863.0
113712.0
113710.0
113820.0
113751.0
113733.0
113698.0
113629.0
113687.0
113608.0
113678.0
113685.0
113662.0
113742.0
113701.0
113753.0
113685.0
113793.0
113762.0
113713.0
113719.0
113730.0
113781.0
113880.0
113885.0
113803.0
113780.0
113839.0
113733.0
113752.0
113836.0
113693.0
113814.0
113791.0
113724.0
113861.0
113813.0
113746.0
113691.0
113778.0
113787.0
113796.0
113847.0
113815.0
113861.0
113812.0
113860.0
113841.0
113868.0
113868.0
113896.0
113926.0
113841.0
113832.0
113783.0
113757.0
113869.0
113789.0
113757.0
113738.0
113864.0
113915.0
113817.0
113857.0
113804.0
113926.0
113812.0
113921.0
113845.0
113897.0
113835.0
113788.0
113820.0
113851.0
113760.0
113789.0
113841.0
113734.0
113731.0
113745.0
113713.0
113766.0
113758.0
113800.0
113796.0
113884.0
113819.0
113883.0
113810.0
113823.0
113768.0
113836.0
113802.0
113814.0
113841.0
113783.0
113813.0
113721.0
113800.0
113781.0
113800.0
113808.0
113791.0
113847.0
113868.0
113878.0
113866.0
113870.0
113757.0
113800.0
113726.0
113785.0
113811.0
113846.0
113818.0
113771.0
113847.0
113759.0
113702.0
113780.0
113886.0
113738.0
113845.0
113725.0
113858.0
113801.0
113662.0
113788.0
113676.0
113768.0
113739.0
113745.0
113741.0
113818.0
113835.0
113796.0
113873.0
113707.0
113672.0
113853.0
113795.0
113735.0
113848.0
113775.0
113884.0
113758.0
113778.0
113902.0
113765.0
113793.0
113763.0
113891.0
113855.0
113847.0
113843.0
113771.0
113865.0
113719.0
113810.0
113697.0
113811.0
113833.0
113712.0
113759.0
113952.0
113797.0
113673.0
113700.0
113818.0
113805.0
113907.0
113775.0
113860.0
113813.0
113794.0
113739.0
113711.0
113775.0
113747.0
113791.0
113712.0
113859.0
113808.0
113803.0
113806.0
113883.0
113771.0
113904.0
113927.0
113746.0
113843.0
113742.0
113770.0
113716.0
113763.0
113746.0
113832.0
113781.0
113790.0
113736.0
113852.0
113825.0
113761.0
113697.0
113834.0
113824.0
113766.0
113763.0
113822.0
113935.0
113804.0
113805.0
113885.0
113790.0
113815.0
113885.0
113782.0
113853.0
113777.0
113867.0
113853.0
113798.0
113791.0
113760.0
113783.0
113791.0
113821.0
113774.0
113803.0
113800.0
113801.0
113780.0
113761.0
113784.0
113756.0
113788.0
113750.0
113692.0
113836.0
113789.0
113785.0
113756.0
113714.0
113685.0
113714.0
113662.0
113795.0
113784.0
113788.0
113695.0
113757.0
113748.0
113703.0
113748.0
113757.0
113823.0
113755.0
113748.0
113722.0
113732.0
113776.0
113715.0
113849.0
113698.0
113677.0
113851.0
113688.0
113790.0
113820.0
113839.0
113645.0
113811.0
113785.0
113801.0
113750.0
113788.0
113756.0
113743.0
113812.0
113763.0
113875.0
113676.0
113762.0
113691.0
113758.0
113771.0
113876.0
113777.0
113823.0
113792.0
113751.0
113781.0
113795.0
113823.0
113760.0
113783.0
113803.0
113754.0
113873.0
113740.0
113640.0
113805.0
113699.0
113831.0
113801.0
113750.0
113778.0
113821.0
113788.0
113777.0
113819.0
113733.0
113805.0
113779.0
113789.0
113823.0
113830.0
113903.0
113824.0
113926.0
113920.0
113787.0
113726.0
113802.0
113761.0
113893.0
113830.0
113796.0
113789.0
113909.0
113838.0
113825.0
113855.0
113862.0
113799.0
113849.0
113894.0
113797.0
113820.0
113836.0
113806.0
113901.0
113776.0
113800.0
113751.0
113777.0
113782.0
113771.0
113769.0
113796.0
113777.0
113776.0
113650.0
113717.0
113728.0
113733.0
113845.0
113820.0
113769.0
113762.0
113724.0
113798.0
113683.0
113769.0
113773.0
113806.0
113762.0
113791.0
113777.0
113624.0
113773.0
113723.0
113731.0
113766.0
113773.0
113782.0
113643.0
113699.0
113729.0
113711.0
113733.0
113698.0
113665.0
113773.0
113768.0
113669.0
113715.0
113712.0
113789.0
113815.0
113838.0
113820.0
113816.0
113728.0
113782.0
113690.0
113719.0
113828.0
113736.0
113761.0
113788.0
113707.0
113722.0
113701.0
113794.0
113744.0
113808.0
113750.0
113718.0
113757.0
113751.0
113778.0
113705.0
113795.0
113796.0
113788.0
113734.0
113770.0
113712.0
113675.0
113745.0
113666.0
113727.0
113747.0
113892.0
113787.0
113731.0
113632.0
113683.0
113786.0
113721.0
113746.0
113690.0
113767.0
113711.0
113793.0
113836.0
113674.0
113725.0
113806.0
113597.0
113727.0
113588.0
113790.0
113658.0
113686.0
113753.0
113688.0
113740.0
113802.0
113851.0
113748.0
113653.0
113792.0
113682.0
113734.0
113781.0
113721.0
113727.0
113880.0
113848.0
113800.0
113659.0
113755.0
113786.0
113822.0
113708.0
113786.0
113879.0
113684.0
113837.0
113738.0
113705.0
113745.0
113753.0
113763.0
113793.0
113742.0
113759.0
113778.0
113772.0
113825.0
113776.0
113722.0
113786.0
113760.0
113788.0
113910.0
113777.0
113833.0
113871.0
113798.0
113667.0
113777.0
113880.0
113849.0
113891.0
113854.0
113760.0
113835.0
113770.0
113784.0
113794.0
113675.0
113769.0
113783.0
113872.0
113801.0
113791.0
113808.0
113722.0
113717.0
113760.0
113784.0
113667.0
113804.0
113800.0
113699.0
113786.0
113805.0
113713.0
113640.0
113812.0
113725.0
113848.0
113725.0
113785.0
113806.0
113838.0
113775.0
113856.0
113903.0
113838.0
113838.0
113890.0
113818.0
113816.0
113856.0
113814.0
113790.0
113812.0
113778.0
113852.0
113827.0
113866.0
113889.0
113809.0
113695.0
113844.0
113774.0
113787.0
113851.0
113720.0
113798.0
113740.0
113870.0
113734.0
113863.0
113871.0
113779.0
113825.0
113888.0
113779.0
113790.0
113835.0
113788.0
113804.0
113746.0
113839.0
113766.0
113795.0
113698.0
113821.0
113844.0
113817.0
113900.0
113778.0
113770.0
113861.0
113724.0
113687.0
113757.0
113866.0
113833.0
113842.0
113730.0
113797.0
113800.0
113784.0
113902.0
113814.0
113846.0
113825.0
113781.0
113839.0
113805.0
113810.0
113781.0
113787.0
113673.0
113702.0
113784.0
113746.0
113888.0
113769.0
113726.0
113700.0
113764.0
113851.0
113772.0
113787.0
113756.0
113899.0
113803.0
113826.0
113796.0
113810.0
113739.0
113892.0
113836.0
113696.0
113769.0
113820.0
113769.0
113855.0
113800.0
113868.0
113838.0
113785.0
113775.0
113824.0
113951.0
113808.0
113865.0
113864.0
113779.0
113798.0
113878.0
113714.0
113805.0
113765.0
113804.0
113834.0
113747.0
113783.0
113766.0
113783.0
113842.0
113815.0
113708.0
113747.0
113808.0
113822.0
113734.0
113842.0
113807.0
113745.0
113853.0
113834.0
113904.0
113880.0
113879.0
113885.0
113736.0
113750.0
113798.0
113653.0
113851.0
113702.0
113710.0
113659.0
113821.0
113718.0
113706.0
113698.0
113789.0
113756.0
113821.0
113726.0
113807.0
113762.0
113854.0
113731.0
113821.0
113896.0
113723.0
113725.0
113801.0
113804.0
113833.0
113754.0
113727.0
113691.0
113825.0
113811.0
113843.0
113687.0
113855.0
113732.0
113868.0
113764.0
113913.0
113830.0
113760.0
113786.0
113805.0
113917.0
113782.0
113721.0
113690.0
113737.0
113851.0
113744.0
113711.0
113669.0
113704.0
113787.0
113650.0
113779.0
113718.0
113727.0
113720.0
113785.0
113721.0
113779.0
113892.0
113749.0
113853.0
113767.0
113869.0
113773.0
113694.0
113831.0
113755.0
113790.0
113865.0
113768.0
113774.0
113858.0
113724.0
113771.0
113808.0
113813.0
113771.0
113806.0
113871.0
113761.0
113734.0
113751.0
113835.0
113740.0
113804.0
113782.0
113837.0
113716.0
113877.0
113754.0
113833.0
113778.0
113785.0
113653.0
113788.0
113784.0
113875.0
113794.0
113873.0
113857.0
113811.0
113796.0
113751.0
113714.0
113907.0
113679.0
113739.0
113717.0
113781.0
113836.0
113790.0
113838.0
113805.0
113794.0
113767.0
113942.0
113773.0
113734.0
113735.0
113833.0
113728.0
113814.0
113801.0
113805.0
113871.0
113841.0
113879.0
113656.0
113909.0
113747.0
113853.0
113796.0
113830.0
113826.0
113741.0
113733.0
113708.0
113712.0
113751.0
113725.0
113752.0
113727.0
113692.0
113712.0
113719.0
113767.0
113735.0
113814.0
113878.0
113674.0
113778.0
113715.0
113667.0
113795.0
113846.0
113937.0
113844.0
113822.0
113734.0
113817.0
113772.0
113779.0
113886.0
113845.0
113762.0
113814.0
113825.0
113950.0
113823.0
113802.0
113809.0
113816.0
113782.0
113773.0
113812.0
113795.0
113792.0
113839.0
113738.0
113886.0
113828.0
113935.0
113804.0
113723.0
113860.0
113882.0
113805.0
113781.0
113825.0
113868.0
113743.0
113802.0
113822.0
113841.0
113838.0
113871.0
113819.0
113721.0
113852.0
113870.0
113882.0
113874.0
113825.0
113830.0
113793.0
113848.0
113837.0
113815.0
113816.0
113864.0
113783.0
113872.0
113889.0
113871.0
113876.0
113888.0
113787.0
113899.0
113859.0
113854.0
113730.0
113813.0
113897.0
113862.0
113926.0
113786.0
113804.0
113874.0
113740.0
113855.0
113791.0
113799.0
113812.0
113803.0
113856.0
113830.0
113800.0
113827.0
113879.0
113754.0
113714.0
113738.0
113723.0
113795.0
113798.0
113838.0
113788.0
113760.0
113807.0
113655.0
113819.0
113792.0
113869.0
113869.0
113712.0
113802.0
113821.0
113809.0
113753.0
113778.0
113828.0
113854.0
113797.0
113893.0
113848.0
113844.0
113828.0
113870.0
113887.0
113884.0
113830.0
113886.0
113791.0
113860.0
113885.0
113941.0
113950.0
113844.0
113945.0
113820.0
113833.0
113719.0
113845.0
113848.0
113815.0
113779.0
113838.0
113815.0
113799.0
113806.0
113956.0
113806.0
113789.0
113827.0
113744.0
113856.0
113866.0
113812.0
113929.0
113817.0
113851.0
113878.0
113848.0
113840.0
113769.0
113849.0
113868.0
113834.0
113777.0
113751.0
113739.0
113785.0
113807.0
113809.0
113818.0
113779.0
113853.0
113758.0
113684.0
113813.0
113769.0
113812.0
113858.0
113870.0
113779.0
113715.0
113842.0
113778.0
113822.0
113816.0
113840.0
113842.0
113778.0
113816.0
113854.0
113873.0
113754.0
113799.0
113768.0
113789.0
113847.0
113769.0
113823.0
113770.0
113812.0
113873.0
113839.0
113770.0
113832.0
113824.0
113884.0
113791.0
113746.0
113830.0
113721.0
113794.0
113917.0
113801.0
113842.0
113813.0
113828.0
113810.0
113781.0
113700.0
113752.0
113806.0
113674.0
113840.0
113729.0
113795.0
113717.0
113742.0
113731.0
113738.0
113823.0
113829.0
113817.0
113756.0
113708.0
113820.0
113742.0
113835.0
113855.0
113848.0
113962.0
113806.0
113874.0
113819.0
113830.0
113834.0
113825.0
113860.0
113763.0
113734.0
113764.0
113899.0
113756.0
113875.0
113797.0
113750.0
113822.0
113870.0
113826.0
113783.0
113874.0
113765.0
113744.0
113820.0
113746.0
113891.0
113819.0
113767.0
113810.0
113744.0
113738.0
113815.0
113902.0
113760.0
113818.0
113757.0
113742.0
113729.0
113711.0
113752.0
113768.0
113836.0
113744.0
113761.0
113746.0
113764.0
113843.0
113852.0
113746.0
113819.0
113732.0
113831.0
113752.0
113770.0
113832.0
113734.0
113790.0
113738.0
113821.0
113789.0
113796.0
113745.0
113799.0
113835.0
113782.0
113762.0
113882.0
113886.0
113853.0
113849.0
113914.0
113909.0
113925.0
113893.0
113877.0
113955.0
113896.0
113804.0
113792.0
113883.0
113869.0
113867.0
113859.0
113871.0
113865.0
113839.0
113766.0
113773.0
113880.0
113799.0
113866.0
113804.0
113730.0
113811.0
113858.0
113782.0
113799.0
113837.0
113780.0
113849.0
113674.0
113692.0
113846.0
113786.0
113769.0
113659.0
113741.0
113624.0
113842.0
113692.0
113564.0
113741.0
113822.0
113878.0
113787.0
113792.0
113739.0
113755.0
113779.0
113789.0
113725.0
113635.0
113711.0
113763.0
113695.0
113729.0
113690.0
113665.0
113736.0
113735.0
113690.0
113719.0
113721.0
113771.0
113647.0
113673.0
113586.0
113783.0
113718.0
113788.0
113734.0
113754.0
113736.0
113750.0
113886.0
113764.0
113901.0
113871.0
113785.0
113819.0
113802.0
113737.0
113792.0
113803.0
113818.0
113853.0
113736.0
113773.0
113693.0
113736.0
113771.0
113750.0
113719.0
113794.0
113797.0
113812.0
113759.0
113784.0
113810.0
113735.0
113832.0
113761.0
113825.0
113726.0
113697.0
113841.0
113734.0
113826.0
113906.0
113868.0
113778.0
113858.0
113856.0
113770.0
113816.0
113827.0
113787.0
113757.0
113753.0
113779.0
113724.0
113724.0
113831.0
113784.0
113868.0
113841.0
113743.0
113819.0
113814.0
113677.0
113711.0
113753.0
113764.0
113745.0
113777.0
113788.0
113805.0
113881.0
113916.0
113794.0
113721.0
113810.0
113698.0
113651.0
113699.0
113665.0
113810.0
113662.0
113647.0
113709.0
113705.0
113687.0
113722.0
113695.0
113724.0
113653.0
113740.0
113708.0
113677.0
113653.0
113666.0
113602.0
113706.0
113657.0
113596.0
113686.0
113644.0
113720.0
113716.0
113599.0
113644.0
113741.0
113736.0
113786.0
113698.0
113727.0
113734.0
113731.0
113704.0
113728.0
113830.0
113680.0
113705.0
113830.0
113770.0
113836.0
113834.0
113768.0
113757.0
113829.0
113812.0
113792.0
113832.0
113750.0
113741.0
113822.0
113774.0
113716.0
113837.0
113715.0
113798.0
113771.0
113808.0
113675.0
113826.0
113710.0
113773.0
113853.0
113665.0
113747.0
113859.0
113745.0
113704.0
113771.0
113724.0
113786.0
113674.0
113710.0
113739.0
113688.0
113760.0
113868.0
113691.0
113703.0
113778.0
113722.0
113640.0
113799.0
113720.0
113656.0
113631.0
113705.0
113716.0
113806.0
113653.0
113672.0
113801.0
113771.0
113859.0
113756.0
113755.0
113669.0
113677.0
113667.0
113756.0
113785.0
113847.0
113801.0
113810.0
113786.0
113749.0
113807.0
113837.0
113717.0
113756.0
113725.0
113726.0
113717.0
113664.0
113759.0
113787.0
113701.0
113618.0
113755.0
113676.0
113729.0
113734.0
113747.0
113662.0
113753.0
113664.0
113708.0
113712.0
113695.0
113763.0
113726.0
113673.0
113699.0
113735.0
113782.0
113702.0
113705.0
113734.0
113717.0
113720.0
113690.0
113791.0
113687.0
113783.0
113775.0
113689.0
113653.0
113637.0
113746.0
113831.0
113683.0
113813.0
113732.0
113721.0
113813.0
113768.0
113892.0
113823.0
113746.0
113804.0
113870.0
113754.0
113691.0
113712.0
113805.0
113734.0
113817.0
113785.0
113719.0
113775.0
113701.0
113738.0
113709.0
113729.0
113736.0
113851.0
113761.0
113726.0
113763.0
113841.0
113843.0
113744.0
113715.0
113815.0
113799.0
113832.0
113859.0
113780.0
113816.0
113813.0
113730.0
113747.0
113730.0
113748.0
113843.0
113711.0
113846.0
113848.0
113817.0
113713.0
113863.0
113776.0
113810.0
113823.0
113800.0
113747.0
113814.0
113908.0
113774.0
113797.0
113874.0
113729.0
113868.0
113777.0
113763.0
113797.0
113761.0
113668.0
113698.0
113787.0
113879.0
113739.0
113804.0
113776.0
113821.0
113763.0
113855.0
113806.0
113904.0
113825.0
113793.0
113888.0
113735.0
113879.0
113796.0
113835.0
113774.0
113837.0
113859.0
113839.0
113828.0
113911.0
113792.0
113891.0
113831.0
113788.0
113833.0
113896.0
113784.0
113879.0
113804.0
113789.0
113732.0
113757.0
113810.0
113803.0
113705.0
113800.0
113763.0
113875.0
113735.0
113852.0
113826.0
113861.0
113783.0
113777.0
113913.0
113829.0
113933.0
113822.0
113792.0
113803.0
113786.0
113858.0
113865.0
113762.0
113892.0
113808.0
113934.0
113896.0
113814.0
113943.0
113828.0
113871.0
113872.0
113868.0
113819.0
113785.0
113954.0
113850.0
113788.0
113852.0
113873.0
113828.0
113783.0
113827.0
113823.0
113841.0
113609.0
113799.0
113756.0
113719.0
113875.0
113772.0
113746.0
113820.0
113793.0
113782.0
113814.0
113827.0
113935.0
113722.0
113884.0
113879.0
113835.0
113862.0
113922.0
113868.0
113798.0
113853.0
113846.0
113845.0
113774.0
113826.0
113831.0
113848.0
113726.0
113826.0
113916.0
113809.0
113761.0
113782.0
113788.0
113760.0
113845.0
113851.0
113948.0
113791.0
113867.0
113805.0
113799.0
113719.0
113774.0
113863.0
113847.0
113780.0
113809.0
113794.0
113798.0
113735.0
113785.0
113771.0
113847.0
113686.0
113751.0
113768.0
113670.0
113746.0
113735.0
113705.0
113810.0
113803.0
113746.0
113707.0
113831.0
113792.0
113727.0
113792.0
113799.0
113756.0
113810.0
113907.0
113803.0
113825.0
113787.0
113915.0
113861.0
113748.0
113903.0
113912.0
113794.0
113903.0
113813.0
113868.0
113809.0
113840.0
113868.0
113830.0
113870.0
113791.0
113858.0
113850.0
113814.0
113830.0
113885.0
113800.0
113815.0
113888.0
113856.0
113809.0
113938.0
113952.0
113881.0
113815.0
113893.0
113925.0
113924.0
113816.0
113755.0
113922.0
113812.0
113828.0
113866.0
113744.0
113920.0
113775.0
113816.0
113811.0
113889.0
113856.0
113876.0
113814.0
113765.0
113846.0
113810.0
113852.0
113793.0
113734.0
113786.0
113785.0
113845.0
113828.0
113739.0
113895.0
113888.0
113776.0
113799.0
113917.0
113846.0
113851.0
113807.0
113798.0
113761.0
113759.0
113939.0
113808.0
113862.0
113853.0
113791.0
113726.0
113717.0
113727.0
113828.0
113745.0
113819.0
113776.0
113791.0
113784.0
113762.0
113762.0
113800.0
113826.0
113840.0
113770.0
113886.0
113777.0
113825.0
113843.0
113836.0
113884.0
113920.0
113886.0
113869.0
113943.0
113842.0
113824.0
113791.0
113859.0
113903.0
113825.0
113779.0
113736.0
113895.0
113649.0
113781.0
113806.0
113813.0
113771.0
113795.0
113781.0
113771.0
113747.0
113792.0
113788.0
113730.0
113799.0
113862.0
113742.0
113812.0
113773.0
113815.0
113865.0
113808.0
113858.0
113792.0
113806.0
113766.0
113785.0
113805.0
113821.0
113783.0
113788.0
113815.0
113822.0
113826.0
113813.0
113804.0
113836.0
113810.0
113897.0
113884.0
113939.0
113829.0
113790.0
113875.0
113829.0
113828.0
113783.0
113892.0
113811.0
113872.0
113780.0
113813.0
113776.0
113761.0
113832.0
113767.0
113859.0
113843.0
113712.0
113867.0
113741.0
113785.0
113748.0
113747.0
113803.0
113823.0
113869.0
113841.0
113836.0
113783.0
