149607.0
149736.0
149707.0
149711.0
149831.0
149874.0
149752.0
149975.0
149917.0
149906.0
149962.0
149868.0
149934.0
149869.0
149956.0
149897.0
149881.0
149864.0
149928.0
150004.0
150036.0
149930.0
150070.0
150035.0
150011.0
150002.0
150071.0
150055.0
149969.0
149967.0
149955.0
150039.0
149894.0
150064.0
150028.0
150008.0
150035.0
149952.0
149988.0
150051.0
150029.0
150037.0
149992.0
150065.0
150066.0
150009.0
150072.0
150027.0
150099.0
149970.0
149969.0
150173.0
150120.0
150131.0
150018.0
150088.0
150036.0
150101.0
150101.0
150070.0
150152.0
150018.0
150049.0
149960.0
150045.0
150093.0
149983.0
150091.0
150019.0
149973.0
150016.0
149896.0
149992.0
150101.0
150029.0
150004.0
150023.0
150042.0
150036.0
150094.0
149973.0
150042.0
149942.0
150044.0
150194.0
150112.0
150096.0
150136.0
150036.0
150046.0
150157.0
150164.0
150065.0
149990.0
150107.0
150176.0
150127.0
150036.0
150147.0
150103.0
150112.0
150099.0
149993.0
150179.0
150008.0
150158.0
150245.0
150134.0
150013.0
150082.0
150006.0
150171.0
150135.0
150054.0
150102.0
150066.0
150073.0
149968.0
150028.0
150077.0
150061.0
150004.0
150103.0
150019.0
150039.0
150061.0
150125.0
150132.0
150084.0
150199.0
150168.0
150097.0
150140.0
150145.0
150087.0
150078.0
150165.0
150151.0
150134.0
150220.0
150147.0
150059.0
150129.0
150098.0
150105.0
150054.0
150183.0
150188.0
150014.0
150144.0
150050.0
150030.0
150039.0
149989.0
149980.0
150034.0
150086.0
150114.0
150042.0
150012.0
150097.0
150127.0
150134.0
150117.0
150031.0
150131.0
150013.0
150045.0
150049.0
150033.0
150047.0
150084.0
150118.0
150082.0
150081.0
150145.0
150020.0
150195.0
150082.0
150170.0
150163.0
150127.0
150190.0
150095.0
150208.0
150158.0
150071.0
150131.0
150178.0
150153.0
150111.0
150216.0
150180.0
150191.0
150179.0
150179.0
150233.0
150208.0
150154.0
150011.0
150181.0
150105.0
150138.0
150074.0
150072.0
150031.0
150154.0
150094.0
150074.0
150151.0
150071.0
150084.0
150125.0
150150.0
150006.0
150118.0
150118.0
150111.0
150172.0
150139.0
150124.0
150118.0
150123.0
150109.0
150106.0
150157.0
150057.0
150208.0
150086.0
150183.0
150052.0
149968.0
150094.0
150063.0
150090.0
150105.0
150247.0
150156.0
150170.0
150190.0
150140.0
150165.0
150235.0
150136.0
150095.0
150176.0
150204.0
150239.0
150141.0
150201.0
150162.0
150238.0
150065.0
150167.0
150158.0
150100.0
150255.0
150012.0
150152.0
150172.0
150089.0
150107.0
150135.0
150075.0
150137.0
150113.0
150242.0
150121.0
150008.0
150111.0
150003.0
150103.0
150061.0
150046.0
150113.0
150005.0
150046.0
150017.0
150098.0
150146.0
150174.0
150097.0
150059.0
150251.0
150147.0
150118.0
150117.0
150160.0
150163.0
150141.0
150177.0
150089.0
150112.0
150227.0
150174.0
150220.0
150090.0
150217.0
150117.0
150199.0
150094.0
150219.0
150258.0
150185.0
150171.0
150213.0
150286.0
150116.0
150161.0
150152.0
150018.0
150144.0
150096.0
150109.0
150135.0
150151.0
150060.0
150066.0
150151.0
150053.0
150081.0
150040.0
149993.0
150128.0
150174.0
150312.0
150062.0
150107.0
150217.0
150230.0
150050.0
150166.0
150268.0
150227.0
150097.0
150278.0
150251.0
150192.0
150213.0
150202.0
150162.0
150154.0
150098.0
150166.0
150154.0
150173.0
150099.0
150161.0
150101.0
150109.0
150146.0
150123.0
149979.0
150166.0
150162.0
150113.0
150165.0
150207.0
150241.0
150158.0
150183.0
150165.0
150160.0
150041.0
150221.0
150198.0
150266.0
150117.0
150154.0
150180.0
150068.0
150168.0
150045.0
150183.0
150033.0
150052.0
150049.0
150068.0
150128.0
150212.0
150102.0
150200.0
150115.0
150177.0
150156.0
150142.0
150249.0
150069.0
150243.0
150237.0
150275.0
150183.0
150120.0
150188.0
150151.0
150173.0
150190.0
150234.0
150172.0
150126.0
150213.0
150117.0
150188.0
150166.0
150151.0
150149.0
150144.0
150102.0
150192.0
150078.0
150109.0
150149.0
150152.0
150119.0
150105.0
150240.0
150132.0
150140.0
150177.0
150135.0
150014.0
150078.0
150150.0
150144.0
150186.0
150198.0
150043.0
150167.0
150107.0
150107.0
150207.0
150258.0
150343.0
150142.0
150157.0
150345.0
150279.0
150290.0
150222.0
150240.0
150167.0
150154.0
150159.0
150162.0
150325.0
150261.0
150205.0
150132.0
150205.0
150211.0
150100.0
150217.0
150160.0
150220.0
150165.0
150261.0
150162.0
150150.0
150080.0
150164.0
150111.0
150117.0
150229.0
150193.0
150185.0
150196.0
150111.0
150209.0
150203.0
150081.0
150134.0
150194.0
150247.0
150221.0
150160.0
150233.0
150138.0
150159.0
150111.0
150224.0
150202.0
150185.0
150144.0
150128.0
150198.0
150218.0
150187.0
150166.0
150084.0
150231.0
150089.0
150164.0
150122.0
150174.0
150103.0
150103.0
150142.0
150108.0
150121.0
150204.0
150148.0
150104.0
150161.0
150157.0
150226.0
150210.0
150198.0
150160.0
150193.0
150135.0
150308.0
150292.0
150260.0
150201.0
150237.0
150174.0
150266.0
150271.0
150258.0
150163.0
150256.0
150283.0
150220.0
150327.0
150347.0
150234.0
150262.0
150216.0
150127.0
150143.0
150130.0
150209.0
150163.0
150235.0
150088.0
150078.0
150314.0
150118.0
150191.0
150110.0
150160.0
150203.0
150162.0
150161.0
150153.0
150066.0
150228.0
150163.0
150096.0
150197.0
150158.0
150111.0
150157.0
150204.0
150157.0
150097.0
150185.0
150093.0
150163.0
150107.0
150237.0
150300.0
150177.0
150233.0
150152.0
150178.0
150107.0
150079.0
150227.0
150205.0
150174.0
150112.0
150142.0
150238.0
150101.0
150212.0
150231.0
150160.0
150183.0
150182.0
150046.0
150142.0
150206.0
150248.0
150230.0
150080.0
150235.0
150185.0
150142.0
150147.0
150155.0
150233.0
150226.0
150063.0
150224.0
150130.0
150231.0
150240.0
150164.0
150099.0
150164.0
150032.0
150198.0
150058.0
150240.0
150090.0
150052.0
150137.0
150191.0
150066.0
150104.0
150152.0
150056.0
150150.0
150046.0
150187.0
150254.0
150168.0
150164.0
150149.0
150166.0
150130.0
150074.0
150165.0
150216.0
150195.0
150140.0
150179.0
150253.0
150159.0
150201.0
150181.0
150223.0
150167.0
150084.0
150129.0
150192.0
150188.0
150278.0
150314.0
150160.0
150291.0
150194.0
150241.0
150207.0
150345.0
150258.0
150299.0
150347.0
150219.0
150130.0
150150.0
150332.0
150257.0
150154.0
150321.0
150208.0
150131.0
150215.0
150207.0
150287.0
150289.0
150348.0
150230.0
150217.0
150259.0
150193.0
150275.0
150261.0
150328.0
150196.0
150157.0
150106.0
150143.0
150104.0
150177.0
150179.0
150129.0
150222.0
150263.0
150180.0
150279.0
150175.0
150229.0
150034.0
150125.0
150239.0
150217.0
150215.0
150110.0
150193.0
150136.0
150234.0
150098.0
150238.0
150264.0
150179.0
150242.0
150277.0
150261.0
150292.0
150206.0
150247.0
150187.0
150324.0
150268.0
150185.0
150241.0
150422.0
150314.0
150340.0
150295.0
150343.0
150284.0
150299.0
150156.0
150235.0
150200.0
150278.0
150252.0
150234.0
150202.0
150338.0
150212.0
150312.0
150158.0
150285.0
150245.0
150223.0
150094.0
150139.0
150091.0
150310.0
150175.0
150235.0
150181.0
150265.0
150202.0
150162.0
150194.0
150298.0
150263.0
150300.0
150415.0
150388.0
150226.0
150344.0
150316.0
150331.0
150320.0
150323.0
150360.0
150322.0
150299.0
150354.0
150281.0
150329.0
150293.0
150330.0
150347.0
150352.0
150227.0
150173.0
150230.0
150178.0
150184.0
150052.0
150161.0
150205.0
150170.0
150162.0
150339.0
150325.0
150211.0
150168.0
150180.0
150211.0
150217.0
150259.0
150263.0
150321.0
150240.0
150172.0
150280.0
150248.0
150194.0
150158.0
150222.0
150119.0
150173.0
150170.0
150166.0
150179.0
150197.0
150090.0
150187.0
150173.0
150110.0
150251.0
150139.0
150181.0
150242.0
150264.0
150325.0
150177.0
150224.0
150110.0
150351.0
150263.0
150245.0
150161.0
150286.0
150146.0
150164.0
150140.0
150268.0
150142.0
150273.0
150092.0
150209.0
150150.0
150123.0
150061.0
150093.0
150230.0
150144.0
150185.0
150220.0
150202.0
150096.0
150228.0
150101.0
150094.0
150134.0
150192.0
150224.0
150245.0
150205.0
150210.0
150203.0
150134.0
150253.0
150286.0
150174.0
150204.0
150284.0
150277.0
150155.0
150188.0
150257.0
150201.0
150209.0
150198.0
150132.0
150222.0
150142.0
150241.0
150200.0
150259.0
150247.0
150288.0
150258.0
150227.0
150160.0
150253.0
150165.0
150224.0
150141.0
150173.0
150153.0
150146.0
150209.0
150239.0
150203.0
150223.0
150281.0
150271.0
150143.0
150224.0
150248.0
150179.0
150199.0
150219.0
150170.0
150284.0
150167.0
150100.0
150172.0
150138.0
150207.0
150083.0
150239.0
150197.0
150178.0
150179.0
150192.0
150165.0
150206.0
150182.0
150220.0
150197.0
150107.0
150129.0
150244.0
150121.0
150087.0
150220.0
150239.0
150165.0
150310.0
150216.0
150304.0
150282.0
150237.0
150215.0
150351.0
150223.0
150208.0
150275.0
150271.0
150221.0
150191.0
150240.0
150289.0
150208.0
150144.0
150127.0
150160.0
150211.0
150191.0
150307.0
150264.0
150137.0
150211.0
150248.0
150209.0
150141.0
150146.0
150125.0
150151.0
150214.0
150240.0
150199.0
150250.0
150257.0
150258.0
150230.0
150323.0
150242.0
150233.0
150272.0
150242.0
150126.0
150282.0
150319.0
150307.0
150277.0
150231.0
150279.0
150317.0
150299.0
150286.0
150322.0
150326.0
150235.0
150420.0
150278.0
150254.0
150300.0
150220.0
150341.0
150323.0
150234.0
150215.0
150258.0
150259.0
150374.0
150384.0
150348.0
150362.0
150309.0
150392.0
150317.0
150304.0
150252.0
150350.0
150280.0
150312.0
150229.0
150368.0
150186.0
150249.0
150259.0
150225.0
150247.0
150235.0
150314.0
150342.0
150281.0
150312.0
150175.0
150349.0
150187.0
150318.0
150248.0
150180.0
150200.0
150244.0
150337.0
150282.0
150276.0
150240.0
150117.0
150117.0
150199.0
150272.0
150275.0
150382.0
150287.0
150359.0
150268.0
150323.0
150316.0
150316.0
150342.0
150240.0
150369.0
150323.0
150164.0
150405.0
150275.0
150220.0
150341.0
150227.0
150283.0
150328.0
150287.0
150270.0
150454.0
150398.0
150380.0
150398.0
150262.0
150402.0
150381.0
150304.0
150312.0
150433.0
150193.0
150179.0
150361.0
150350.0
150389.0
150333.0
150323.0
150277.0
150253.0
150223.0
150211.0
150239.0
150124.0
150272.0
150260.0
150225.0
150238.0
150263.0
150307.0
150360.0
150257.0
150217.0
150239.0
150248.0
150266.0
150272.0
150325.0
150316.0
150343.0
150335.0
150266.0
150314.0
150202.0
150388.0
150350.0
150234.0
150244.0
150155.0
150342.0
150260.0
150326.0
150325.0
150246.0
150228.0
150227.0
150283.0
150346.0
150377.0
150335.0
150299.0
150235.0
150373.0
150346.0
150290.0
150292.0
150299.0
150158.0
150189.0
150145.0
150275.0
150063.0
150092.0
150170.0
150257.0
150152.0
150214.0
150308.0
150271.0
150300.0
150370.0
150289.0
150300.0
150440.0
150328.0
150316.0
150351.0
150316.0
150316.0
150354.0
150323.0
150239.0
150233.0
150231.0
150221.0
150206.0
150317.0
150283.0
150396.0
150276.0
150355.0
150325.0
150382.0
150351.0
150269.0
150434.0
150242.0
150433.0
150427.0
150328.0
150289.0
150512.0
150382.0
150358.0
150319.0
150355.0
150192.0
150470.0
150411.0
150332.0
150415.0
150293.0
150280.0
150336.0
150403.0
150345.0
150333.0
150288.0
150301.0
150345.0
150244.0
150272.0
150290.0
150232.0
150343.0
150286.0
150483.0
150383.0
150386.0
150386.0
150397.0
150396.0
150349.0
150338.0
150393.0
150448.0
150440.0
150329.0
150406.0
150430.0
150322.0
150382.0
150357.0
150463.0
150346.0
150455.0
150382.0
150412.0
150329.0
150392.0
150431.0
150381.0
150388.0
150445.0
150261.0
150313.0
150320.0
150265.0
150307.0
150299.0
150266.0
150298.0
150391.0
150419.0
150417.0
150359.0
150466.0
150394.0
150405.0
150343.0
150458.0
150426.0
150421.0
150341.0
150271.0
150423.0
150302.0
150313.0
150267.0
150436.0
150490.0
150458.0
150353.0
150364.0
150388.0
150366.0
150353.0
150460.0
150273.0
150357.0
150313.0
150306.0
150298.0
150356.0
150218.0
150371.0
150338.0
150244.0
150345.0
150093.0
150448.0
150354.0
150429.0
150315.0
150345.0
150420.0
150228.0
150347.0
150266.0
150295.0
150337.0
150346.0
150331.0
150431.0
150309.0
150274.0
150358.0
150329.0
150353.0
150238.0
150324.0
150312.0
150184.0
150309.0
150355.0
150320.0
150310.0
150287.0
150362.0
150384.0
150425.0
150359.0
150300.0
150437.0
150406.0
150369.0
150332.0
150389.0
150344.0
150423.0
150450.0
150325.0
150339.0
150340.0
150319.0
150394.0
150243.0
150352.0
150374.0
150353.0
150405.0
150314.0
150296.0
150461.0
150396.0
150273.0
150445.0
150401.0
150437.0
150355.0
150401.0
150342.0
150520.0
150453.0
150417.0
150315.0
150395.0
150342.0
150266.0
150339.0
150268.0
150337.0
150450.0
150226.0
150389.0
150317.0
150257.0
150235.0
150393.0
150266.0
150375.0
150464.0
150300.0
150304.0
150379.0
150490.0
150427.0
150381.0
150427.0
150348.0
150361.0
150410.0
150357.0
150334.0
150398.0
150414.0
150349.0
150447.0
150341.0
150353.0
150495.0
150362.0
150434.0
150350.0
150389.0
150376.0
150345.0
150309.0
150348.0
150321.0
150247.0
150351.0
150337.0
150353.0
150402.0
150222.0
150320.0
150469.0
150364.0
150322.0
150304.0
150294.0
150317.0
150368.0
150401.0
150410.0
150432.0
150382.0
150358.0
150417.0
150251.0
150247.0
150505.0
150392.0
150382.0
150353.0
150457.0
150275.0
150409.0
150402.0
150376.0
150326.0
150348.0
150432.0
150393.0
150423.0
150400.0
150386.0
150374.0
150355.0
150281.0
150362.0
150385.0
150435.0
150359.0
150306.0
150274.0
150381.0
150303.0
150383.0
150288.0
150348.0
150381.0
150303.0
150489.0
150455.0
150296.0
150402.0
150270.0
150273.0
150337.0
150342.0
150377.0
150288.0
150221.0
150353.0
150224.0
150228.0
150278.0
150291.0
150187.0
150307.0
150346.0
150341.0
150236.0
150238.0
150354.0
150270.0
150245.0
150319.0
150317.0
150314.0
150370.0
150260.0
150215.0
150269.0
150315.0
150375.0
150331.0
150414.0
150328.0
150292.0
150220.0
150353.0
150349.0
150351.0
150189.0
150220.0
150345.0
150220.0
150395.0
150382.0
150325.0
150350.0
150360.0
150376.0
150218.0
150285.0
150465.0
150486.0
150415.0
150358.0
150370.0
150309.0
150421.0
150299.0
150272.0
150341.0
150459.0
150355.0
150395.0
150396.0
150388.0
150394.0
150314.0
150456.0
150423.0
150421.0
150471.0
150308.0
150404.0
150326.0
150372.0
150338.0
150372.0
150262.0
150417.0
150352.0
150385.0
150321.0
150294.0
150288.0
150349.0
150234.0
150418.0
150298.0
150288.0
150392.0
150340.0
150394.0
150309.0
150172.0
150208.0
150351.0
150369.0
150271.0
150388.0
150540.0
150384.0
150405.0
150386.0
150291.0
150415.0
150316.0
150345.0
150441.0
150361.0
150420.0
150374.0
150417.0
150339.0
150375.0
150378.0
150386.0
150355.0
150347.0
150402.0
150332.0
150267.0
150330.0
150445.0
150403.0
150393.0
150411.0
150305.0
150356.0
150332.0
150344.0
150338.0
150233.0
150460.0
150325.0
150413.0
150430.0
150333.0
150381.0
150413.0
150495.0
150428.0
150460.0
150353.0
150407.0
150277.0
150445.0
150241.0
150372.0
150385.0
150443.0
150331.0
150375.0
150376.0
150369.0
150365.0
150327.0
150248.0
150360.0
150336.0
150336.0
150266.0
150337.0
150320.0
150321.0
150404.0
150316.0
150334.0
150296.0
150294.0
150281.0
150279.0
150308.0
150409.0
150342.0
150243.0
150311.0
150331.0
150297.0
150305.0
150396.0
150224.0
150211.0
150352.0
150243.0
150456.0
150363.0
150383.0
150310.0
150427.0
150279.0
150376.0
150368.0
150225.0
150337.0
150337.0
150320.0
150411.0
150401.0
150393.0
150366.0
150440.0
150227.0
150292.0
150326.0
150285.0
150297.0
150394.0
150287.0
150348.0
150347.0
150310.0
150318.0
150298.0
150355.0
150257.0
150242.0
150338.0
150328.0
150406.0
150368.0
150302.0
150345.0
150377.0
150319.0
150312.0
150312.0
150363.0
150271.0
150315.0
150347.0
150293.0
150393.0
150485.0
150329.0
150399.0
150329.0
150243.0
150344.0
150298.0
150258.0
150330.0
150219.0
150287.0
150244.0
150362.0
150387.0
150229.0
150391.0
150310.0
150240.0
150227.0
150256.0
150312.0
150317.0
150313.0
150285.0
150387.0
150363.0
150334.0
150320.0
150401.0
150283.0
150413.0
150270.0
150241.0
150335.0
150424.0
150318.0
150257.0
150337.0
150314.0
150276.0
150362.0
150299.0
150249.0
150214.0
150289.0
150369.0
150234.0
150394.0
150289.0
150336.0
150292.0
150365.0
150327.0
150264.0
150402.0
150361.0
150268.0
150224.0
150290.0
150294.0
150257.0
150276.0
150334.0
150275.0
150427.0
150249.0
150330.0
150352.0
150341.0
150346.0
150279.0
150341.0
150327.0
150328.0
150230.0
150340.0
150279.0
150335.0
150318.0
150384.0
150285.0
150345.0
150176.0
150356.0
150342.0
150227.0
150393.0
150293.0
150395.0
150381.0
150422.0
150409.0
150360.0
150346.0
150380.0
150220.0
150318.0
150302.0
150430.0
150347.0
150314.0
150322.0
150316.0
150286.0
150261.0
150341.0
150234.0
150389.0
150283.0
150256.0
150241.0
150365.0
150333.0
150434.0
150318.0
150437.0
150345.0
150453.0
150333.0
150302.0
150297.0
150262.0
150402.0
150253.0
150294.0
150232.0
150387.0
150353.0
150385.0
150312.0
150280.0
150354.0
150372.0
150344.0
150299.0
150284.0
150412.0
150224.0
150392.0
150328.0
150351.0
150394.0
150407.0
150239.0
150330.0
150228.0
150382.0
150400.0
150429.0
150378.0
150405.0
150414.0
150459.0
150388.0
150419.0
150373.0
150275.0
150188.0
150235.0
150298.0
150297.0
150301.0
150269.0
150209.0
150255.0
150251.0
150279.0
150206.0
150246.0
150350.0
150412.0
150221.0
150336.0
150366.0
150307.0
150415.0
150375.0
150349.0
150355.0
150308.0
150431.0
150416.0
150313.0
150495.0
150447.0
150426.0
150434.0
150193.0
150450.0
150425.0
150397.0
150362.0
150384.0
150391.0
150377.0
150348.0
150195.0
150374.0
150324.0
150241.0
150341.0
150405.0
150407.0
150334.0
150209.0
150330.0
150336.0
150312.0
150292.0
150263.0
150312.0
150203.0
150281.0
150252.0
150203.0
150233.0
150274.0
150317.0
150253.0
150247.0
150322.0
150339.0
150377.0
150309.0
150253.0
150351.0
150260.0
150219.0
150133.0
150305.0
150344.0
150338.0
150236.0
150339.0
150366.0
150289.0
150280.0
150279.0
150357.0
150282.0
150400.0
150298.0
150356.0
150352.0
150356.0
150260.0
150419.0
150414.0
150321.0
150421.0
150321.0
150326.0
150346.0
150324.0
150473.0
150263.0
150349.0
150297.0
150335.0
150264.0
150292.0
150281.0
150217.0
150318.0
150341.0
150194.0
150356.0
150231.0
150345.0
150319.0
150320.0
150333.0
150299.0
150311.0
150279.0
150301.0
150250.0
150269.0
150266.0
150365.0
150418.0
150261.0
150327.0
150320.0
150244.0
150330.0
150390.0
150264.0
150351.0
150453.0
150263.0
150350.0
150370.0
150416.0
150229.0
150294.0
150327.0
150302.0
150327.0
150247.0
150241.0
150290.0
150276.0
150378.0
150349.0
150303.0
150331.0
150324.0
150337.0
150211.0
150295.0
150321.0
150267.0
150306.0
150257.0
150476.0
150240.0
150190.0
150293.0
150355.0
150336.0
150230.0
150264.0
150136.0
150251.0
150363.0
150395.0
150354.0
150309.0
150292.0
150285.0
150268.0
150141.0
150153.0
150239.0
150272.0
150292.0
150243.0
150403.0
150317.0
150263.0
150233.0
150269.0
150274.0
150345.0
150353.0
150271.0
150378.0
150402.0
150298.0
150355.0
150316.0
150393.0
150438.0
150434.0
150405.0
150361.0
150361.0
150332.0
150257.0
150193.0
150381.0
150285.0
150421.0
150405.0
150355.0
150387.0
150472.0
150312.0
150379.0
150367.0
150459.0
150333.0
150385.0
150280.0
150459.0
150371.0
150329.0
150289.0
150318.0
150346.0
150462.0
150245.0
150360.0
150245.0
150310.0
150389.0
150327.0
150299.0
150306.0
150338.0
150314.0
150353.0
150291.0
150200.0
150338.0
150349.0
150349.0
150348.0
150304.0
150305.0
150370.0
150281.0
150290.0
150222.0
150312.0
150332.0
150383.0
150277.0
150241.0
150381.0
150330.0
150363.0
150295.0
150413.0
150309.0
150383.0
150338.0
150299.0
150394.0
150375.0
150348.0
150423.0
150216.0
150318.0
150337.0
150326.0
150326.0
150371.0
150223.0
150390.0
150309.0
150230.0
150281.0
150237.0
150219.0
150210.0
150193.0
150252.0
150382.0
150340.0
150437.0
150397.0
150473.0
150300.0
150409.0
150363.0
150326.0
150411.0
150338.0
150356.0
150331.0
150371.0
150430.0
150284.0
150369.0
150404.0
150309.0
150374.0
150393.0
150391.0
150356.0
150465.0
150370.0
150371.0
150289.0
150363.0
150356.0
150309.0
150341.0
150282.0
150222.0
150188.0
150317.0
150323.0
150351.0
150333.0
150356.0
150337.0
150381.0
150372.0
150404.0
150315.0
150251.0
150232.0
150342.0
150282.0
150352.0
150397.0
150391.0
150419.0
150320.0
150362.0
150417.0
150393.0
150446.0
150332.0
150416.0
150389.0
150397.0
150451.0
150369.0
150348.0
150403.0
150322.0
150385.0
150324.0
150278.0
150332.0
150373.0
150355.0
150379.0
150355.0
150348.0
150425.0
150427.0
150374.0
150353.0
150230.0
150215.0
150370.0
150338.0
150389.0
150367.0
150364.0
150423.0
150254.0
150311.0
150326.0
150299.0
150373.0
150426.0
150251.0
150238.0
150394.0
150291.0
150247.0
150392.0
150251.0
150292.0
150276.0
150212.0
150303.0
150215.0
150304.0
150289.0
150272.0
150266.0
150256.0
150317.0
150246.0
150299.0
150280.0
150183.0
150207.0
150227.0
150294.0
150347.0
150389.0
150382.0
150321.0
150377.0
150268.0
150295.0
150431.0
150270.0
150380.0
150339.0
150282.0
150441.0
150326.0
150305.0
150271.0
150324.0
150290.0
150314.0
150335.0
150343.0
150374.0
150382.0
150337.0
150326.0
150357.0
150337.0
150372.0
150407.0
150380.0
150364.0
150356.0
150312.0
150385.0
150380.0
150329.0
150364.0
150453.0
150452.0
150331.0
150390.0
150290.0
150419.0
150382.0
150451.0
150365.0
150453.0
150337.0
150378.0
150348.0
150408.0
150334.0
150387.0
150406.0
150293.0
150222.0
150275.0
150262.0
150308.0
150278.0
150366.0
150388.0
150372.0
150389.0
150505.0
150418.0
150333.0
150319.0
150316.0
150332.0
150363.0
150288.0
150290.0
150313.0
150210.0
150409.0
150258.0
150328.0
150305.0
150327.0
150344.0
150434.0
150409.0
150412.0
150416.0
150264.0
150355.0
150322.0
150296.0
150304.0
150342.0
150338.0
150325.0
150395.0
150309.0
150245.0
150375.0
150396.0
150263.0
150441.0
150311.0
150412.0
150389.0
150234.0
150322.0
150264.0
150402.0
150219.0
150287.0
150263.0
150274.0
150346.0
150305.0
150475.0
150317.0
150248.0
150460.0
150339.0
150331.0
150400.0
150355.0
150521.0
150297.0
150354.0
150519.0
150400.0
150426.0
150432.0
150471.0
150468.0
150483.0
150527.0
150392.0
150472.0
150387.0
150430.0
150312.0
150464.0
150420.0
150395.0
150451.0
150626.0
150391.0
150325.0
150339.0
150374.0
150383.0
150439.0
150373.0
150466.0
150398.0
150370.0
150339.0
150252.0
150392.0
150336.0
150375.0
150273.0
150353.0
150276.0
150304.0
150350.0
150394.0
150315.0
150493.0
150546.0
150346.0
150445.0
150342.0
150351.0
150335.0
150383.0
150348.0
150436.0
150312.0
150367.0
150307.0
150422.0
150419.0
150378.0
150324.0
150349.0
150408.0
150367.0
150358.0
150400.0
150422.0
150307.0
150355.0
150430.0
150394.0
150346.0
150448.0
150395.0
150394.0
150354.0
150450.0
150422.0
150400.0
150407.0
150394.0
150373.0
150351.0
150422.0
150341.0
150335.0
150323.0
150325.0
150363.0
150354.0
150349.0
150326.0
150321.0
150304.0
150373.0
150475.0
150395.0
150380.0
150339.0
150345.0
150323.0
150299.0
150205.0
150400.0
150431.0
150403.0
150317.0
150334.0
150286.0
150268.0
150305.0
150289.0
150415.0
150391.0
150322.0
150372.0
150393.0
150413.0
150406.0
150443.0
150285.0
150289.0
150457.0
150322.0
150403.0
150366.0
150407.0
150284.0
150384.0
150369.0
150382.0
150348.0
150310.0
150320.0
150311.0
150385.0
150270.0
150456.0
150266.0
150311.0
150292.0
150316.0
150366.0
150448.0
150439.0
150409.0
150440.0
150347.0
150352.0
150393.0
150414.0
150282.0
150386.0
150379.0
150316.0
150469.0
150370.0
150281.0
150389.0
150292.0
150471.0
150475.0
150342.0
150413.0
150464.0
150444.0
150377.0
150459.0
150364.0
150455.0
150419.0
150456.0
150396.0
150449.0
150552.0
150459.0
150539.0
150525.0
150398.0
150338.0
150408.0
150352.0
150470.0
150420.0
150420.0
150414.0
150575.0
150451.0
150430.0
150508.0
150475.0
150467.0
150508.0
150502.0
150376.0
150400.0
150436.0
150425.0
150514.0
150436.0
150460.0
150382.0
150361.0
150412.0
150366.0
150318.0
150374.0
150366.0
150364.0
150271.0
150329.0
150388.0
150384.0
150518.0
150488.0
150397.0
150316.0
150340.0
150399.0
150310.0
150405.0
150375.0
150468.0
150407.0
150426.0
150489.0
150319.0
150409.0
150364.0
150358.0
150443.0
150414.0
150453.0
150363.0
150353.0
150468.0
150392.0
150376.0
150360.0
150342.0
150431.0
150454.0
150395.0
150408.0
150367.0
150434.0
150404.0
150439.0
150453.0
150439.0
150339.0
150400.0
150364.0
150363.0
150480.0
150401.0
150436.0
150473.0
150369.0
150397.0
150401.0
150522.0
150372.0
150530.0
150441.0
150427.0
150476.0
150451.0
150453.0
150349.0
150460.0
150435.0
150471.0
150383.0
150387.0
150385.0
150343.0
150392.0
150334.0
150436.0
150405.0
150523.0
150386.0
150315.0
150214.0
150296.0
150399.0
150446.0
150455.0
150346.0
150460.0
150329.0
150417.0
150440.0
150277.0
150418.0
150444.0
150272.0
150456.0
150338.0
150490.0
150401.0
150423.0
150402.0
150274.0
150374.0
150450.0
150456.0
150451.0
150346.0
150414.0
150357.0
150387.0
150444.0
150365.0
150374.0
150506.0
150455.0
150368.0
150266.0
150333.0
150420.0
150447.0
150286.0
150318.0
150510.0
150316.0
150396.0
150361.0
150327.0
150348.0
150317.0
150316.0
150397.0
150383.0
150348.0
150430.0
150397.0
150401.0
150345.0
150297.0
150435.0
150465.0
150394.0
150479.0
150370.0
150438.0
150461.0
150453.0
150295.0
150320.0
150505.0
150453.0
150476.0
150436.0
150333.0
150463.0
150375.0
150400.0
150431.0
150306.0
150426.0
150401.0
150477.0
150377.0
150380.0
150429.0
150363.0
150354.0
150343.0
150389.0
150335.0
150451.0
150390.0
150293.0
150413.0
150391.0
150325.0
150257.0
150380.0
150319.0
150412.0
150327.0
150370.0
150411.0
150418.0
150388.0
150400.0
150482.0
150423.0
150448.0
150424.0
150391.0
150365.0
150365.0
150448.0
150385.0
150373.0
150361.0
150365.0
150362.0
150471.0
150542.0
150479.0
150344.0
150438.0
150374.0
150449.0
150437.0
150281.0
150339.0
150325.0
150529.0
150350.0
150414.0
150479.0
150368.0
150395.0
150494.0
150399.0
150404.0
150428.0
150340.0
150323.0
150337.0
150505.0
150335.0
150360.0
150328.0
150408.0
150423.0
150434.0
150519.0
150433.0
150382.0
150414.0
150330.0
150315.0
150426.0
150471.0
150464.0
150495.0
150317.0
150389.0
150404.0
150401.0
150467.0
150410.0
150462.0
150329.0
150331.0
150397.0
150394.0
150431.0
150341.0
150364.0
150224.0
150293.0
150395.0
150297.0
150481.0
150342.0
150315.0
150310.0
150424.0
150402.0
150290.0
150320.0
150299.0
150421.0
150400.0
150446.0
150388.0
150393.0
150263.0
150406.0
150399.0
150277.0
150336.0
150373.0
150367.0
150435.0
150370.0
150401.0
150467.0
150367.0
150377.0
150417.0
150420.0
150398.0
150430.0
150472.0
150429.0
150424.0
150464.0
150333.0
150463.0
150456.0
150465.0
150435.0
150283.0
150395.0
150425.0
150419.0
150449.0
150402.0
150322.0
150364.0
150463.0
150423.0
150364.0
150460.0
150387.0
150402.0
150476.0
150460.0
150548.0
150495.0
150414.0
150434.0
150356.0
150389.0
150355.0
150204.0
150419.0
150308.0
150346.0
150257.0
150424.0
150272.0
150341.0
150333.0
150420.0
150419.0
150395.0
150329.0
150414.0
150403.0
150447.0
150362.0
150428.0
150453.0
150288.0
150313.0
150461.0
150426.0
150452.0
150363.0
150429.0
150339.0
150477.0
150495.0
150481.0
150366.0
150508.0
150399.0
150516.0
150361.0
150595.0
150385.0
150360.0
150400.0
150383.0
150547.0
150462.0
150342.0
150293.0
150380.0
150536.0
150440.0
150426.0
150368.0
150347.0
150429.0
150361.0
150461.0
150405.0
150352.0
150325.0
150487.0
150337.0
150461.0
150592.0
150471.0
150519.0
150422.0
150538.0
150443.0
150412.0
150518.0
150406.0
150430.0
150568.0
150481.0
150501.0
150512.0
150391.0
150445.0
150487.0
150408.0
150366.0
150450.0
150457.0
150367.0
150334.0
150411.0
150401.0
150378.0
150519.0
150446.0
150554.0
150346.0
150441.0
150429.0
150473.0
150426.0
150446.0
150291.0
150434.0
150417.0
150567.0
150458.0
150566.0
150465.0
150376.0
150432.0
150397.0
150381.0
150576.0
150327.0
150367.0
150389.0
150404.0
150451.0
150365.0
150428.0
150398.0
150415.0
150402.0
150508.0
150404.0
150315.0
150431.0
150547.0
150375.0
150371.0
150380.0
150329.0
150408.0
150372.0
150415.0
150165.0
150402.0
150326.0
150446.0
150422.0
150409.0
150395.0
150347.0
150372.0
150286.0
150347.0
150415.0
150410.0
150432.0
150394.0
150347.0
150372.0
150384.0
150479.0
150350.0
150462.0
150469.0
150367.0
150398.0
150324.0
150250.0
150378.0
150390.0
150539.0
150376.0
150486.0
150322.0
150383.0
150370.0
150394.0
150448.0
150385.0
150301.0
150352.0
150405.0
150504.0
150407.0
150449.0
150415.0
150437.0
150395.0
150355.0
150490.0
150415.0
150432.0
150506.0
150364.0
150566.0
150416.0
150524.0
150444.0
150374.0
150462.0
150519.0
150367.0
150412.0
150448.0
150498.0
150377.0
150487.0
150473.0
150507.0
150451.0
150464.0
150407.0
150391.0
150440.0
150448.0
150415.0
150374.0
150336.0
150356.0
150310.0
150428.0
150472.0
150458.0
150477.0
150546.0
150388.0
150441.0
150513.0
150461.0
150401.0
150471.0
150397.0
150444.0
150432.0
150467.0
150273.0
150346.0
150465.0
150423.0
150397.0
150354.0
150343.0
150424.0
150304.0
150416.0
150351.0
150371.0
150328.0
150308.0
150394.0
150370.0
150375.0
150335.0
150447.0
150411.0
150305.0
150318.0
150419.0
150450.0
150458.0
150540.0
150422.0
150413.0
150475.0
150402.0
150534.0
150433.0
150472.0
150528.0
150313.0
150420.0
150496.0
150465.0
150441.0
150463.0
150447.0
150454.0
150406.0
150555.0
150487.0
150497.0
150501.0
150552.0
150585.0
150582.0
150526.0
150587.0
150453.0
150558.0
150558.0
150584.0
150595.0
150530.0
150649.0
150539.0
150528.0
150387.0
150482.0
150488.0
150498.0
150459.0
150525.0
150513.0
150441.0
150434.0
150604.0
150399.0
150373.0
150395.0
150353.0
150475.0
150490.0
150341.0
150451.0
150354.0
150451.0
150455.0
150432.0
150433.0
150327.0
150434.0
150459.0
150464.0
150394.0
150336.0
150391.0
150362.0
150439.0
150442.0
150493.0
150375.0
150459.0
150314.0
150317.0
150407.0
150406.0
150412.0
150475.0
150501.0
150393.0
150305.0
150443.0
150465.0
150464.0
150450.0
150408.0
150387.0
150373.0
150382.0
150359.0
150462.0
150342.0
150342.0
150386.0
150325.0
150425.0
150324.0
150404.0
150316.0
150405.0
150413.0
150379.0
150347.0
150396.0
150368.0
150403.0
150301.0
150272.0
150412.0
150403.0
150456.0
150519.0
150376.0
150450.0
150383.0
150400.0
150404.0
150360.0
150253.0
150387.0
150372.0
150250.0
150402.0
150370.0
150459.0
150345.0
150305.0
150340.0
150349.0
150445.0
150404.0
150440.0
150318.0
150340.0
150451.0
150377.0
150435.0
150440.0
150383.0
150457.0
150345.0
150364.0
150414.0
150443.0
150456.0
150372.0
150421.0
150378.0
150258.0
150357.0
150460.0
150296.0
150457.0
150368.0
150307.0
150337.0
150477.0
150411.0
150385.0
150381.0
150299.0
150396.0
150405.0
150352.0
150465.0
150363.0
150357.0
150402.0
150313.0
150307.0
150380.0
150455.0
150344.0
150311.0
150297.0
150324.0
150314.0
150300.0
150319.0
150381.0
150443.0
150330.0
150276.0
150337.0
150329.0
150408.0
150410.0
150294.0
150319.0
150325.0
150448.0
150406.0
150364.0
150443.0
150343.0
150410.0
150349.0
150439.0
150392.0
150428.0
150343.0
150401.0
150470.0
150368.0
150415.0
150517.0
150577.0
150501.0
150492.0
150535.0
150547.0
150571.0
150511.0
150503.0
150542.0
150545.0
150476.0
150448.0
150535.0
150511.0
150503.0
150450.0
150473.0
150461.0
150502.0
150488.0
150370.0
150526.0
150443.0
150519.0
150411.0
150429.0
150478.0
150463.0
150393.0
150398.0
150481.0
150433.0
150448.0
150250.0
150295.0
150435.0
150397.0
150384.0
150248.0
150398.0
150264.0
150475.0
150281.0
150182.0
150381.0
150474.0
150459.0
150401.0
150409.0
150394.0
150362.0
150395.0
150390.0
150275.0
150222.0
150304.0
150412.0
150349.0
150402.0
150324.0
150246.0
150293.0
150288.0
150233.0
150337.0
150336.0
150422.0
150317.0
150334.0
150280.0
150379.0
150367.0
150407.0
150354.0
150420.0
150376.0
150350.0
150508.0
150459.0
150548.0
150516.0
150448.0
150482.0
150429.0
150420.0
150404.0
150474.0
150476.0
150492.0
150384.0
150419.0
150353.0
150324.0
150382.0
150382.0
150353.0
150343.0
150417.0
150438.0
150376.0
150367.0
150446.0
150378.0
150520.0
150371.0
150488.0
150312.0
150384.0
150469.0
150323.0
150451.0
150548.0
150457.0
150373.0
150464.0
150457.0
150402.0
150412.0
150435.0
150443.0
150416.0
150407.0
150354.0
150384.0
150389.0
150406.0
150438.0
150406.0
150426.0
150389.0
150391.0
150404.0
150314.0
150357.0
150398.0
150384.0
150365.0
150392.0
150397.0
150400.0
150471.0
150446.0
150390.0
150341.0
150477.0
150356.0
150229.0
150308.0
150340.0
150486.0
150329.0
150222.0
150332.0
150352.0
150333.0
150353.0
150357.0
150392.0
150309.0
150342.0
150395.0
150371.0
150340.0
150318.0
150275.0
150325.0
150309.0
150224.0
150282.0
150182.0
150286.0
150354.0
150201.0
150220.0
150291.0
150270.0
150403.0
150302.0
150306.0
150280.0
150352.0
150270.0
150295.0
150423.0
150259.0
150265.0
150397.0
150405.0
150404.0
150394.0
150302.0
150336.0
150439.0
150383.0
150387.0
150474.0
150381.0
150362.0
150389.0
150300.0
150331.0
150479.0
150303.0
150365.0
150355.0
150458.0
150397.0
150449.0
150318.0
150411.0
150460.0
150312.0
150375.0
150478.0
150323.0
150318.0
150364.0
150371.0
150381.0
150278.0
150330.0
150304.0
150274.0
150392.0
150440.0
150285.0
150323.0
150375.0
150341.0
150332.0
150470.0
150340.0
150351.0
150321.0
150336.0
150383.0
150419.0
150243.0
150282.0
150414.0
150401.0
150459.0
150424.0
150359.0
150320.0
150370.0
150300.0
150368.0
150375.0
150523.0
150425.0
150455.0
150393.0
150396.0
150505.0
150441.0
150313.0
150400.0
150391.0
150343.0
150421.0
150404.0
150474.0
150483.0
150380.0
150341.0
150469.0
150400.0
150405.0
150448.0
150399.0
150383.0
150473.0
150378.0
150429.0
150432.0
150368.0
150388.0
150390.0
150359.0
150447.0
150420.0
150379.0
150319.0
150402.0
150402.0
150337.0
150321.0
150335.0
150379.0
150364.0
150450.0
150383.0
150393.0
150320.0
150380.0
150355.0
150478.0
150312.0
150481.0
150397.0
150327.0
150435.0
150459.0
150519.0
150427.0
150370.0
150375.0
150465.0
150395.0
150310.0
150320.0
150431.0
150352.0
150458.0
150386.0
150434.0
150391.0
150289.0
150347.0
150367.0
150329.0
150403.0
150483.0
150456.0
150361.0
150465.0
150528.0
150509.0
150309.0
150345.0
150413.0
150447.0
150528.0
150523.0
150460.0
150479.0
150421.0
150386.0
150388.0
150357.0
150366.0
150477.0
150334.0
150518.0
150515.0
150501.0
150341.0
150458.0
150404.0
150378.0
150395.0
150399.0
150349.0
150504.0
150577.0
150406.0
150434.0
150530.0
150332.0
150485.0
150421.0
150418.0
150447.0
150436.0
150395.0
150412.0
150479.0
150507.0
150382.0
150423.0
150392.0
150462.0
150367.0
150464.0
150459.0
150489.0
150390.0
150443.0
150517.0
150379.0
150523.0
150431.0
150401.0
150398.0
150505.0
150500.0
150458.0
150472.0
150531.0
150401.0
150458.0
150430.0
150361.0
150445.0
150448.0
150353.0
150380.0
150350.0
150391.0
150282.0
150328.0
150394.0
150407.0
150349.0
150402.0
150408.0
150535.0
150362.0
150533.0
150442.0
150463.0
150363.0
150366.0
150475.0
150363.0
150494.0
150387.0
150380.0
150371.0
150343.0
150411.0
150476.0
150385.0
150469.0
150437.0
150547.0
150444.0
150432.0
150534.0
150351.0
150416.0
150485.0
150489.0
150491.0
150476.0
150607.0
150494.0
150474.0
150530.0
150568.0
150579.0
150485.0
150499.0
150457.0
150469.0
150268.0
150429.0
150411.0
150352.0
150527.0
150394.0
150409.0
150443.0
150409.0
150386.0
150459.0
150435.0
150565.0
150377.0
150539.0
150517.0
150434.0
150460.0
150469.0
150452.0
150380.0
150418.0
150416.0
150414.0
150352.0
150403.0
150428.0
150429.0
150290.0
150369.0
150476.0
150338.0
150376.0
150392.0
150348.0
150344.0
150435.0
150399.0
150469.0
150361.0
150428.0
150405.0
150397.0
150345.0
150447.0
150531.0
150502.0
150454.0
150485.0
150425.0
150432.0
150346.0
150366.0
150379.0
150490.0
150319.0
150384.0
150374.0
150271.0
150394.0
150349.0
150381.0
150418.0
150382.0
150295.0
150331.0
150427.0
150387.0
150341.0
150389.0
150386.0
150312.0
150347.0
150477.0
150339.0
150322.0
150256.0
150484.0
150449.0
150338.0
150498.0
150473.0
150343.0
150437.0
150370.0
150414.0
150375.0
150395.0
150373.0
150332.0
150434.0
150358.0
150429.0
150361.0
150350.0
150403.0
150467.0
150423.0
150374.0
150423.0
150408.0
150328.0
150473.0
150440.0
150434.0
150344.0
150464.0
150535.0
150452.0
150460.0
150331.0
150503.0
150424.0
150463.0
150512.0
150354.0
150511.0
150366.0
150463.0
150453.0
150464.0
150423.0
150437.0
150381.0
150371.0
150443.0
150420.0
150449.0
150406.0
150301.0
150388.0
150451.0
150445.0
150431.0
150335.0
150474.0
150494.0
150406.0
150448.0
150493.0
150441.0
150449.0
150386.0
150425.0
150367.0
150363.0
150566.0
150402.0
150470.0
150517.0
150436.0
150386.0
150383.0
150435.0
150492.0
150385.0
150474.0
150401.0
150407.0
150368.0
150377.0
150318.0
150380.0
150414.0
150444.0
150349.0
150526.0
150478.0
150429.0
150424.0
150490.0
150540.0
150542.0
150483.0
150446.0
150605.0
150476.0
150476.0
150374.0
150435.0
150529.0
150480.0
150399.0
150334.0
150504.0
150243.0
150414.0
150374.0
150462.0
150398.0
150499.0
150415.0
150375.0
150332.0
150400.0
150411.0
150340.0
150384.0
150411.0
150408.0
150461.0
150399.0
150421.0
150499.0
150386.0
150393.0
150393.0
150439.0
150400.0
150364.0
150435.0
150451.0
150345.0
150338.0
150422.0
150374.0
150382.0
150417.0
150415.0
150433.0
150450.0
150477.0
150458.0
150483.0
150467.0
150489.0
150540.0
150493.0
150404.0
150378.0
150479.0
150382.0
150507.0
150377.0
150402.0
150354.0
150355.0
150471.0
150380.0
150429.0
150477.0
150286.0
150434.0
150349.0
150362.0
150386.0
150381.0
150399.0
150424.0
150465.0
150444.0
150445.0
150431.0
