[[6581741, 6582432, 6582439, 6582254, 6582405, 6582940, 6582604, 6583248, 6582638, 6581969, 6582478, 6583225, 6583336, 6583434, 6582851, 6583195, 6583097, 6582854, 6582437, 6582183, 4276993760, 4276993760], [6582038, 6582232, 6582492, 6582341, 6582448, 6582699, 6582996, 6583197, 6582416, 6581880, 6582835, 6583252, 6583359, 6583263, 6582898, 6583369, 6582809, 6582920, 6582217, 6582269, 4276993761, 4276993761], [6582111, 6582183, 6582405, 6582354, 6582634, 6582569, 6583173, 6583129, 6582144, 6581965, 6583095, 6583220, 6583391, 6583013, 6583125, 6583515, 6582606, 6582819, 6582213, 6582187, 4276993762, 4276993762], [6582274, 6582219, 6582337, 6582543, 6582640, 6582610, 6583284, 6582846, 6582106, 6582092, 6583077, 6583437, 6583358, 6582987, 6583045, 6583452, 6582598, 6582864, 6582003, 6581965, 4276993763, 4276993763]]
[[6582669, 6582622, 6583517, 6584092, 6583658, 6583989, 6582966, 6584232, 6584517, 6583815, 6583033, 6584002, 6584443, 6583387, 6583206, 6583249, 6583106, 6583234, 6583536, 6583674, 4276993760, 4276993760], [6582947, 6582409, 6583949, 6583909, 6583738, 6583695, 6583249, 6584405, 6584588, 6583419, 6583244, 6584229, 6584129, 6583177, 6583143, 6583476, 6582981, 6583334, 6583283, 6584013, 4276993761, 4276993761], [6583077, 6582611, 6583982, 6583911, 6583937, 6583370, 6583561, 6584338, 6584457, 6583129, 6583647, 6584261, 6583971, 6583094, 6583233, 6583406, 6582932, 6583485, 6583159, 6583868, 4276993762, 4276993762], [6582867, 6583165, 6583957, 6583762, 6583920, 6583200, 6583801, 6584596, 6584238, 6582902, 6583806, 6584521, 6583512, 6583209, 6583019, 6583482, 6583032, 6583600, 6583324, 6583404, 4276993763, 4276993763]]
[[6584182, 6583292, 6584079, 6584222, 6584736, 6585387, 6583568, 6583410, 6583395, 6583348, 6583721, 6582915, 6582058, 6582432, 6582817, 6582927, 6583186, 6582653, 6582790, 6583498, 4276993760, 4276993760], [6584346, 6583087, 6584296, 6584378, 6584865, 6585179, 6583282, 6583489, 6583289, 6583552, 6583479, 6582662, 6582173, 6582402, 6583039, 6582892, 6583251, 6582437, 6582924, 6583606, 4276993761, 4276993761], [6584224, 6583265, 6584344, 6584398, 6585224, 6584683, 6583155, 6583413, 6583435, 6583809, 6583067, 6582473, 6582158, 6582521, 6582884, 6583237, 6583201, 6582397, 6583173, 6583259, 4276993762, 4276993762], [6583751, 6583645, 6584322, 6584532, 6585366, 6584270, 6583128, 6583482, 6583581, 6583557, 6582887, 6582314, 6582203, 6582676, 6582933, 6583201, 6583077, 6582409, 6583599, 6583005, 4276993763, 4276993763]]
[[6582577, 6582468, 6583372, 6583917, 6583633, 6584812, 6584343, 6584277, 6585770, 6584983, 6584235, 6584146, 6584913, 6585542, 6584628, 6582467, 6583034, 6582598, 6582502, 6583174, 4276993760, 4276993760], [6582734, 6582589, 6583647, 6583709, 6583969, 6584740, 6584268, 6584663, 6585778, 6584654, 6584086, 6584667, 6584807, 6585455, 6584281, 6582348, 6583016, 6582554, 6582601, 6583250, 4276993761, 4276993761], [6582567, 6582813, 6583840, 6583627, 6584199, 6584675, 6584300, 6585036, 6585566, 6584266, 6584279, 6584714, 6585054, 6585198, 6583865, 6582405, 6582700, 6582690, 6582723, 6583187, 4276993762, 4276993762], [6582384, 6583030, 6583993, 6583589, 6584631, 6584384, 6584195, 6585592, 6585205, 6584193, 6584320, 6584764, 6585352, 6584918, 6583156, 6582607, 6582698, 6582606, 6583022, 6582743, 4276993763, 4276993763]]
[[6582306, 6582415, 6584028, 6583238, 6583186, 6584353, 6583447, 6583336, 6584265, 6584055, 6584264, 6584771, 6585572, 6585460, 6585226, 6584831, 6584001, 6584729, 6584026, 6584153, 4276993760, 4276993760], [6582519, 6582838, 6583784, 6583275, 6583476, 6584118, 6583365, 6583519, 6584524, 6583747, 6584325, 6585185, 6585485, 6585485, 6585216, 6584615, 6583904, 6584700, 6583909, 6583994, 4276993761, 4276993761], [6582172, 6583685, 6583572, 6583171, 6583646, 6584015, 6583199, 6583838, 6584477, 6583792, 6584534, 6585354, 6585547, 6585272, 6585236, 6584354, 6584162, 6584452, 6583977, 6583693, 4276993762, 4276993762], [6582070, 6584070, 6583346, 6583295, 6583750, 6583894, 6583162, 6584079, 6584413, 6583940, 6584591, 6585578, 6585482, 6585313, 6585016, 6584095, 6584448, 6584315, 6584013, 6583172, 4276993763, 4276993763]]
[[6583103, 6583474, 6583948, 6583559, 6582967, 6583696, 6582842, 6583461, 6583314, 6582549, 6583589, 6582829, 6582710, 6582288, 6582587, 6582833, 6583420, 6582285, 6582291, 6583200, 4276993760, 4276993760], [6583330, 6583571, 6584014, 6583447, 6582911, 6583800, 6582823, 6583470, 6583176, 6582559, 6583472, 6582969, 6582513, 6582413, 6582470, 6583241, 6583086, 6582045, 6582750, 6583174, 4276993761, 4276993761], [6583462, 6583637, 6583876, 6583196, 6583235, 6583357, 6583195, 6583529, 6582998, 6582923, 6583081, 6582997, 6582382, 6582592, 6582349, 6583489, 6582934, 6581800, 6583016, 6583186, 4276993762, 4276993762], [6583366, 6583759, 6583741, 6582999, 6583606, 6582997, 6583389, 6583522, 6582715, 6583228, 6582870, 6582916, 6582317, 6582647, 6582519, 6583638, 6582471, 6581946, 6583211, 6582903, 4276993763, 4276993763]]
[[6582470, 6583595, 6583599, 6584157, 6584485, 6585968, 6583903, 6583695, 6583257, 6583877, 6583970, 6583735, 6584546, 6584452, 6584167, 6583667, 6583895, 6584118, 6583698, 6583619, 4276993760, 4276993760], [6582754, 6583515, 6583657, 6584285, 6584914, 6585377, 6584056, 6583412, 6583405, 6584025, 6583738, 6584131, 6584408, 6584479, 6583827, 6583948, 6584003, 6583818, 6583844, 6583334, 4276993761, 4276993761], [6583161, 6583478, 6583865, 6584298, 6585454, 6584798, 6583899, 6583322, 6583813, 6583765, 6583654, 6584350, 6584431, 6584540, 6583526, 6584035, 6584173, 6583562, 6583928, 6583101, 4276993762, 4276993762], [6583475, 6583614, 6583909, 6584293, 6585967, 6584155, 6583854, 6583317, 6583816, 6583820, 6583637, 6584524, 6584559, 6584460, 6583336, 6584096, 6584096, 6583600, 6583924, 6582644, 4276993763, 4276993763]]
[[6583147, 6582425, 6582165, 6582994, 6583230, 6583873, 6582812, 6582794, 6582829, 6583431, 6583000, 6583225, 6583712, 6583258, 6583711, 6583618, 6583565, 6582704, 6582923, 6583038, 4276993760, 4276993760], [6583152, 6582284, 6582352, 6583037, 6583452, 6583504, 6583054, 6582628, 6582896, 6583540, 6583008, 6583263, 6583789, 6583083, 6583726, 6583545, 6583761, 6582408, 6582953, 6582965, 4276993761, 4276993761], [6583103, 6582037, 6582610, 6583131, 6583680, 6583211, 6583074, 6582647, 6583066, 6583274, 6583147, 6583439, 6583621, 6583255, 6583803, 6583378, 6583585, 6582496, 6582914, 6582801, 4276993762, 4276993762], [6582735, 6582238, 6582723, 6583163, 6583853, 6582832, 6583057, 6582716, 6583227, 6583142, 6583101, 6583621, 6583444, 6583518, 6583843, 6583348, 6583032, 6582912, 6582981, 6582364, 4276993763, 4276993763]]
[[6582969, 6582966, 6584225, 6584552, 6583980, 6584303, 6583014, 6582486, 6582797, 6583353, 6583403, 6583436, 6583490, 6583815, 6584297, 6584139, 6582833, 6582020, 6581918, 6582216, 4276993760, 4276993760], [6583129, 6583006, 6584584, 6584428, 6584018, 6583895, 6583103, 6582327, 6582869, 6583717, 6583316, 6583465, 6583419, 6584249, 6583960, 6584085, 6582526, 6581888, 6582038, 6582152, 4276993761, 4276993761], [6583181, 6583357, 6584649, 6584199, 6584161, 6583533, 6583104, 6582366, 6583032, 6583518, 6583569, 6583290, 6583547, 6584395, 6583891, 6583754, 6582280, 6581905, 6582125, 6581865, 4276993762, 4276993762], [6583288, 6583662, 6584518, 6584120, 6584444, 6583045, 6582901, 6582531, 6583342, 6583048, 6583614, 6583249, 6583784, 6584267, 6584059, 6583385, 6582053, 6581899, 6582318, 6581315, 4276993763, 4276993763]]
[[6581282, 6581516, 6580689, 6580811, 6580734, 6581484, 6581554, 6581336, 6581640, 6581533, 6580923, 6580867, 6581491, 6580755, 6581423, 6581668, 6582205, 6581244, 6581383, 6581837, 4276993760, 4276993760], [6581553, 6581395, 6580536, 6580753, 6580897, 6581543, 6581559, 6581260, 6581684, 6581482, 6580978, 6580947, 6581297, 6580746, 6581436, 6581941, 6582252, 6581109, 6581483, 6581837, 4276993761, 4276993761], [6581698, 6581067, 6580433, 6581074, 6580816, 6581660, 6581582, 6581416, 6581636, 6581107, 6580951, 6581131, 6581194, 6580899, 6581433, 6582178, 6582138, 6580917, 6581680, 6581719, 4276993762, 4276993762], [6581743, 6580908, 6580622, 6580943, 6581092, 6581620, 6581565, 6581405, 6581633, 6580956, 6580854, 6581374, 6580924, 6581263, 6581457, 6582172, 6581740, 6581127, 6581871, 6581606, 4276993763, 4276993763]]
