[[6609343, 6609035, 6609388, 6609474, 6610049, 6610197, 6611139, 6610810, 6611560, 6611440, 6611157, 6611044, 6611841, 6612036, 6611986, 6612206, 6611440, 6611727, 6611738, 6611928, 4276993760, 4276993760], [6609336, 6609120, 6609083, 6609811, 6609944, 6610352, 6611201, 6611047, 6611540, 6611269, 6611251, 6611061, 6612210, 6611825, 6612118, 6611868, 6611706, 6611737, 6611654, 6611732, 4276993761, 4276993761], [6609058, 6609182, 6609202, 6609958, 6610022, 6610555, 6611085, 6611323, 6611321, 6611457, 6611231, 6611031, 6612236, 6611980, 6612221, 6611688, 6611596, 6611944, 6611608, 6611559, 4276993762, 4276993762], [6609127, 6609297, 6609341, 6609943, 6610280, 6610704, 6610989, 6611438, 6611351, 6611421, 6611108, 6611347, 6612044, 6612033, 6612261, 6611515, 6611772, 6611906, 6611743, 6611221, 4276993763, 4276993763]]
[[6609053, 6610694, 6610893, 6611214, 6610879, 6610976, 6610725, 6610557, 6611788, 6610429, 6610446, 6610279, 6610081, 6609605, 6609492, 6609867, 6609800, 6610113, 6610204, 6610635, 4276993760, 4276993760], [6609350, 6610949, 6610691, 6611269, 6610797, 6611165, 6610575, 6610873, 6611593, 6610224, 6610404, 6610392, 6609862, 6609645, 6609702, 6609682, 6609751, 6610043, 6610551, 6610625, 4276993761, 4276993761], [6609820, 6611052, 6610712, 6611183, 6610836, 6611043, 6610459, 6611368, 6611275, 6610058, 6610380, 6610337, 6609709, 6609738, 6609756, 6609774, 6609461, 6610299, 6610796, 6610425, 4276993762, 4276993762], [6610183, 6611018, 6611112, 6610879, 6610878, 6610838, 6610537, 6611661, 6610825, 6610176, 6610388, 6610202, 6609493, 6609734, 6609893, 6609621, 6609876, 6610211, 6610738, 6610404, 4276993763, 4276993763]]
[[6609640, 6608812, 6608249, 6608856, 6609095, 6609397, 6609652, 6609363, 6609793, 6609357, 6609493, 6608976, 6607896, 6608299, 6608556, 6608969, 6608860, 6608594, 6608640, 6609350, 4276993760, 4276993760], [6609666, 6608657, 6608249, 6608954, 6609050, 6609399, 6609691, 6609595, 6609737, 6609259, 6609390, 6608748, 6607731, 6608572, 6608760, 6608689, 6608913, 6608596, 6608868, 6609044, 4276993761, 4276993761], [6609489, 6608515, 6608326, 6609161, 6608973, 6609539, 6609534, 6609706, 6609588, 6609423, 6609356, 6608288, 6607874, 6608556, 6608994, 6608381, 6609037, 6608775, 6608781, 6608875, 4276993762, 4276993762], [6609144, 6608519, 6608457, 6609201, 6609106, 6609533, 6609666, 6609681, 6609419, 6609508, 6609179, 6608009, 6608265, 6608405, 6609044, 6608496, 6608859, 6608740, 6609079, 6608333, 4276993763, 4276993763]]
[[6609531, 6608994, 6609809, 6610110, 6610195, 6610278, 6610412, 6611354, 6611879, 6610735, 6611435, 6610884, 6611523, 6611273, 6611103, 6610771, 6611016, 6610796, 6609629, 6609544, 4276993760, 4276993760], [6609384, 6609115, 6609909, 6610105, 6610264, 6610291, 6610524, 6611715, 6611389, 6611068, 6611355, 6611000, 6611231, 6611457, 6611015, 6610650, 6611127, 6610440, 6609507, 6609749, 4276993761, 4276993761], [6609256, 6609270, 6610107, 6609907, 6610533, 6610070, 6610775, 6612149, 6610967, 6611182, 6611123, 6611186, 6611297, 6611451, 6610833, 6610757, 6610974, 6610164, 6609432, 6609528, 4276993762, 4276993762], [6609083, 6609488, 6610110, 6610123, 6610479, 6610169, 6611023, 6612280, 6610517, 6611406, 6611001, 6611495, 6611179, 6611273, 6610851, 6610790, 6611010, 6609779, 6609513, 6609151, 4276993763, 4276993763]]
[[6610112, 6610551, 6611266, 6611052, 6611228, 6611201, 6610991, 6610810, 6611504, 6610168, 6610427, 6609424, 6610175, 6609784, 6610061, 6609979, 6610684, 6610024, 6609171, 6609335, 4276993760, 4276993760], [6610286, 6610640, 6611138, 6611024, 6611157, 6611230, 6611037, 6611070, 6611280, 6610127, 6610007, 6609439, 6610514, 6609776, 6609814, 6610268, 6610548, 6609800, 6609241, 6609343, 4276993761, 4276993761], [6610368, 6610808, 6611054, 6611125, 6611164, 6611198, 6610767, 6611602, 6610818, 6610081, 6609760, 6609813, 6610271, 6609838, 6609904, 6610258, 6610703, 6609344, 6609205, 6609490, 4276993762, 4276993762], [6610537, 6611067, 6611055, 6611145, 6611230, 6610987, 6610848, 6611686, 6610315, 6610320, 6609570, 6609976, 6610059, 6609911, 6610025, 6610403, 6610514, 6609166, 6609073, 6609460, 4276993763, 4276993763]]
[[6609787, 6610439, 6610349, 6610629, 6610986, 6610095, 6610082, 6609879, 6609743, 6610055, 6610362, 6610581, 6611003, 6610682, 6610242, 6610235, 6610376, 6609539, 6609624, 6609279, 4276993760, 4276993760], [6609997, 6610389, 6610418, 6610698, 6610753, 6610018, 6610276, 6609611, 6609853, 6610221, 6610341, 6610635, 6611005, 6610643, 6610137, 6610280, 6610370, 6609324, 6609731, 6608979, 4276993761, 4276993761], [6610330, 6610280, 6610549, 6610869, 6610314, 6610086, 6610141, 6609639, 6609926, 6610153, 6610579, 6610707, 6611120, 6610277, 6610123, 6610447, 6610148, 6609236, 6609721, 6608694, 4276993762, 4276993762], [6610533, 6610258, 6610669, 6610835, 6610211, 6609982, 6610222, 6609607, 6609989, 6610121, 6610672, 6610844, 6610978, 6610149, 6610154, 6610489, 6609816, 6609477, 6609435, 6608653, 4276993763, 4276993763]]
[[6609634, 6609947, 6610604, 6611412, 6610991, 6610664, 6611804, 6611311, 6612268, 6610861, 6611418, 6610767, 6611085, 6610444, 6611014, 6611049, 6610712, 6610976, 6610701, 6611540, 4276993760, 4276993760], [6609554, 6610192, 6610671, 6611749, 6610701, 6610646, 6611968, 6611722, 6611910, 6610826, 6611447, 6610740, 6610849, 6610406, 6611113, 6611009, 6610828, 6610887, 6610779, 6611704, 4276993761, 4276993761], [6609516, 6610305, 6610856, 6611677, 6610527, 6610998, 6611827, 6612136, 6611305, 6610989, 6611273, 6610864, 6610637, 6610736, 6611069, 6610915, 6610883, 6610838, 6610826, 6611604, 4276993762, 4276993762], [6609703, 6610462, 6611095, 6611320, 6610605, 6611353, 6611380, 6612526, 6610858, 6611308, 6610891, 6611160, 6610550, 6610898, 6611078, 6610715, 6610847, 6610868, 6611156, 6611143, 4276993763, 4276993763]]
[[6609866, 6610128, 6609704, 6609633, 6609533, 6610255, 6610000, 6609975, 6611245, 6610535, 6610219, 6610028, 6609901, 6610168, 6610136, 6610277, 6610431, 6610491, 6610463, 6610644, 4276993760, 4276993760], [6610020, 6609819, 6609880, 6609657, 6609539, 6610187, 6609882, 6610444, 6611150, 6610344, 6610190, 6610117, 6609766, 6610271, 6610038, 6610446, 6610466, 6610346, 6610713, 6610350, 4276993761, 4276993761], [6610082, 6609745, 6609712, 6609784, 6609722, 6610187, 6609753, 6610850, 6610962, 6610151, 6610118, 6610162, 6609742, 6610347, 6609842, 6610692, 6610456, 6610401, 6610783, 6610055, 4276993762, 4276993762], [6610205, 6609703, 6609511, 6609649, 6610091, 6610200, 6609701, 6611168, 6610569, 6610346, 6609955, 6610174, 6609756, 6610452, 6610038, 6610499, 6610560, 6610260, 6610916, 6609759, 4276993763, 4276993763]]
[[6609558, 6609809, 6610184, 6609705, 6609521, 6609737, 6610256, 6610095, 6611446, 6611036, 6609313, 6610231, 6610487, 6609720, 6609833, 6609923, 6609779, 6609664, 6610138, 6610622, 4276993760, 4276993760], [6609387, 6610066, 6610136, 6609675, 6609417, 6609999, 6610169, 6610451, 6611312, 6610699, 6609316, 6610390, 6610435, 6609757, 6609826, 6609863, 6609793, 6609676, 6610121, 6610829, 4276993761, 4276993761], [6609329, 6610097, 6610278, 6609482, 6609514, 6610073, 6610198, 6610713, 6611386, 6610082, 6609579, 6610396, 6610276, 6609753, 6610021, 6609635, 6609774, 6610110, 6610075, 6610683, 4276993762, 4276993762], [6609580, 6610095, 6609973, 6609541, 6609491, 6610233, 6610188, 6611119, 6611208, 6609578, 6610032, 6610366, 6609985, 6609718, 6610173, 6609526, 6609832, 6610122, 6610350, 6610511, 4276993763, 4276993763]]
[[6609567, 6609467, 6610053, 6609768, 6608874, 6608910, 6608696, 6608759, 6609782, 6610031, 6609904, 6609840, 6610608, 6609993, 6609378, 6609374, 6610215, 6610542, 6610671, 6611411, 4276993760, 4276993760], [6609403, 6609527, 6610150, 6609650, 6608664, 6608869, 6608787, 6608899, 6609829, 6610233, 6609810, 6609866, 6610509, 6609992, 6609318, 6609553, 6610438, 6610568, 6610427, 6611363, 4276993761, 4276993761], [6609480, 6609520, 6610105, 6609488, 6608693, 6608695, 6608943, 6609068, 6609943, 6610100, 6609791, 6610134, 6610351, 6609692, 6609492, 6609739, 6610472, 6610551, 6610697, 6611124, 4276993762, 4276993762], [6609506, 6609633, 6609874, 6609309, 6608869, 6608487, 6609007, 6609498, 6609926, 6609949, 6609793, 6610358, 6610267, 6609487, 6609412, 6609929, 6610615, 6610621, 6611040, 6610463, 4276993763, 4276993763]]
[[6609733, 6610044, 6611162, 6610574, 6609795, 6610105, 6609685, 6610496, 6610446, 6610328, 6610098, 6609942, 6609792, 6608836, 6609804, 6610112, 6610052, 6609397, 6609662, 6610337, 4276993760, 4276993760], [6609845, 6610035, 6611373, 6610095, 6610052, 6609952, 6609757, 6610699, 6610279, 6610064, 6610472, 6609785, 6609599, 6608883, 6609759, 6610482, 6609742, 6609523, 6609830, 6610207, 4276993761, 4276993761], [6609552, 6610519, 6611365, 6609769, 6610210, 6609749, 6610035, 6610572, 6610332, 6609929, 6610508, 6609723, 6609423, 6609110, 6609689, 6610502, 6609561, 6609593, 6610014, 6609954, 4276993762, 4276993762], [6609770, 6610773, 6611020, 6609820, 6610133, 6609619, 6610396, 6610373, 6610363, 6610023, 6610208, 6609823, 6609141, 6609324, 6610046, 6610173, 6609448, 6609659, 6610192, 6609529, 4276993763, 4276993763]]
[[6609074, 6609416, 6609753, 6609532, 6609365, 6610321, 6610286, 6609305, 6610500, 6609238, 6609084, 6609031, 6609674, 6610435, 6610026, 6609708, 6610210, 6609822, 6609645, 6609671, 4276993760, 4276993760], [6609186, 6609514, 6609751, 6609371, 6609375, 6610573, 6610157, 6609661, 6609976, 6609102, 6609094, 6609145, 6609988, 6610321, 6609878, 6610042, 6609850, 6609959, 6609562, 6609813, 4276993761, 4276993761], [6609185, 6609624, 6609828, 6609193, 6609622, 6610632, 6609822, 6610194, 6609473, 6609018, 6609254, 6609122, 6610310, 6610187, 6609834, 6610162, 6609800, 6609733, 6609693, 6609657, 4276993762, 4276993762], [6609292, 6609736, 6609718, 6609364, 6609887, 6610488, 6609574, 6610392, 6609351, 6609019, 6609033, 6609462, 6610357, 6610090, 6609762, 6610275, 6609780, 6609686, 6609669, 6609545, 4276993763, 4276993763]]
[[6609825, 6609140, 6608740, 6608837, 6608877, 6608956, 6609331, 6609641, 6609228, 6608334, 6609450, 6608800, 6608681, 6608976, 6608990, 6608637, 6608597, 6609158, 6608518, 6608590, 4276993760, 4276993760], [6609893, 6608792, 6608716, 6608781, 6609052, 6608955, 6609441, 6609690, 6608946, 6608462, 6609518, 6608603, 6608648, 6609205, 6608787, 6608613, 6608921, 6609029, 6608434, 6608444, 4276993761, 4276993761], [6609866, 6608781, 6608600, 6608854, 6609094, 6609015, 6609553, 6609544, 6608507, 6609069, 6609158, 6608777, 6608550, 6609265, 6608633, 6608622, 6609148, 6608777, 6608656, 6608056, 4276993762, 4276993762], [6609553, 6608677, 6608960, 6608653, 6609073, 6609194, 6609567, 6609527, 6608358, 6609152, 6609008, 6608736, 6608806, 6609184, 6608491, 6608726, 6609164, 6608577, 6608634, 6607993, 4276993763, 4276993763]]
[[6609738, 6609922, 6610318, 6611217, 6611128, 6610656, 6610635, 6610775, 6611021, 6611379, 6611783, 6610703, 6609980, 6609701, 6610514, 6609892, 6610043, 6610038, 6610299, 6610673, 4276993760, 4276993760], [6609876, 6610130, 6610426, 6611243, 6611015, 6610422, 6611048, 6610645, 6611237, 6611519, 6611584, 6610483, 6609594, 6610083, 6610491, 6609845, 6609917, 6610254, 6610335, 6610873, 4276993761, 4276993761], [6609881, 6610133, 6610753, 6611246, 6611007, 6610281, 6611011, 6610639, 6611305, 6611726, 6611299, 6610450, 6609537, 6610229, 6610226, 6610034, 6609891, 6610283, 6610415, 6610770, 4276993762, 4276993762], [6609892, 6610277, 6611031, 6611207, 6610864, 6610340, 6611035, 6610748, 6611257, 6611875, 6610936, 6610338, 6609539, 6610374, 6610050, 6609980, 6609955, 6610237, 6610738, 6610213, 4276993763, 4276993763]]
[[6609090, 6609805, 6609290, 6609327, 6609164, 6608828, 6608840, 6609587, 6610093, 6608657, 6608817, 6608845, 6608609, 6608382, 6608707, 6608494, 6609168, 6609693, 6609007, 6609473, 4276993760, 4276993760], [6609400, 6609704, 6609159, 6609416, 6609026, 6608808, 6608881, 6609908, 6609554, 6608973, 6608588, 6608827, 6608597, 6608344, 6608831, 6608434, 6609589, 6609568, 6608910, 6609354, 4276993761, 4276993761], [6609669, 6609376, 6609266, 6609432, 6609018, 6608752, 6609061, 6610158, 6608979, 6609124, 6608448, 6608891, 6608503, 6608415, 6608680, 6608649, 6609876, 6609353, 6608956, 6609260, 4276993762, 4276993762], [6609944, 6609119, 6609440, 6609238, 6609018, 6608774, 6609323, 6610193, 6608841, 6608951, 6608568, 6608684, 6608481, 6608467, 6608644, 6608823, 6609827, 6609161, 6609289, 6608825, 4276993763, 4276993763]]
[[6610710, 6610493, 6610087, 6609889, 6610274, 6609819, 6610014, 6610413, 6611045, 6610209, 6610457, 6610668, 6611686, 6611541, 6611862, 6611412, 6611043, 6610706, 6610889, 6610915, 4276993760, 4276993760], [6611069, 6610221, 6610005, 6610096, 6609887, 6609878, 6610093, 6610867, 6610751, 6610259, 6610445, 6610762, 6611822, 6611638, 6611779, 6611309, 6610875, 6610792, 6610946, 6610902, 4276993761, 4276993761], [6610974, 6610182, 6609775, 6610318, 6609785, 6609824, 6610314, 6610962, 6610550, 6610397, 6610541, 6610821, 6611825, 6611560, 6611965, 6611086, 6610798, 6610873, 6611013, 6610946, 4276993762, 4276993762], [6610806, 6610131, 6609834, 6610292, 6609812, 6609998, 6610203, 6611142, 6610224, 6610515, 6610580, 6611257, 6611696, 6611705, 6611756, 6611030, 6610681, 6611016, 6610889, 6610923, 4276993763, 4276993763]]
[[6608846, 6609250, 6609459, 6609671, 6609662, 6609150, 6609195, 6608938, 6609468, 6610039, 6608996, 6608550, 6608861, 6609380, 6610314, 6610861, 6610734, 6610229, 6608934, 6609397, 4276993760, 4276993760], [6609146, 6609218, 6609570, 6609654, 6609518, 6609344, 6609125, 6608907, 6609748, 6609712, 6609089, 6608332, 6609195, 6609292, 6610718, 6610749, 6610831, 6609768, 6609011, 6609457, 4276993761, 4276993761], [6609061, 6609479, 6609610, 6609699, 6609305, 6609317, 6609199, 6608906, 6609927, 6609351, 6609021, 6608306, 6609474, 6609464, 6610930, 6610665, 6610668, 6609564, 6609127, 6609175, 4276993762, 4276993762], [6609214, 6609506, 6609544, 6609758, 6609166, 6609288, 6609180, 6609086, 6610015, 6609136, 6608852, 6608449, 6609513, 6609855, 6611092, 6610571, 6610383, 6609246, 6609306, 6609044, 4276993763, 4276993763]]
[[6609098, 6608821, 6608927, 6608942, 6608859, 6609286, 6609472, 6609916, 6610869, 6609189, 6609826, 6608897, 6609250, 6609828, 6609696, 6610173, 6609904, 6609822, 6609640, 6609191, 4276993760, 4276993760], [6609288, 6608661, 6608872, 6608946, 6608970, 6609323, 6609524, 6610319, 6610562, 6609335, 6609408, 6609058, 6609410, 6609699, 6609973, 6609880, 6610121, 6609677, 6609734, 6608780, 4276993761, 4276993761], [6609212, 6608667, 6608906, 6608831, 6609097, 6609370, 6609672, 6610510, 6610215, 6609549, 6609056, 6609148, 6609493, 6609737, 6610196, 6609697, 6610089, 6609728, 6609471, 6608680, 4276993762, 4276993762], [6608995, 6608690, 6608979, 6608866, 6609139, 6609385, 6609821, 6610871, 6609577, 6609789, 6608874, 6609126, 6609760, 6609666, 6610256, 6609887, 6609864, 6609622, 6609332, 6608643, 4276993763, 4276993763]]
[[6608805, 6608834, 6609905, 6610008, 6609503, 6609121, 6608973, 6609262, 6610005, 6607970, 6609809, 6609652, 6609813, 6609678, 6610120, 6609665, 6609253, 6609637, 6609724, 6609532, 4276993760, 4276993760], [6608863, 6609025, 6609879, 6610037, 6609286, 6609133, 6608971, 6609692, 6609215, 6608425, 6609978, 6609676, 6609688, 6609847, 6610157, 6609342, 6609156, 6609710, 6609868, 6609486, 4276993761, 4276993761], [6608900, 6609314, 6610071, 6609842, 6609160, 6609117, 6609072, 6609844, 6608713, 6608793, 6609993, 6609700, 6609647, 6609983, 6610117, 6609126, 6609133, 6609737, 6609949, 6609320, 4276993762, 4276993762], [6608846, 6609501, 6610201, 6609622, 6609032, 6608998, 6609328, 6610022, 6608134, 6609338, 6609811, 6609735, 6609627, 6610044, 6609956, 6609157, 6609449, 6609730, 6609733, 6609125, 4276993763, 4276993763]]
[[6609380, 6610060, 6610781, 6610728, 6610271, 6610000, 6609488, 6609844, 6611058, 6610262, 6609834, 6609646, 6609880, 6610491, 6611435, 6610596, 6611193, 6611472, 6610530, 6609801, 4276993760, 4276993760], [6609626, 6610308, 6610571, 6610826, 6610063, 6610132, 6609386, 6610004, 6611266, 6609875, 6609878, 6609580, 6609896, 6610769, 6611269, 6610612, 6611682, 6611056, 6610379, 6609756, 4276993761, 4276993761], [6609865, 6610611, 6610469, 6610690, 6610006, 6610077, 6609412, 6610303, 6611164, 6609713, 6609703, 6609789, 6610051, 6611056, 6610877, 6610900, 6611632, 6610875, 6610033, 6609543, 4276993762, 4276993762], [6609904, 6610936, 6610418, 6610432, 6609991, 6609772, 6609677, 6610792, 6610607, 6609889, 6609573, 6609808, 6610223, 6611391, 6610701, 6610928, 6611662, 6610585, 6609911, 6609124, 4276993763, 4276993763]]
[[6608986, 6610179, 6609736, 6610336, 6610109, 6609681, 6609634, 6610086, 6610004, 6609946, 6608869, 6608627, 6608450, 6609758, 6609462, 6609593, 6609612, 6609325, 6609332, 6609201, 4276993760, 4276993760], [6609239, 6610193, 6609850, 6610117, 6610199, 6609638, 6609527, 6610227, 6609998, 6609856, 6608623, 6608624, 6608954, 6609480, 6609519, 6609577, 6609629, 6609129, 6609462, 6609108, 4276993761, 4276993761], [6609631, 6609838, 6610120, 6610169, 6609976, 6609611, 6609770, 6610233, 6609903, 6609520, 6608550, 6608516, 6609387, 6609529, 6609499, 6609582, 6609488, 6609130, 6609402, 6608923, 4276993762, 4276993762], [6609897, 6609611, 6610400, 6610051, 6609826, 6609575, 6610178, 6609916, 6610135, 6608994, 6608601, 6608393, 6609623, 6609558, 6609545, 6609694, 6609328, 6609101, 6609416, 6608665, 4276993763, 4276993763]]
[[6610047, 6610232, 6611090, 6610707, 6610625, 6610992, 6610726, 6610496, 6611779, 6610977, 6611201, 6611428, 6610923, 6610810, 6610612, 6611517, 6610597, 6610610, 6611320, 6610589, 4276993760, 4276993760], [6610108, 6610449, 6611225, 6610533, 6610795, 6610934, 6610635, 6610877, 6611487, 6610983, 6611331, 6611281, 6610835, 6610874, 6610728, 6611431, 6610545, 6610750, 6611111, 6610568, 4276993761, 4276993761], [6610372, 6610632, 6611164, 6610541, 6610810, 6611026, 6610548, 6611128, 6611218, 6610850, 6611620, 6611231, 6610722, 6610667, 6611304, 6610948, 6610687, 6610947, 6610731, 6610345, 4276993762, 4276993762], [6610384, 6610959, 6610836, 6610678, 6610866, 6610894, 6610533, 6611513, 6611054, 6610945, 6611609, 6611085, 6610791, 6610537, 6611488, 6610690, 6610659, 6611169, 6610610, 6610009, 4276993763, 4276993763]]
[[6609763, 6609443, 6609207, 6609745, 6609403, 6609528, 6609147, 6609307, 6609568, 6608658, 6608817, 6609053, 6608231, 6608614, 6608813, 6610167, 6610251, 6609274, 6610151, 6609889, 4276993760, 4276993760], [6609800, 6609295, 6609266, 6609834, 6609374, 6609417, 6609028, 6609544, 6609272, 6608710, 6608931, 6609082, 6608162, 6608583, 6608867, 6610590, 6609732, 6609513, 6610219, 6609687, 4276993761, 4276993761], [6609540, 6609449, 6609214, 6609876, 6609268, 6609428, 6608892, 6609762, 6608969, 6608842, 6608989, 6608797, 6608339, 6608494, 6609271, 6610710, 6609391, 6609870, 6610151, 6609285, 4276993762, 4276993762], [6609291, 6609643, 6609354, 6609586, 6609395, 6609407, 6609004, 6609776, 6608592, 6609055, 6608870, 6608602, 6608342, 6608789, 6609639, 6610596, 6609325, 6610029, 6610021, 6608836, 4276993763, 4276993763]]
[[6608891, 6609256, 6610513, 6610276, 6610759, 6610510, 6610435, 6609716, 6609580, 6610211, 6610291, 6609259, 6609662, 6610188, 6609592, 6608925, 6608186, 6608582, 6609197, 6608689, 4276993760, 4276993760], [6608935, 6609608, 6610369, 6610419, 6610879, 6610336, 6610455, 6609616, 6609487, 6610278, 6610317, 6609159, 6609706, 6610209, 6609411, 6608769, 6608270, 6608719, 6608948, 6608929, 4276993761, 4276993761], [6608965, 6610017, 6610367, 6610397, 6610789, 6610575, 6610103, 6609591, 6609733, 6610202, 6610177, 6609217, 6609723, 6610083, 6609293, 6608578, 6608260, 6609094, 6608667, 6608934, 4276993762, 4276993762], [6609184, 6610221, 6610388, 6610565, 6610498, 6610610, 6609887, 6609585, 6609919, 6610267, 6609784, 6609497, 6609863, 6609933, 6609028, 6608357, 6608328, 6609310, 6608705, 6608549, 4276993763, 4276993763]]
[[6609984, 6609713, 6609989, 6609484, 6609925, 6609032, 6609708, 6609453, 6610204, 6609552, 6609664, 6609999, 6610263, 6610038, 6610575, 6610447, 6609987, 6609603, 6609453, 6609885, 4276993760, 4276993760], [6609971, 6609928, 6609825, 6609562, 6609667, 6609165, 6609799, 6609555, 6610002, 6609624, 6609749, 6610075, 6610183, 6610105, 6610649, 6610331, 6610101, 6609339, 6609534, 6609890, 4276993761, 4276993761], [6610015, 6609829, 6609896, 6609606, 6609341, 6609509, 6609655, 6609813, 6609778, 6609757, 6609756, 6610185, 6610130, 6610023, 6610743, 6610263, 6610063, 6609134, 6609686, 6609870, 4276993762, 4276993762], [6609925, 6609734, 6609815, 6609776, 6609080, 6609742, 6609453, 6610240, 6609459, 6609698, 6609834, 6610450, 6609785, 6610490, 6610512, 6610123, 6609818, 6609288, 6609679, 6609757, 4276993763, 4276993763]]
[[6610118, 6610862, 6611035, 6610323, 6610638, 6610898, 6610490, 6609871, 6610273, 6609633, 6609543, 6609421, 6608742, 6608499, 6608456, 6608560, 6608617, 6608751, 6608495, 6608321, 4276993760, 4276993760], [6610306, 6611045, 6610636, 6610390, 6610868, 6610685, 6610525, 6609837, 6610159, 6609796, 6609264, 6609355, 6608764, 6608319, 6608464, 6608781, 6608689, 6608637, 6608366, 6608419, 4276993761, 4276993761], [6610380, 6611105, 6610582, 6610334, 6610975, 6610638, 6610260, 6610067, 6609809, 6609815, 6609427, 6608977, 6608939, 6608105, 6608505, 6608799, 6608598, 6608734, 6608314, 6608577, 4276993762, 4276993762], [6610662, 6611100, 6610361, 6610636, 6610842, 6610645, 6610036, 6610153, 6609559, 6609832, 6609448, 6608817, 6608709, 6608165, 6608670, 6608646, 6608659, 6608730, 6608169, 6608959, 4276993763, 4276993763]]
[[6608950, 6608621, 6608967, 6609534, 6609904, 6610031, 6609926, 6609078, 6609997, 6609858, 6610386, 6609668, 6609211, 6609071, 6607943, 6609253, 6609248, 6608040, 6608482, 6608828, 4276993760, 4276993760], [6609046, 6608569, 6608870, 6609920, 6609722, 6610143, 6609728, 6609213, 6610132, 6609756, 6610504, 6609278, 6609330, 6608741, 6608175, 6609325, 6609136, 6607800, 6608719, 6608736, 4276993761, 4276993761], [6608982, 6608641, 6609194, 6609997, 6609653, 6610260, 6609346, 6609479, 6610129, 6609858, 6610458, 6609039, 6609372, 6608432, 6608432, 6609272, 6608950, 6607838, 6608824, 6608415, 4276993762, 4276993762], [6608839, 6608743, 6609333, 6610142, 6609589, 6610196, 6609189, 6609753, 6609954, 6610111, 6610125, 6609074, 6609357, 6608035, 6608948, 6609215, 6608610, 6608028, 6608880, 6607969, 4276993763, 4276993763]]
[[6609143, 6610655, 6611083, 6611012, 6610674, 6611206, 6611026, 6611376, 6611775, 6611062, 6611355, 6609985, 6611010, 6611390, 6611606, 6610530, 6610850, 6610273, 6609769, 6610701, 4276993760, 4276993760], [6609578, 6610645, 6611446, 6610671, 6611064, 6610949, 6611213, 6611592, 6611399, 6611062, 6611081, 6610167, 6611026, 6611650, 6611552, 6610337, 6610868, 6610001, 6610004, 6610690, 4276993761, 4276993761], [6610106, 6610716, 6611314, 6610554, 6611390, 6610700, 6611465, 6611653, 6611248, 6611190, 6610601, 6610759, 6610880, 6611602, 6611204, 6610653, 6610550, 6609940, 6610116, 6610649, 4276993762, 4276993762], [6610328, 6610882, 6611248, 6610516, 6611385, 6610798, 6611493, 6611782, 6611147, 6611181, 6610363, 6610840, 6611050, 6611728, 6610878, 6610772, 6610292, 6609836, 6610422, 6610400, 4276993763, 4276993763]]
[[6609931, 6609806, 6610710, 6611277, 6610081, 6610001, 6609338, 6610464, 6611101, 6610364, 6609883, 6610160, 6610069, 6609461, 6610198, 6610484, 6610510, 6609729, 6609235, 6608845, 4276993760, 4276993760], [6609959, 6609977, 6610965, 6610620, 6610281, 6609968, 6609247, 6610896, 6610868, 6610346, 6609884, 6610057, 6609913, 6609475, 6610435, 6610438, 6610670, 6609306, 6609347, 6608669, 4276993761, 4276993761], [6609838, 6610234, 6611259, 6610337, 6609964, 6609937, 6609514, 6611098, 6610725, 6610176, 6610003, 6610057, 6609788, 6609582, 6610396, 6610557, 6610419, 6609172, 6609257, 6608595, 4276993762, 4276993762], [6609649, 6610507, 6611470, 6610162, 6609856, 6609631, 6610029, 6611070, 6610636, 6609924, 6610150, 6610126, 6609682, 6609681, 6610580, 6610369, 6610195, 6609215, 6609049, 6608510, 4276993763, 4276993763]]
[[6610404, 6610894, 6610242, 6610938, 6611637, 6610601, 6611683, 6611868, 6612077, 6612043, 6611851, 6611691, 6611900, 6611992, 6611761, 6611408, 6610882, 6610785, 6611604, 6610997, 4276993760, 4276993760], [6610720, 6610722, 6610248, 6611483, 6611268, 6610578, 6611892, 6611995, 6611923, 6611952, 6611948, 6611740, 6611953, 6611764, 6611879, 6611440, 6610744, 6610719, 6611682, 6610656, 4276993761, 4276993761], [6610839, 6610522, 6610307, 6611739, 6611043, 6610871, 6611936, 6612098, 6611893, 6611954, 6611663, 6611867, 6612215, 6611524, 6611826, 6611233, 6610645, 6611000, 6611620, 6610386, 4276993762, 4276993762], [6610873, 6610326, 6610563, 6611800, 6610745, 6611313, 6611943, 6612166, 6611893, 6611919, 6611588, 6611951, 6612067, 6611499, 6611689, 6611132, 6610726, 6611365, 6611218, 6610179, 4276993763, 4276993763]]
[[6609914, 6609965, 6610458, 6610547, 6610118, 6610263, 6610431, 6610134, 6610254, 6610773, 6610353, 6610055, 6609984, 6609614, 6610296, 6610688, 6609606, 6610061, 6610001, 6609808, 4276993760, 4276993760], [6609911, 6609928, 6610607, 6610314, 6610299, 6610290, 6610288, 6610053, 6610478, 6610616, 6610393, 6610003, 6610062, 6609767, 6610333, 6610361, 6609917, 6609860, 6610050, 6609697, 4276993761, 4276993761], [6610079, 6609994, 6610761, 6610094, 6610340, 6610257, 6610352, 6609862, 6610709, 6610638, 6610093, 6610033, 6609993, 6610021, 6610554, 6609962, 6610131, 6609647, 6610062, 6609520, 4276993762, 4276993762], [6610280, 6610217, 6610648, 6609971, 6610337, 6610585, 6610284, 6609860, 6610653, 6610562, 6610011, 6609993, 6609761, 6610199, 6610680, 6609773, 6610123, 6609848, 6609778, 6609609, 4276993763, 4276993763]]
[[6609315, 6609761, 6609870, 6610893, 6610826, 6610482, 6610373, 6610017, 6610762, 6609784, 6609933, 6610142, 6610383, 6610156, 6610155, 6609300, 6608994, 6609205, 6610122, 6610213, 4276993760, 4276993760], [6609321, 6609829, 6610023, 6611044, 6610623, 6610367, 6610398, 6610306, 6610487, 6609569, 6610107, 6610294, 6610322, 6610074, 6610117, 6609095, 6609260, 6609284, 6610038, 6610134, 4276993761, 4276993761], [6609497, 6609718, 6610499, 6610928, 6610576, 6610293, 6610231, 6610543, 6610318, 6609496, 6610135, 6610431, 6610439, 6609905, 6609944, 6608990, 6609142, 6609623, 6610292, 6609791, 4276993762, 4276993762], [6609659, 6609827, 6610651, 6611051, 6610395, 6610351, 6610099, 6610598, 6610122, 6609577, 6610261, 6610349, 6610405, 6609898, 6609665, 6609044, 6609161, 6609862, 6610319, 6609562, 4276993763, 4276993763]]
[[6610373, 6610011, 6609514, 6609787, 6610508, 6610276, 6610293, 6610158, 6611629, 6610522, 6609992, 6610818, 6610787, 6610429, 6610379, 6610782, 6610795, 6610101, 6610332, 6610191, 4276993760, 4276993760], [6610583, 6609822, 6609505, 6610040, 6610441, 6610350, 6610149, 6610655, 6611315, 6610394, 6610076, 6610855, 6610913, 6610315, 6610513, 6610659, 6610669, 6610065, 6610422, 6610103, 4276993761, 4276993761], [6610499, 6609703, 6609596, 6610287, 6610356, 6610351, 6610021, 6611184, 6610882, 6610031, 6610587, 6610739, 6610913, 6610323, 6610545, 6610705, 6610571, 6610047, 6610507, 6609843, 4276993762, 4276993762], [6610198, 6609549, 6609733, 6610482, 6610313, 6610319, 6609998, 6611407, 6610741, 6610066, 6610722, 6610662, 6610608, 6610441, 6610565, 6610981, 6610232, 6610152, 6610345, 6609754, 4276993763, 4276993763]]
[[6609284, 6608799, 6609351, 6609464, 6609386, 6608942, 6609382, 6608599, 6609239, 6609140, 6609129, 6609368, 6609365, 6609496, 6608712, 6608602, 6609009, 6609333, 6609087, 6608526, 4276993760, 4276993760], [6609570, 6608575, 6609524, 6609355, 6609492, 6609010, 6609108, 6608859, 6609003, 6609187, 6609225, 6609275, 6609460, 6609430, 6608492, 6608903, 6608878, 6609449, 6608915, 6608397, 4276993761, 4276993761], [6609345, 6608803, 6609519, 6609301, 6609378, 6609170, 6608836, 6609276, 6608804, 6609148, 6609400, 6609145, 6609603, 6609036, 6608638, 6608803, 6609248, 6609221, 6608847, 6608398, 4276993762, 4276993762], [6609134, 6609073, 6609454, 6609325, 6609176, 6609342, 6608692, 6609273, 6608880, 6609164, 6609462, 6609210, 6609578, 6608802, 6608635, 6608859, 6609374, 6609092, 6608855, 6607938, 4276993763, 4276993763]]
[[6609402, 6609098, 6608876, 6609525, 6609430, 6609324, 6608982, 6609868, 6610589, 6609341, 6610148, 6608681, 6609003, 6609623, 6609541, 6609688, 6610201, 6609915, 6610386, 6610438, 4276993760, 4276993760], [6609461, 6608838, 6609005, 6609650, 6609440, 6608976, 6609418, 6610085, 6610238, 6609485, 6609795, 6608907, 6609087, 6609619, 6609334, 6609888, 6610408, 6609736, 6610690, 6610138, 4276993761, 4276993761], [6609411, 6608950, 6609103, 6609610, 6609566, 6608752, 6609600, 6610343, 6609808, 6609749, 6609385, 6608872, 6609427, 6609684, 6609146, 6610108, 6610194, 6609885, 6610745, 6609834, 4276993762, 4276993762], [6609262, 6608955, 6609244, 6609534, 6609521, 6608741, 6609823, 6610456, 6609490, 6610115, 6608866, 6608956, 6609589, 6609552, 6609298, 6610294, 6610123, 6610019, 6610679, 6609424, 4276993763, 4276993763]]
[[6609459, 6608719, 6608402, 6609523, 6609208, 6609007, 6608913, 6610016, 6610785, 6609946, 6610158, 6610623, 6610074, 6611079, 6610995, 6610349, 6610369, 6610703, 6611497, 6610599, 4276993760, 4276993760], [6609460, 6608587, 6608778, 6609545, 6609189, 6608839, 6609252, 6610132, 6610836, 6609763, 6610358, 6610373, 6610276, 6611102, 6611025, 6610032, 6610559, 6611136, 6610976, 6611171, 4276993761, 4276993761], [6609051, 6608556, 6609171, 6609414, 6609208, 6608696, 6609454, 6610585, 6610618, 6609643, 6610557, 6610246, 6610506, 6611009, 6610906, 6610047, 6610647, 6611424, 6610701, 6611392, 4276993762, 4276993762], [6608887, 6608559, 6609332, 6609138, 6609307, 6608664, 6609805, 6610776, 6610274, 6609751, 6610665, 6610324, 6610696, 6610933, 6610658, 6610293, 6610581, 6611588, 6610407, 6611559, 4276993763, 4276993763]]
[[6610430, 6611104, 6610864, 6611378, 6610820, 6612227, 6611673, 6610542, 6611643, 6611044, 6609930, 6610192, 6610279, 6610462, 6610608, 6611392, 6611023, 6610427, 6610841, 6611356, 4276993760, 4276993760], [6611024, 6610787, 6611293, 6610833, 6611372, 6612241, 6611112, 6611032, 6611336, 6611074, 6609660, 6610113, 6610508, 6610431, 6610815, 6611543, 6610867, 6610304, 6611235, 6610968, 4276993761, 4276993761], [6611014, 6610718, 6611409, 6610669, 6611836, 6612136, 6610711, 6611494, 6611117, 6610862, 6609641, 6610156, 6610667, 6610289, 6610915, 6611424, 6610891, 6610337, 6611396, 6610853, 4276993762, 4276993762], [6611132, 6610717, 6611466, 6610565, 6612290, 6611797, 6610541, 6611783, 6610973, 6610342, 6609995, 6610122, 6610571, 6610472, 6611119, 6611209, 6610599, 6610616, 6611396, 6610886, 4276993763, 4276993763]]
[[6610685, 6610576, 6610517, 6610192, 6610462, 6611400, 6610616, 6610978, 6611321, 6610337, 6610907, 6610580, 6610466, 6610293, 6610719, 6610933, 6610388, 6610203, 6610651, 6610757, 4276993760, 4276993760], [6610875, 6610513, 6610383, 6610346, 6610620, 6611080, 6610835, 6610993, 6611188, 6610405, 6611001, 6610387, 6610543, 6610315, 6610932, 6610836, 6610144, 6610218, 6610913, 6610430, 4276993761, 4276993761], [6610727, 6610512, 6610163, 6610516, 6610931, 6610833, 6611018, 6611044, 6610732, 6610663, 6610995, 6610383, 6610451, 6610372, 6611020, 6610686, 6610202, 6610300, 6610862, 6610133, 4276993762, 4276993762], [6610682, 6610420, 6610284, 6610413, 6611300, 6610550, 6610929, 6611402, 6610372, 6610845, 6610761, 6610345, 6610443, 6610526, 6610950, 6610616, 6610176, 6610470, 6610768, 6609923, 4276993763, 4276993763]]
[[6609849, 6610879, 6611061, 6611735, 6611131, 6611061, 6611051, 6610606, 6611270, 6610475, 6610751, 6611228, 6610970, 6610858, 6611394, 6610834, 6610525, 6610398, 6610350, 6610273, 4276993760, 4276993760], [6610327, 6610893, 6611166, 6611556, 6611175, 6611081, 6610893, 6610825, 6610932, 6610583, 6610689, 6611365, 6611093, 6610765, 6611401, 6610592, 6610660, 6610317, 6610355, 6610309, 4276993761, 4276993761], [6610544, 6611000, 6611339, 6611432, 6611085, 6611100, 6610756, 6611087, 6610579, 6610772, 6610789, 6611246, 6611109, 6610769, 6611425, 6610537, 6610620, 6610228, 6610396, 6610299, 4276993762, 4276993762], [6610748, 6610938, 6611563, 6611348, 6611025, 6611100, 6610748, 6611160, 6610485, 6610652, 6611031, 6611164, 6611092, 6611025, 6611083, 6610414, 6610773, 6610040, 6610478, 6610061, 4276993763, 4276993763]]
[[6610617, 6610842, 6611255, 6610646, 6610521, 6610648, 6610525, 6609784, 6609573, 6609072, 6608627, 6609774, 6609505, 6609470, 6609651, 6609951, 6609596, 6610208, 6609263, 6609683, 4276993760, 4276993760], [6610705, 6611101, 6610890, 6610781, 6610320, 6610807, 6610425, 6609493, 6609390, 6609199, 6608785, 6609811, 6609482, 6609420, 6609603, 6610047, 6609857, 6609678, 6609470, 6609667, 4276993761, 4276993761], [6610864, 6611202, 6610625, 6610826, 6610415, 6610760, 6610264, 6609276, 6609301, 6609105, 6609197, 6609665, 6609371, 6609510, 6609574, 6610077, 6610050, 6609224, 6609699, 6609675, 4276993762, 4276993762], [6610810, 6611373, 6610536, 6610780, 6610176, 6610619, 6610185, 6609394, 6609204, 6608685, 6609562, 6609556, 6609477, 6609534, 6609867, 6609641, 6610311, 6609220, 6609654, 6609361, 4276993763, 4276993763]]
[[6608697, 6608622, 6609082, 6609604, 6609676, 6609437, 6609601, 6609686, 6610133, 6608574, 6608831, 6609662, 6608848, 6609064, 6609827, 6609772, 6610999, 6610337, 6609763, 6609763, 4276993760, 4276993760], [6608773, 6608649, 6609328, 6609660, 6609576, 6609361, 6609628, 6610019, 6609811, 6608375, 6609207, 6609161, 6609203, 6609112, 6609841, 6609989, 6611164, 6610011, 6609881, 6609257, 4276993761, 4276993761], [6608820, 6608728, 6609473, 6609657, 6609612, 6609311, 6609738, 6610245, 6609294, 6608321, 6609567, 6608937, 6609154, 6609515, 6609556, 6610539, 6610803, 6610025, 6609898, 6608859, 4276993762, 4276993762], [6608843, 6608837, 6609533, 6609730, 6609518, 6609427, 6609692, 6610330, 6608878, 6608454, 6609690, 6608897, 6609072, 6609657, 6609558, 6610952, 6610541, 6609856, 6609873, 6608378, 4276993763, 4276993763]]
[[6609995, 6610606, 6610567, 6610447, 6609975, 6610701, 6610351, 6610523, 6610647, 6609971, 6610827, 6609784, 6609626, 6609596, 6609030, 6608892, 6609010, 6608891, 6609050, 6608811, 4276993760, 4276993760], [6610235, 6610536, 6610572, 6610486, 6609870, 6610679, 6610289, 6610594, 6610470, 6610380, 6610642, 6609333, 6609838, 6609411, 6608997, 6608854, 6608984, 6608970, 6609135, 6608680, 4276993761, 4276993761], [6610471, 6610518, 6610650, 6610270, 6609935, 6610722, 6610508, 6610577, 6609976, 6610841, 6610358, 6609237, 6609795, 6609309, 6608946, 6608972, 6608812, 6609103, 6609107, 6608507, 4276993762, 4276993762], [6610760, 6610511, 6610489, 6610179, 6610341, 6610571, 6610640, 6610471, 6609965, 6610813, 6610164, 6609270, 6609710, 6609272, 6608879, 6608972, 6608908, 6609063, 6608753, 6608498, 4276993763, 4276993763]]
[[6609850, 6610733, 6611182, 6611376, 6611145, 6610728, 6610248, 6611150, 6611279, 6610709, 6609945, 6609426, 6610422, 6610124, 6610127, 6610796, 6610659, 6610847, 6609876, 6609799, 4276993760, 4276993760], [6610197, 6610730, 6611368, 6611294, 6611150, 6610546, 6610349, 6611425, 6610933, 6610784, 6609471, 6609855, 6610286, 6610123, 6610089, 6610955, 6610467, 6611048, 6609704, 6609604, 4276993761, 4276993761], [6610271, 6610956, 6611321, 6611159, 6611244, 6610178, 6610804, 6611563, 6610611, 6610630, 6609470, 6610010, 6610150, 6610248, 6610118, 6610930, 6610667, 6610628, 6609701, 6609300, 4276993762, 4276993762], [6610448, 6611015, 6611425, 6611086, 6611057, 6610164, 6610929, 6611635, 6610489, 6610345, 6609340, 6610233, 6610151, 6610113, 6610506, 6610872, 6610685, 6610293, 6609737, 6608964, 4276993763, 4276993763]]
[[6608630, 6609849, 6610532, 6610550, 6610365, 6610655, 6609483, 6608852, 6609550, 6608313, 6609706, 6610150, 6610409, 6609957, 6610275, 6610983, 6609639, 6610470, 6610860, 6610326, 4276993760, 4276993760], [6608818, 6610294, 6610592, 6610397, 6610442, 6610403, 6609303, 6608992, 6609281, 6608392, 6610122, 6610147, 6610405, 6609965, 6610475, 6610592, 6609805, 6610778, 6610423, 6610718, 4276993761, 4276993761], [6609087, 6610568, 6610653, 6610286, 6610489, 6610259, 6609020, 6609358, 6608779, 6608693, 6610379, 6610006, 6610455, 6609914, 6610822, 6610190, 6610020, 6610858, 6610233, 6610648, 4276993762, 4276993762], [6609451, 6610588, 6610726, 6610150, 6610834, 6609651, 6608810, 6609788, 6608336, 6609263, 6610300, 6610238, 6610167, 6610065, 6610954, 6609817, 6610220, 6611016, 6610249, 6610403, 4276993763, 4276993763]]
[[6608867, 6609717, 6609606, 6609900, 6610161, 6609840, 6609893, 6610757, 6609854, 6609262, 6609677, 6610331, 6611140, 6610215, 6610808, 6610381, 6610826, 6610320, 6609835, 6610692, 4276993760, 4276993760], [6608933, 6609716, 6609658, 6610049, 6610224, 6609579, 6610166, 6610688, 6609609, 6609363, 6609853, 6610424, 6611154, 6610206, 6610730, 6610556, 6610791, 6610151, 6609836, 6610595, 4276993761, 4276993761], [6609228, 6609608, 6609815, 6610153, 6610160, 6609503, 6610545, 6610537, 6609350, 6609397, 6609974, 6610603, 6610943, 6610422, 6610582, 6610651, 6610682, 6610113, 6609857, 6610280, 4276993762, 4276993762], [6609456, 6609546, 6610002, 6610049, 6610080, 6609618, 6610834, 6610229, 6609114, 6609456, 6610289, 6610914, 6610526, 6610736, 6610345, 6610832, 6610425, 6609911, 6610304, 6609567, 4276993763, 4276993763]]
[[6609786, 6609983, 6610233, 6610965, 6610645, 6610504, 6610477, 6610684, 6611847, 6610120, 6609207, 6610538, 6610366, 6610586, 6610719, 6610891, 6611221, 6611065, 6610559, 6610048, 4276993760, 4276993760], [6610122, 6609883, 6610245, 6611233, 6610464, 6610504, 6610524, 6611200, 6611342, 6609639, 6609711, 6610275, 6610739, 6610495, 6610660, 6611062, 6611217, 6610911, 6610432, 6609954, 4276993761, 4276993761], [6610315, 6609832, 6610668, 6610898, 6610535, 6610545, 6610514, 6611499, 6610837, 6609616, 6609832, 6610324, 6610664, 6610711, 6610612, 6611040, 6611489, 6610549, 6610343, 6609906, 4276993762, 4276993762], [6610224, 6609888, 6610912, 6610859, 6610543, 6610403, 6610635, 6611876, 6610378, 6609355, 6610139, 6610401, 6610619, 6610767, 6610630, 6611185, 6611294, 6610640, 6610162, 6609700, 4276993763, 4276993763]]
[[6611182, 6611167, 6611274, 6610498, 6611119, 6610520, 6611212, 6610916, 6610761, 6609913, 6608823, 6609798, 6610983, 6610603, 6610998, 6610704, 6610509, 6609771, 6610549, 6610358, 4276993760, 4276993760], [6611210, 6611046, 6611203, 6610584, 6611147, 6610375, 6611306, 6611041, 6610357, 6609906, 6608398, 6610491, 6610923, 6610586, 6610954, 6610698, 6610402, 6609937, 6610551, 6610460, 4276993761, 4276993761], [6611232, 6611054, 6611083, 6610589, 6611031, 6610643, 6611107, 6611146, 6610026, 6609583, 6608696, 6610742, 6610961, 6610494, 6611017, 6610753, 6609982, 6610220, 6610407, 6610579, 4276993762, 4276993762], [6611196, 6611057, 6610783, 6610826, 6610844, 6611024, 6610879, 6611176, 6609865, 6609169, 6609105, 6610951, 6610783, 6610789, 6610897, 6610705, 6609730, 6610337, 6610367, 6610397, 4276993763, 4276993763]]
[[6609703, 6609404, 6609852, 6609965, 6610183, 6610979, 6610474, 6610359, 6610922, 6610372, 6609745, 6609768, 6608986, 6609989, 6610211, 6610017, 6609405, 6610034, 6608898, 6609608, 4276993760, 4276993760], [6609500, 6609287, 6610154, 6609954, 6610308, 6611204, 6610138, 6610653, 6610908, 6609956, 6609904, 6609500, 6609243, 6609991, 6610217, 6609957, 6609329, 6609877, 6609115, 6609300, 4276993761, 4276993761], [6609612, 6609349, 6610055, 6609983, 6610604, 6610920, 6610313, 6610758, 6610706, 6609776, 6609961, 6609236, 6609575, 6610009, 6610056, 6609972, 6609534, 6609445, 6609547, 6608859, 4276993762, 4276993762], [6609677, 6609454, 6610044, 6610104, 6610794, 6610721, 6610288, 6610821, 6610704, 6609764, 6609771, 6609103, 6609761, 6610061, 6610068, 6609591, 6609948, 6608997, 6609729, 6608640, 4276993763, 4276993763]]
[[6609133, 6610150, 6609904, 6610077, 6609984, 6609836, 6610278, 6610102, 6610858, 6610321, 6610173, 6611039, 6610548, 6610588, 6610894, 6610320, 6609590, 6609938, 6609778, 6609396, 4276993760, 4276993760], [6609375, 6610243, 6609929, 6610112, 6609938, 6609909, 6610286, 6610393, 6610645, 6610193, 6610440, 6610912, 6610721, 6610542, 6610875, 6610096, 6609524, 6609951, 6609588, 6609695, 4276993761, 4276993761], [6609571, 6610082, 6609889, 6610140, 6610018, 6609954, 6610156, 6610663, 6610486, 6610222, 6610674, 6610747, 6610713, 6610503, 6610826, 6609777, 6609838, 6609829, 6609617, 6609623, 4276993762, 4276993762], [6609828, 6609801, 6610162, 6610067, 6609971, 6610095, 6610148, 6610700, 6610454, 6610167, 6610817, 6610646, 6610476, 6610945, 6610494, 6609793, 6609937, 6609659, 6609606, 6609403, 4276993763, 4276993763]]
[[6609976, 6610144, 6610319, 6609962, 6610758, 6610878, 6611181, 6610973, 6611338, 6610474, 6610885, 6610204, 6610571, 6610465, 6610513, 6611138, 6610225, 6610805, 6610711, 6610525, 4276993760, 4276993760], [6610436, 6609866, 6610090, 6610316, 6610707, 6611179, 6610936, 6611172, 6611136, 6610586, 6610711, 6610035, 6610882, 6610310, 6610659, 6610979, 6610205, 6611126, 6610416, 6610507, 4276993761, 4276993761], [6610507, 6610008, 6609808, 6610602, 6610784, 6611152, 6610867, 6611425, 6610960, 6610549, 6610516, 6610169, 6610807, 6610478, 6610829, 6610642, 6610441, 6611086, 6610293, 6610320, 4276993762, 4276993762], [6610576, 6610068, 6609773, 6610752, 6610856, 6611107, 6610819, 6611675, 6610568, 6610671, 6610386, 6610314, 6610682, 6610510, 6610961, 6610494, 6610586, 6610970, 6610384, 6609937, 4276993763, 4276993763]]
[[6608762, 6608851, 6609690, 6609894, 6609742, 6609327, 6609903, 6611101, 6610721, 6609226, 6609680, 6609611, 6610339, 6610213, 6609559, 6609478, 6609692, 6609686, 6609928, 6609841, 4276993760, 4276993760], [6608865, 6608962, 6609848, 6609853, 6609644, 6609489, 6610042, 6611369, 6610106, 6609604, 6609547, 6609712, 6610320, 6610066, 6609543, 6609301, 6609852, 6609854, 6609942, 6609541, 4276993761, 4276993761], [6608808, 6609458, 6609774, 6609869, 6609510, 6609554, 6610412, 6611146, 6609642, 6609990, 6609350, 6609878, 6610293, 6610080, 6609521, 6609312, 6609691, 6610046, 6609860, 6609384, 4276993762, 4276993762], [6608932, 6609456, 6609890, 6609746, 6609459, 6609913, 6610615, 6610986, 6609135, 6610047, 6609547, 6610025, 6610235, 6609828, 6609623, 6609413, 6609674, 6610020, 6609864, 6609122, 4276993763, 4276993763]]
[[6611989, 6611695, 6611890, 6611736, 6612216, 6611858, 6611217, 6610845, 6611912, 6610714, 6611198, 6610773, 6611081, 6611185, 6610955, 6611427, 6611711, 6612631, 6611214, 6611079, 4276993760, 4276993760], [6612165, 6611520, 6611869, 6611842, 6612338, 6611648, 6610970, 6611055, 6611690, 6610924, 6610968, 6610949, 6611180, 6611004, 6611057, 6611448, 6611994, 6612434, 6610949, 6610872, 4276993761, 4276993761], [6612188, 6611585, 6611803, 6611906, 6612283, 6611504, 6610739, 6611648, 6611167, 6611176, 6610707, 6610971, 6611331, 6610917, 6611200, 6611381, 6612488, 6612005, 6610792, 6610482, 4276993762, 4276993762], [6611841, 6611795, 6611750, 6612044, 6612186, 6611283, 6610832, 6611879, 6610761, 6611257, 6610734, 6610929, 6611402, 6610883, 6611276, 6611567, 6612510, 6611545, 6611059, 6609960, 4276993763, 4276993763]]
[[6609835, 6609361, 6610158, 6610643, 6610786, 6609833, 6609203, 6609502, 6610598, 6609285, 6609466, 6609435, 6610032, 6610448, 6609803, 6610117, 6610331, 6609866, 6610216, 6610456, 4276993760, 4276993760], [6609865, 6609213, 6610474, 6610866, 6610557, 6609431, 6609353, 6609835, 6610333, 6609239, 6609623, 6609287, 6610217, 6610291, 6609916, 6610107, 6610388, 6609646, 6610379, 6610530, 4276993761, 4276993761], [6609805, 6609326, 6610798, 6610814, 6610281, 6609211, 6609492, 6610200, 6609950, 6609178, 6609652, 6609424, 6610396, 6610074, 6610024, 6610130, 6610275, 6609725, 6610456, 6610289, 4276993762, 4276993762], [6609720, 6609586, 6610781, 6610963, 6609898, 6609187, 6609564, 6610410, 6609533, 6609290, 6609493, 6609917, 6610456, 6609945, 6610065, 6610158, 6610076, 6610089, 6610392, 6609901, 4276993763, 4276993763]]
[[6609791, 6610083, 6609987, 6610378, 6610019, 6610513, 6611023, 6611759, 6611250, 6610197, 6610537, 6611156, 6610687, 6611135, 6610981, 6610466, 6611203, 6610930, 6611421, 6610667, 4276993760, 4276993760], [6609894, 6610236, 6609871, 6610344, 6610064, 6610595, 6611209, 6611899, 6610726, 6610379, 6610663, 6611068, 6610593, 6611269, 6610928, 6610557, 6611151, 6611046, 6611212, 6610742, 4276993761, 4276993761], [6609873, 6610270, 6609913, 6610301, 6610303, 6610601, 6611456, 6611985, 6610169, 6610578, 6610876, 6610850, 6610654, 6611334, 6610754, 6610722, 6611181, 6611040, 6611086, 6610575, 4276993762, 4276993762], [6609987, 6610202, 6610145, 6610213, 6610438, 6610703, 6611732, 6611721, 6610053, 6610398, 6611113, 6610803, 6610927, 6611183, 6610570, 6610859, 6611063, 6611296, 6610733, 6610419, 4276993763, 4276993763]]
[[6611252, 6611400, 6611448, 6612164, 6611279, 6611165, 6611829, 6612349, 6612503, 6611354, 6611242, 6611654, 6611375, 6610731, 6611156, 6610930, 6610962, 6609714, 6609775, 6610168, 4276993760, 4276993760], [6611380, 6611293, 6611834, 6611896, 6611259, 6611194, 6612008, 6612365, 6612270, 6611246, 6611318, 6611771, 6611087, 6610725, 6611303, 6610805, 6610856, 6609263, 6610281, 6610055, 4276993761, 4276993761], [6611530, 6611158, 6612018, 6611789, 6611268, 6611112, 6612428, 6612203, 6612110, 6611279, 6611384, 6611617, 6610899, 6610875, 6611193, 6610841, 6610565, 6609205, 6610543, 6609877, 4276993762, 4276993762], [6611544, 6611124, 6612305, 6611393, 6611362, 6611347, 6612445, 6612523, 6611830, 6610983, 6611605, 6611434, 6610946, 6610793, 6611195, 6610852, 6610139, 6609414, 6610410, 6609778, 4276993763, 4276993763]]
[[6610314, 6610377, 6610484, 6610013, 6610254, 6610504, 6610203, 6610984, 6612090, 6610822, 6610545, 6610639, 6610839, 6610910, 6610024, 6610580, 6609602, 6610499, 6610398, 6610578, 4276993760, 4276993760], [6610248, 6610678, 6610308, 6609843, 6610279, 6610509, 6610595, 6611248, 6611519, 6610783, 6610601, 6610723, 6611007, 6610636, 6610102, 6610535, 6609595, 6610539, 6610204, 6610870, 4276993761, 4276993761], [6610225, 6610731, 6610095, 6609960, 6610441, 6610341, 6610639, 6611928, 6611094, 6610535, 6610743, 6610681, 6610999, 6610385, 6610261, 6610321, 6609865, 6610473, 6610141, 6610931, 4276993762, 4276993762], [6610362, 6610576, 6610007, 6610120, 6610632, 6610065, 6610751, 6612388, 6610698, 6610555, 6610605, 6610827, 6610921, 6610129, 6610331, 6610167, 6610239, 6610192, 6610427, 6610760, 4276993763, 4276993763]]
[[6609927, 6611164, 6610560, 6610499, 6610976, 6610437, 6610817, 6610077, 6611569, 6610053, 6609710, 6609977, 6609988, 6609969, 6609327, 6610251, 6610248, 6609962, 6610338, 6611077, 4276993760, 4276993760], [6610202, 6611075, 6610352, 6610955, 6610515, 6610679, 6610647, 6610399, 6611242, 6609762, 6609948, 6610020, 6609996, 6609726, 6609427, 6610410, 6610150, 6610014, 6610441, 6611093, 4276993761, 4276993761], [6610738, 6611022, 6610133, 6611301, 6610317, 6610583, 6610481, 6610915, 6610853, 6609614, 6610129, 6609947, 6609837, 6609738, 6609494, 6610611, 6610099, 6609851, 6610855, 6610756, 4276993762, 4276993762], [6611208, 6610722, 6610224, 6611219, 6610428, 6610610, 6610237, 6611393, 6610326, 6609678, 6610166, 6609810, 6609908, 6609609, 6609755, 6610577, 6610039, 6610092, 6610905, 6610622, 4276993763, 4276993763]]
[[6610206, 6610878, 6610846, 6610812, 6611115, 6610913, 6611350, 6610699, 6611567, 6611086, 6612090, 6611479, 6611546, 6611476, 6611322, 6611242, 6611102, 6611486, 6611690, 6612046, 4276993760, 4276993760], [6610419, 6611056, 6610639, 6610893, 6610933, 6611309, 6611142, 6610861, 6611389, 6611389, 6611983, 6611421, 6611674, 6611376, 6611279, 6611177, 6611181, 6611471, 6611759, 6612073, 4276993761, 4276993761], [6610701, 6610993, 6610725, 6610826, 6610848, 6611484, 6611077, 6611155, 6611068, 6611725, 6611900, 6611411, 6611607, 6611296, 6611371, 6611015, 6611440, 6611227, 6612148, 6611564, 4276993762, 4276993762], [6610859, 6610873, 6610784, 6610993, 6610912, 6611362, 6610902, 6611380, 6610933, 6612002, 6611662, 6611507, 6611595, 6611288, 6611298, 6610939, 6611548, 6611451, 6612153, 6611096, 4276993763, 4276993763]]
[[6609940, 6609926, 6610049, 6610652, 6610057, 6610451, 6611206, 6610662, 6611422, 6610630, 6611075, 6611652, 6611528, 6612134, 6611889, 6611784, 6611328, 6611749, 6612497, 6612040, 4276993760, 4276993760], [6610226, 6609579, 6610420, 6610488, 6610192, 6610576, 6611112, 6610890, 6611242, 6610580, 6611327, 6611643, 6611674, 6612023, 6612098, 6611351, 6611556, 6611854, 6612527, 6611946, 4276993761, 4276993761], [6610320, 6609584, 6610611, 6610358, 6610270, 6610723, 6611099, 6611056, 6610949, 6610650, 6611488, 6611684, 6611826, 6612040, 6612022, 6611262, 6611449, 6612143, 6612428, 6611824, 4276993762, 4276993762], [6610189, 6609743, 6610672, 6610131, 6610408, 6611049, 6610701, 6611444, 6610706, 6610606, 6611842, 6611483, 6612168, 6611907, 6611805, 6611331, 6611572, 6612359, 6612293, 6611692, 4276993763, 4276993763]]
[[6611500, 6611731, 6611729, 6611641, 6610682, 6610650, 6610826, 6610616, 6611151, 6609574, 6609674, 6609410, 6610216, 6610326, 6610896, 6611898, 6610996, 6610160, 6610195, 6610485, 4276993760, 4276993760], [6611515, 6611765, 6611707, 6611401, 6610598, 6610619, 6611013, 6610691, 6610783, 6609689, 6609410, 6609790, 6609964, 6610580, 6611228, 6611784, 6610729, 6610038, 6610146, 6610828, 4276993761, 4276993761], [6611566, 6611912, 6611755, 6611064, 6610555, 6610455, 6611191, 6610994, 6610221, 6609728, 6609314, 6610081, 6610006, 6610699, 6611505, 6611474, 6610644, 6609923, 6610353, 6610765, 4276993762, 4276993762], [6611673, 6611925, 6611637, 6610877, 6610601, 6610564, 6610933, 6611211, 6609808, 6609696, 6609382, 6610091, 6610126, 6610755, 6611706, 6611284, 6610401, 6610169, 6610338, 6610705, 4276993763, 4276993763]]
[[6610647, 6610743, 6610575, 6612075, 6611764, 6612098, 6611914, 6611866, 6612690, 6611383, 6611560, 6610874, 6610806, 6610934, 6611206, 6610612, 6610530, 6610873, 6610958, 6611145, 4276993760, 4276993760], [6610989, 6610424, 6611009, 6611925, 6611979, 6611962, 6611954, 6612042, 6612427, 6611305, 6611478, 6610788, 6610831, 6611002, 6610994, 6610698, 6610657, 6610865, 6610897, 6611305, 4276993761, 4276993761], [6610972, 6610402, 6611317, 6611838, 6612352, 6611677, 6612068, 6612240, 6612054, 6611335, 6611251, 6610726, 6610970, 6611241, 6610810, 6610554, 6610696, 6611052, 6610931, 6611219, 4276993762, 4276993762], [6610961, 6610484, 6611625, 6611774, 6612369, 6611737, 6611897, 6612646, 6611681, 6611417, 6610983, 6610859, 6610779, 6611414, 6610680, 6610568, 6610747, 6610999, 6611004, 6610992, 4276993763, 4276993763]]
[[6609892, 6610426, 6610383, 6610590, 6610188, 6610446, 6610154, 6610684, 6610920, 6611466, 6611307, 6612073, 6611197, 6610537, 6610705, 6610654, 6610817, 6610430, 6610254, 6609724, 4276993760, 4276993760], [6609974, 6610569, 6610464, 6610334, 6610212, 6610463, 6610375, 6610547, 6611046, 6611377, 6611662, 6611829, 6611131, 6610389, 6610993, 6610394, 6610862, 6610263, 6610116, 6609777, 4276993761, 4276993761], [6609928, 6610616, 6610513, 6610175, 6610349, 6610323, 6610421, 6610650, 6611419, 6610982, 6612076, 6611636, 6610942, 6610365, 6610961, 6610522, 6610692, 6610251, 6609955, 6609805, 4276993762, 4276993762], [6610149, 6610562, 6610606, 6610131, 6610405, 6610122, 6610588, 6610902, 6611365, 6611108, 6612218, 6611329, 6610777, 6610470, 6610837, 6610653, 6610584, 6610267, 6609854, 6609833, 4276993763, 4276993763]]
[[6610483, 6610060, 6611120, 6611274, 6612429, 6611810, 6611161, 6610786, 6611983, 6610263, 6610982, 6611677, 6611284, 6611420, 6611595, 6612505, 6611569, 6612039, 6611397, 6611914, 4276993760, 4276993760], [6610510, 6610224, 6611175, 6611475, 6612571, 6611462, 6611025, 6610974, 6611700, 6610432, 6611051, 6611701, 6611328, 6611410, 6611914, 6612146, 6611698, 6611883, 6611386, 6612086, 4276993761, 4276993761], [6610269, 6610449, 6611235, 6611706, 6612462, 6611279, 6611060, 6611290, 6611069, 6610538, 6611497, 6611526, 6611300, 6611413, 6612294, 6612079, 6611664, 6611656, 6611515, 6611943, 4276993762, 4276993762], [6610089, 6610777, 6611232, 6612180, 6612111, 6611192, 6610895, 6611844, 6610450, 6610652, 6611697, 6611488, 6611199, 6611475, 6612578, 6611868, 6611886, 6611406, 6611763, 6611640, 4276993763, 4276993763]]
[[6610928, 6611363, 6611274, 6611851, 6611699, 6610949, 6611251, 6610566, 6611415, 6610535, 6610967, 6610925, 6610744, 6610770, 6610521, 6610918, 6610957, 6610263, 6610508, 6610562, 4276993760, 4276993760], [6611163, 6611451, 6611088, 6612174, 6611528, 6610839, 6611115, 6610906, 6611051, 6610556, 6610994, 6611101, 6610592, 6610760, 6610616, 6610913, 6610894, 6610042, 6610836, 6610224, 4276993761, 4276993761], [6611269, 6611484, 6611032, 6612270, 6611064, 6611045, 6610839, 6611331, 6610605, 6610812, 6610869, 6611048, 6610586, 6610752, 6610640, 6610963, 6610699, 6610043, 6611033, 6609896, 4276993762, 4276993762], [6611437, 6611282, 6611470, 6612010, 6611048, 6611267, 6610603, 6611505, 6610449, 6610866, 6610929, 6610848, 6610728, 6610651, 6610750, 6610956, 6610556, 6610145, 6610833, 6609671, 4276993763, 4276993763]]
[[6609670, 6610634, 6610126, 6610481, 6610535, 6610367, 6610250, 6609566, 6610465, 6609437, 6609472, 6609112, 6609508, 6609556, 6609273, 6609500, 6610083, 6609673, 6609299, 6608833, 4276993760, 4276993760], [6609874, 6610500, 6610392, 6610359, 6610520, 6610334, 6610146, 6609682, 6610133, 6609450, 6609689, 6608948, 6609582, 6609471, 6609396, 6609628, 6609954, 6609575, 6609234, 6608631, 4276993761, 4276993761], [6610089, 6610238, 6610370, 6610668, 6610453, 6610256, 6609969, 6609953, 6609789, 6609423, 6609585, 6609167, 6609545, 6609506, 6609307, 6609827, 6609907, 6609316, 6609301, 6608311, 4276993762, 4276993762], [6610536, 6610041, 6610467, 6610607, 6610324, 6610229, 6609829, 6610229, 6609584, 6609383, 6609478, 6609272, 6609492, 6609373, 6609488, 6609960, 6609795, 6609376, 6608914, 6608225, 4276993763, 4276993763]]
[[6610526, 6610573, 6610878, 6610900, 6611388, 6610917, 6610919, 6610702, 6610773, 6609513, 6609691, 6610702, 6610200, 6610569, 6610773, 6611732, 6611713, 6610756, 6609887, 6610262, 4276993760, 4276993760], [6610555, 6610508, 6610914, 6610954, 6611519, 6610790, 6611012, 6610652, 6610729, 6609388, 6609609, 6610852, 6610112, 6610687, 6611081, 6611741, 6611691, 6610329, 6609814, 6610333, 4276993761, 4276993761], [6610545, 6610633, 6611024, 6610885, 6611376, 6610812, 6610975, 6610831, 6610387, 6609353, 6609789, 6610831, 6610231, 6610643, 6611315, 6611740, 6611528, 6610017, 6609871, 6610065, 4276993762, 4276993762], [6610555, 6610681, 6611008, 6611145, 6611171, 6610866, 6610844, 6610947, 6609655, 6609693, 6610217, 6610450, 6610551, 6610635, 6611381, 6611973, 6611109, 6609875, 6609991, 6609649, 4276993763, 4276993763]]
[[6610274, 6610045, 6610170, 6611152, 6610243, 6610089, 6610153, 6609931, 6611410, 6610366, 6610252, 6610784, 6611389, 6610865, 6610967, 6610727, 6611409, 6609813, 6609634, 6610231, 4276993760, 4276993760], [6610340, 6609914, 6610436, 6610920, 6610193, 6610285, 6609899, 6610313, 6611217, 6610338, 6610376, 6610808, 6611566, 6610739, 6610856, 6610859, 6611368, 6609488, 6609723, 6610288, 4276993761, 4276993761], [6610322, 6609844, 6610700, 6610762, 6610070, 6610308, 6609859, 6610923, 6610882, 6610175, 6610694, 6610800, 6611429, 6610659, 6610828, 6611105, 6610696, 6609597, 6609956, 6610087, 4276993762, 4276993762], [6610229, 6610022, 6610852, 6610630, 6609927, 6610272, 6609859, 6611260, 6610608, 6610156, 6610790, 6611046, 6611168, 6610763, 6610859, 6611207, 6610210, 6609716, 6610039, 6609847, 4276993763, 4276993763]]
[[6610413, 6611197, 6610932, 6611631, 6611509, 6612023, 6611304, 6611632, 6612090, 6611466, 6610871, 6611234, 6610101, 6610101, 6610709, 6610714, 6610721, 6611168, 6611228, 6611325, 4276993760, 4276993760], [6610405, 6611330, 6611039, 6611768, 6611497, 6611906, 6611579, 6611419, 6612274, 6611195, 6610844, 6611083, 6609990, 6610079, 6610986, 6610652, 6610812, 6610920, 6611534, 6611029, 4276993761, 4276993761], [6610670, 6611152, 6611401, 6611587, 6611644, 6611717, 6611569, 6611738, 6612065, 6611069, 6610925, 6610780, 6609985, 6610173, 6611110, 6610572, 6611037, 6610873, 6611509, 6610681, 4276993762, 4276993762], [6611078, 6610996, 6611451, 6611586, 6611960, 6611369, 6611606, 6612031, 6611745, 6610979, 6610981, 6610482, 6610060, 6610287, 6611070, 6610483, 6611358, 6610931, 6611352, 6610439, 4276993763, 4276993763]]
[[6610530, 6610836, 6610476, 6610145, 6609614, 6609101, 6610069, 6610325, 6610866, 6610199, 6609505, 6610024, 6610143, 6609090, 6609418, 6609922, 6610407, 6610288, 6609826, 6609957, 4276993760, 4276993760], [6610492, 6611008, 6609998, 6610342, 6609306, 6609363, 6610033, 6610625, 6610617, 6610046, 6609659, 6610021, 6610020, 6608932, 6609604, 6610228, 6610318, 6610142, 6609871, 6609796, 4276993761, 4276993761], [6610628, 6610886, 6609815, 6610156, 6609319, 6609582, 6610132, 6610752, 6610427, 6610006, 6609673, 6609946, 6609828, 6608896, 6609824, 6610347, 6610407, 6609988, 6609964, 6609545, 4276993762, 4276993762], [6610655, 6610812, 6609925, 6609740, 6609290, 6609886, 6610243, 6610930, 6610281, 6609635, 6609827, 6610182, 6609379, 6609170, 6609735, 6610388, 6610444, 6610112, 6609788, 6609367, 4276993763, 4276993763]]
[[6609888, 6610845, 6610492, 6611063, 6610644, 6610965, 6610453, 6611034, 6611644, 6611164, 6611460, 6611718, 6611462, 6611270, 6611864, 6610897, 6610675, 6610664, 6611439, 6610574, 4276993760, 4276993760], [6610156, 6610920, 6610478, 6610977, 6610848, 6610855, 6610372, 6611390, 6611535, 6610925, 6611742, 6611575, 6611466, 6611504, 6611596, 6610854, 6610633, 6610916, 6611209, 6610374, 4276993761, 4276993761], [6610506, 6610795, 6610620, 6611013, 6610831, 6610746, 6610537, 6611577, 6611294, 6610922, 6611967, 6611405, 6611355, 6611850, 6611360, 6610675, 6610687, 6611134, 6610944, 6610147, 4276993762, 4276993762], [6610688, 6610715, 6610853, 6610791, 6610949, 6610500, 6610780, 6611674, 6611151, 6611180, 6611962, 6611436, 6611179, 6611992, 6611098, 6610666, 6610702, 6611331, 6610661, 6609889, 4276993763, 4276993763]]
[[6610976, 6611008, 6610150, 6610622, 6611093, 6610663, 6611045, 6611033, 6613083, 6611025, 6610887, 6611554, 6610938, 6611392, 6611123, 6611852, 6611491, 6611347, 6611357, 6610368, 4276993760, 4276993760], [6610993, 6610689, 6610265, 6610798, 6610998, 6610585, 6611080, 6611551, 6612713, 6610821, 6611120, 6611382, 6611029, 6611474, 6611181, 6611862, 6611340, 6611438, 6611260, 6610128, 4276993761, 4276993761], [6611216, 6610493, 6610226, 6610905, 6610896, 6610707, 6611109, 6612220, 6612050, 6610793, 6611277, 6611281, 6610961, 6611448, 6611470, 6611656, 6611294, 6611640, 6610953, 6609968, 4276993762, 4276993762], [6611243, 6610205, 6610474, 6610978, 6610745, 6610987, 6610899, 6612898, 6611441, 6610776, 6611353, 6611296, 6610989, 6611279, 6611772, 6611534, 6611338, 6611591, 6610415, 6609847, 4276993763, 4276993763]]
[[6612092, 6612114, 6612390, 6612284, 6612467, 6613297, 6612417, 6612352, 6612716, 6612382, 6611970, 6612193, 6612719, 6612929, 6612477, 6612886, 6612829, 6612164, 6612353, 6612174, 4276993760, 4276993760], [6612119, 6612140, 6612242, 6612292, 6612831, 6613069, 6612538, 6612422, 6612470, 6612432, 6611797, 6612567, 6612665, 6612613, 6612758, 6612946, 6612734, 6612197, 6612201, 6612158, 4276993761, 4276993761], [6612086, 6612214, 6612105, 6612293, 6613241, 6612699, 6612521, 6612570, 6612308, 6612391, 6611877, 6612567, 6612801, 6612454, 6613031, 6612857, 6612454, 6612169, 6612191, 6612196, 4276993762, 4276993762], [6612092, 6612404, 6612070, 6612491, 6613277, 6612443, 6612472, 6612658, 6612270, 6612181, 6612013, 6612568, 6613080, 6612275, 6613176, 6612623, 6612404, 6612279, 6612140, 6612024, 4276993763, 4276993763]]
[[6612291, 6612705, 6612861, 6612254, 6612520, 6612278, 6612427, 6612865, 6612854, 6611070, 6610286, 6610244, 6611823, 6611300, 6612316, 6612135, 6611671, 6612016, 6612134, 6611207, 4276993760, 4276993760], [6612593, 6612692, 6612689, 6612234, 6612507, 6612367, 6612482, 6613206, 6612164, 6610659, 6610467, 6610637, 6611466, 6611643, 6612485, 6611932, 6611692, 6612283, 6611923, 6610907, 4276993761, 4276993761], [6612705, 6612785, 6612452, 6612420, 6612282, 6612570, 6612509, 6613282, 6611857, 6610297, 6610332, 6611169, 6611125, 6612127, 6612413, 6611706, 6611714, 6612423, 6611660, 6610780, 4276993762, 4276993762], [6612760, 6612940, 6612271, 6612471, 6612313, 6612473, 6612671, 6613223, 6611440, 6610005, 6610326, 6611705, 6611103, 6612222, 6612267, 6611762, 6611694, 6612377, 6611496, 6610627, 4276993763, 4276993763]]
[[6611922, 6612002, 6611441, 6611707, 6612099, 6612378, 6612508, 6612101, 6612182, 6612225, 6611659, 6611323, 6610997, 6611523, 6611623, 6611960, 6611921, 6611759, 6612390, 6613004, 4276993760, 4276993760], [6612241, 6611783, 6611358, 6611786, 6612459, 6612171, 6612525, 6612079, 6612114, 6612115, 6611740, 6611086, 6611132, 6611599, 6611755, 6611886, 6611882, 6611771, 6612664, 6613076, 4276993761, 4276993761], [6612268, 6611643, 6611417, 6611773, 6612757, 6612134, 6612318, 6612127, 6612235, 6611980, 6611671, 6610772, 6611352, 6611713, 6611794, 6611879, 6611864, 6611921, 6612859, 6612931, 4276993762, 4276993762], [6612064, 6611621, 6611561, 6611803, 6612790, 6612240, 6612085, 6612330, 6612080, 6611887, 6611568, 6610796, 6611399, 6611795, 6611803, 6611956, 6611867, 6612011, 6613000, 6612720, 4276993763, 4276993763]]
[[6609338, 6609688, 6609334, 6609949, 6610549, 6610299, 6610528, 6609715, 6610773, 6609812, 6609755, 6610160, 6610535, 6610268, 6610078, 6611036, 6611097, 6610630, 6610904, 6611005, 4276993760, 4276993760], [6609672, 6609244, 6609633, 6610247, 6610362, 6610509, 6610205, 6610048, 6610547, 6609787, 6609660, 6610503, 6610325, 6610198, 6610364, 6611017, 6611096, 6610560, 6611128, 6610715, 4276993761, 4276993761], [6609745, 6609409, 6609608, 6610441, 6610337, 6610606, 6610001, 6610394, 6610261, 6609726, 6609643, 6610668, 6610396, 6610123, 6610508, 6610932, 6611014, 6610686, 6611452, 6610010, 4276993762, 4276993762], [6609728, 6609337, 6609733, 6610603, 6610191, 6610689, 6609796, 6610715, 6609926, 6609820, 6609749, 6610655, 6610458, 6609890, 6610846, 6611032, 6610864, 6610708, 6611368, 6609741, 4276993763, 4276993763]]
[[6609708, 6609928, 6610173, 6609976, 6610308, 6609835, 6610054, 6609741, 6609904, 6609194, 6609862, 6610726, 6610404, 6610398, 6609908, 6610723, 6609914, 6610104, 6610009, 6610197, 4276993760, 4276993760], [6609892, 6610068, 6610194, 6609871, 6610465, 6609687, 6610140, 6609807, 6609647, 6609317, 6609979, 6610747, 6610302, 6610216, 6610307, 6610335, 6610117, 6610211, 6609720, 6610168, 4276993761, 4276993761], [6609833, 6610296, 6610135, 6609845, 6610371, 6609720, 6610106, 6609772, 6609469, 6609511, 6610191, 6610604, 6610440, 6609979, 6610559, 6610061, 6610251, 6610173, 6609784, 6610034, 4276993762, 4276993762], [6610013, 6610242, 6610041, 6610043, 6610137, 6609813, 6610064, 6609721, 6609327, 6609701, 6610536, 6610308, 6610589, 6609866, 6610816, 6609815, 6610177, 6610034, 6610033, 6609434, 4276993763, 4276993763]]
[[6611008, 6610956, 6610055, 6610069, 6609452, 6610436, 6610981, 6610368, 6611241, 6610110, 6609512, 6608920, 6609569, 6610012, 6609290, 6610209, 6610214, 6609816, 6609845, 6609142, 4276993760, 4276993760], [6611256, 6610730, 6610146, 6609938, 6609517, 6610610, 6610748, 6610622, 6611199, 6609752, 6609421, 6609022, 6609780, 6609804, 6609602, 6610128, 6610292, 6609584, 6609761, 6609012, 4276993761, 4276993761], [6611396, 6610173, 6610217, 6609803, 6609881, 6610716, 6610607, 6610876, 6610894, 6609615, 6609202, 6609075, 6610029, 6609606, 6609832, 6610208, 6610144, 6609601, 6609607, 6608829, 4276993762, 4276993762], [6611245, 6609974, 6610322, 6609486, 6610179, 6610998, 6610336, 6611141, 6610430, 6609546, 6609080, 6609239, 6610229, 6609238, 6610031, 6610378, 6609918, 6609568, 6609524, 6608642, 4276993763, 4276993763]]
[[6609632, 6609994, 6609314, 6609542, 6609712, 6609601, 6609990, 6610119, 6610914, 6610345, 6609448, 6609166, 6608641, 6608947, 6609365, 6609516, 6609442, 6609441, 6609407, 6609567, 4276993760, 4276993760], [6609868, 6609773, 6609383, 6609471, 6609636, 6609809, 6610036, 6610347, 6610602, 6610414, 6609265, 6608858, 6608727, 6609288, 6609280, 6609497, 6609616, 6609115, 6609588, 6609551, 4276993761, 4276993761], [6609979, 6609463, 6609580, 6609656, 6609515, 6609896, 6609919, 6610668, 6610577, 6609920, 6609347, 6608725, 6608717, 6609454, 6609456, 6609319, 6609562, 6609240, 6609530, 6609542, 4276993762, 4276993762], [6609953, 6609430, 6609477, 6609780, 6609543, 6609876, 6610114, 6610872, 6610362, 6609660, 6609284, 6608676, 6608759, 6609458, 6609472, 6609323, 6609665, 6609241, 6609477, 6609527, 4276993763, 4276993763]]
[[6608748, 6608428, 6608732, 6609076, 6609348, 6609333, 6608930, 6609213, 6610259, 6608964, 6609444, 6609635, 6608647, 6608865, 6609651, 6609327, 6609765, 6609433, 6609254, 6609422, 4276993760, 4276993760], [6608794, 6608218, 6609170, 6608838, 6609576, 6609233, 6608953, 6609306, 6610198, 6609007, 6609439, 6609383, 6608586, 6609297, 6609521, 6609437, 6609756, 6609252, 6609302, 6609448, 4276993761, 4276993761], [6608655, 6608237, 6609327, 6608936, 6609488, 6609080, 6609150, 6609611, 6609699, 6609265, 6609515, 6609149, 6608327, 6609722, 6609433, 6609521, 6609708, 6609286, 6609290, 6609196, 4276993762, 4276993762], [6608549, 6608371, 6609327, 6609134, 6609452, 6608942, 6609255, 6610054, 6609191, 6609326, 6609706, 6608776, 6608507, 6609900, 6609235, 6609608, 6609636, 6609315, 6609236, 6609072, 4276993763, 4276993763]]
[[6610386, 6610482, 6610782, 6610880, 6610691, 6609671, 6608898, 6609794, 6610483, 6610287, 6610055, 6610165, 6609849, 6610045, 6609821, 6610361, 6610380, 6609678, 6610174, 6609880, 4276993760, 4276993760], [6610579, 6610579, 6610988, 6610767, 6610514, 6609328, 6609151, 6609877, 6610643, 6609965, 6610250, 6610249, 6609816, 6609920, 6609725, 6610523, 6610503, 6609481, 6610357, 6609588, 4276993761, 4276993761], [6610554, 6610799, 6611000, 6610677, 6610340, 6609009, 6609557, 6610086, 6610560, 6609856, 6610246, 6610147, 6609921, 6609840, 6609867, 6610449, 6610286, 6609552, 6610497, 6609326, 4276993762, 4276993762], [6610716, 6610879, 6610837, 6610696, 6610017, 6608934, 6609721, 6610268, 6610176, 6610016, 6610185, 6609916, 6610110, 6609756, 6610096, 6610405, 6610007, 6609719, 6610312, 6609228, 4276993763, 4276993763]]
[[6608506, 6608868, 6608737, 6608330, 6608437, 6608483, 6608915, 6609434, 6609762, 6608126, 6609089, 6609938, 6609251, 6608740, 6608777, 6609322, 6609872, 6609807, 6610058, 6609600, 4276993760, 4276993760], [6608636, 6608941, 6608693, 6608156, 6608440, 6608594, 6609030, 6609494, 6609431, 6608278, 6609345, 6610048, 6609070, 6608679, 6608833, 6609508, 6609906, 6609757, 6609981, 6609624, 4276993761, 4276993761], [6608641, 6608866, 6608829, 6608199, 6608403, 6608760, 6609182, 6609628, 6608879, 6608480, 6609542, 6609955, 6608986, 6608545, 6608887, 6609767, 6609932, 6609773, 6609892, 6609647, 4276993762, 4276993762], [6608887, 6608690, 6608732, 6608202, 6608431, 6608921, 6609275, 6609702, 6608484, 6608709, 6609964, 6609415, 6608830, 6608637, 6609190, 6609924, 6609787, 6609965, 6609615, 6609524, 4276993763, 4276993763]]
[[6609744, 6609584, 6609778, 6610409, 6610722, 6610160, 6610235, 6609487, 6609776, 6609446, 6609436, 6609724, 6609590, 6610044, 6610530, 6610975, 6611014, 6610015, 6610502, 6610438, 4276993760, 4276993760], [6609696, 6609743, 6610022, 6610509, 6610645, 6610042, 6610211, 6609342, 6609863, 6609480, 6609185, 6609768, 6609838, 6610068, 6610678, 6611163, 6610796, 6609802, 6610826, 6610166, 4276993761, 4276993761], [6609782, 6609551, 6610278, 6610631, 6610424, 6610225, 6609945, 6609570, 6609574, 6609504, 6609352, 6609638, 6610085, 6609971, 6610870, 6611245, 6610565, 6609803, 6610827, 6609821, 4276993762, 4276993762], [6609647, 6609654, 6610344, 6610697, 6610272, 6610229, 6609704, 6609869, 6609409, 6609501, 6609593, 6609494, 6610113, 6610160, 6610889, 6611293, 6610080, 6610213, 6610738, 6609469, 4276993763, 4276993763]]
[[6610444, 6610485, 6611027, 6610631, 6610514, 6610573, 6611391, 6610433, 6611584, 6610856, 6610577, 6611497, 6611988, 6612081, 6612137, 6612241, 6612089, 6611662, 6611748, 6611774, 4276993760, 4276993760], [6610463, 6610490, 6610831, 6610732, 6610605, 6610687, 6611189, 6610840, 6611162, 6610905, 6610645, 6611786, 6611913, 6612199, 6612286, 6612058, 6612188, 6611296, 6611877, 6611836, 4276993761, 4276993761], [6610625, 6610350, 6610836, 6610632, 6610763, 6610882, 6610873, 6611234, 6610974, 6610835, 6610846, 6611986, 6611757, 6612266, 6612409, 6611927, 6612007, 6611494, 6611828, 6611843, 4276993762, 4276993762], [6610641, 6610666, 6610761, 6610503, 6610627, 6611346, 6610510, 6611421, 6610898, 6610764, 6611129, 6612060, 6611905, 6612104, 6612430, 6611888, 6611847, 6611564, 6611798, 6611761, 4276993763, 4276993763]]
[[6609782, 6609675, 6609494, 6609077, 6609726, 6609223, 6610438, 6610828, 6610210, 6609879, 6610491, 6610895, 6609642, 6609647, 6609578, 6609872, 6610163, 6610667, 6609706, 6609759, 4276993760, 4276993760], [6609939, 6609631, 6609310, 6609348, 6609351, 6609640, 6610630, 6610742, 6610045, 6610080, 6610446, 6610644, 6609549, 6609812, 6609578, 6609979, 6610252, 6610462, 6609671, 6609848, 4276993761, 4276993761], [6609725, 6609608, 6609255, 6609527, 6609225, 6609867, 6610815, 6610605, 6609764, 6610358, 6610612, 6610258, 6609567, 6609845, 6609620, 6610066, 6610280, 6610228, 6609748, 6609708, 4276993762, 4276993762], [6609643, 6609665, 6609028, 6609689, 6609207, 6610224, 6610736, 6610468, 6609770, 6610522, 6610699, 6609874, 6609759, 6609718, 6609572, 6610165, 6610513, 6609973, 6609718, 6609386, 4276993763, 4276993763]]
[[6610800, 6610309, 6609942, 6610087, 6610484, 6609956, 6610165, 6610056, 6610839, 6610452, 6610652, 6611023, 6610873, 6611396, 6611230, 6611356, 6610733, 6610189, 6610629, 6610463, 4276993760, 4276993760], [6610856, 6609967, 6610031, 6610053, 6610466, 6610124, 6610060, 6610312, 6610652, 6610474, 6610874, 6610806, 6611214, 6611114, 6611542, 6611235, 6610484, 6610249, 6610500, 6610441, 4276993761, 4276993761], [6610967, 6609923, 6609903, 6610357, 6610140, 6610280, 6609988, 6610534, 6610759, 6610290, 6611010, 6610602, 6611461, 6611048, 6611630, 6610995, 6610304, 6610408, 6610465, 6610229, 4276993762, 4276993762], [6610671, 6610054, 6609909, 6610564, 6609908, 6610131, 6610121, 6610755, 6610537, 6610332, 6611110, 6610608, 6611646, 6611008, 6611569, 6610880, 6610241, 6610499, 6610457, 6609949, 4276993763, 4276993763]]
[[6610834, 6611483, 6611503, 6611456, 6611445, 6610204, 6610712, 6610337, 6611393, 6610593, 6610870, 6610126, 6610695, 6611164, 6610976, 6610949, 6611412, 6611362, 6611259, 6610451, 4276993760, 4276993760], [6611058, 6611489, 6611392, 6611870, 6611080, 6609916, 6610811, 6610608, 6611197, 6610688, 6610644, 6610249, 6610794, 6611399, 6610739, 6610950, 6611570, 6611329, 6611195, 6609973, 4276993761, 4276993761], [6611214, 6611532, 6611241, 6612026, 6610695, 6610110, 6610631, 6610883, 6610854, 6610952, 6610423, 6610403, 6610871, 6611374, 6610815, 6611031, 6611639, 6611263, 6610895, 6609624, 4276993762, 4276993762], [6611452, 6611490, 6611260, 6611760, 6610501, 6610484, 6610356, 6611192, 6610610, 6611076, 6610137, 6610641, 6611017, 6611124, 6610945, 6611171, 6611607, 6611220, 6610629, 6609271, 4276993763, 4276993763]]
[[6610709, 6610441, 6611701, 6610994, 6611875, 6611453, 6611595, 6611334, 6611118, 6610237, 6610050, 6609062, 6610507, 6610718, 6609972, 6610148, 6610715, 6610764, 6610537, 6611307, 4276993760, 4276993760], [6610972, 6610652, 6611417, 6611280, 6611996, 6611313, 6611697, 6611208, 6610812, 6610297, 6609840, 6609287, 6610655, 6610617, 6610037, 6610077, 6610931, 6610603, 6610593, 6611393, 4276993761, 4276993761], [6610738, 6611122, 6611362, 6611287, 6611935, 6611387, 6611609, 6611180, 6610449, 6610278, 6609696, 6609638, 6610777, 6610425, 6610006, 6610179, 6610885, 6610802, 6610726, 6610883, 4276993762, 4276993762], [6610592, 6611479, 6611037, 6611696, 6611667, 6611424, 6611489, 6611217, 6610263, 6610128, 6609492, 6610081, 6610788, 6610006, 6610271, 6610355, 6610785, 6610736, 6610914, 6610549, 4276993763, 4276993763]]
[[6610595, 6611271, 6611406, 6611800, 6611459, 6611013, 6610845, 6612109, 6612962, 6612215, 6611292, 6611239, 6611430, 6610864, 6610677, 6611209, 6610796, 6611753, 6611350, 6612369, 4276993760, 4276993760], [6610941, 6610960, 6611884, 6611431, 6611515, 6610987, 6610909, 6612399, 6612923, 6611969, 6611165, 6611139, 6611661, 6610540, 6611104, 6610886, 6611091, 6611683, 6611435, 6612260, 4276993761, 4276993761], [6611275, 6610902, 6612127, 6611175, 6611528, 6610974, 6611211, 6612611, 6612838, 6611665, 6611025, 6611311, 6611538, 6610465, 6611146, 6610834, 6611352, 6611376, 6611782, 6611978, 4276993762, 4276993762], [6611436, 6611101, 6611919, 6611410, 6611204, 6610773, 6611742, 6612933, 6612565, 6611338, 6611178, 6611371, 6611347, 6610450, 6611205, 6610624, 6611714, 6611213, 6612254, 6611254, 4276993763, 4276993763]]
[[6610948, 6610626, 6610928, 6610592, 6610921, 6611309, 6611484, 6611836, 6612337, 6611597, 6611528, 6611209, 6611681, 6610965, 6611434, 6611959, 6612006, 6611363, 6611326, 6611183, 4276993760, 4276993760], [6610954, 6610270, 6611120, 6610674, 6611032, 6610949, 6611932, 6611875, 6612146, 6611708, 6611516, 6611172, 6611549, 6611113, 6611365, 6612397, 6611549, 6611330, 6611374, 6611165, 4276993761, 4276993761], [6610927, 6610431, 6610929, 6610899, 6610998, 6611121, 6611950, 6612229, 6611859, 6611595, 6611451, 6611263, 6611419, 6611081, 6611699, 6612401, 6611290, 6611425, 6611262, 6610976, 4276993762, 4276993762], [6610730, 6610579, 6610710, 6611066, 6611193, 6611111, 6612131, 6612310, 6611725, 6611438, 6611279, 6611597, 6611091, 6611291, 6611822, 6612363, 6611084, 6611510, 6611132, 6610931, 4276993763, 4276993763]]
[[6611854, 6612625, 6611891, 6612102, 6611317, 6610872, 6611617, 6611663, 6611669, 6610622, 6611263, 6612094, 6612619, 6611868, 6611206, 6611304, 6611408, 6611914, 6612093, 6612658, 4276993760, 4276993760], [6611953, 6612449, 6612011, 6611953, 6611147, 6610837, 6611961, 6611468, 6611434, 6610675, 6611554, 6612225, 6612644, 6611620, 6611019, 6611433, 6611558, 6612025, 6612109, 6612423, 4276993761, 4276993761], [6612078, 6612100, 6612234, 6611720, 6611173, 6610768, 6612019, 6611582, 6611056, 6610838, 6611834, 6612369, 6612534, 6611286, 6611119, 6611424, 6611679, 6612134, 6612274, 6612136, 4276993762, 4276993762], [6612604, 6611828, 6612227, 6611553, 6610892, 6611333, 6611871, 6611845, 6610424, 6611202, 6611941, 6612621, 6612130, 6611241, 6611127, 6611398, 6611799, 6612195, 6612476, 6611712, 4276993763, 4276993763]]
[[6609955, 6610550, 6611503, 6611593, 6610844, 6611432, 6611702, 6611383, 6610768, 6611702, 6612110, 6611944, 6611631, 6612483, 6612254, 6611919, 6611505, 6610868, 6610863, 6611445, 4276993760, 4276993760], [6610262, 6610613, 6611820, 6611278, 6610917, 6611632, 6611569, 6611332, 6610852, 6611737, 6612102, 6611951, 6611839, 6612407, 6612256, 6611729, 6611387, 6610653, 6611157, 6611272, 4276993761, 4276993761], [6610309, 6610764, 6612051, 6610859, 6611181, 6611718, 6611593, 6611184, 6610981, 6611891, 6612098, 6611826, 6612003, 6612455, 6612093, 6611628, 6611279, 6610609, 6611228, 6611119, 4276993762, 4276993762], [6610367, 6611032, 6611975, 6610725, 6611323, 6611706, 6611513, 6611109, 6611256, 6612011, 6612018, 6611665, 6612257, 6612371, 6611962, 6611699, 6611115, 6610635, 6611326, 6610718, 4276993763, 4276993763]]
[[6610601, 6611307, 6611074, 6610845, 6610505, 6610783, 6611269, 6610475, 6611128, 6610571, 6610313, 6611106, 6610303, 6610447, 6610792, 6611043, 6610907, 6610509, 6611127, 6610619, 4276993760, 4276993760], [6610821, 6611352, 6610840, 6611019, 6610201, 6611089, 6611259, 6610351, 6611101, 6610492, 6610499, 6610968, 6610328, 6610384, 6610923, 6611184, 6610560, 6610855, 6611066, 6610380, 4276993761, 4276993761], [6611055, 6611367, 6610630, 6611030, 6610316, 6611195, 6610992, 6610680, 6610659, 6610489, 6610785, 6610811, 6610357, 6610547, 6610917, 6611130, 6610504, 6610978, 6610872, 6610085, 4276993762, 4276993762], [6611309, 6611348, 6610647, 6610762, 6610582, 6611171, 6610633, 6611022, 6610507, 6610470, 6611133, 6610439, 6610293, 6610779, 6610980, 6610956, 6610558, 6611081, 6610659, 6609905, 4276993763, 4276993763]]
[[6610900, 6610348, 6610612, 6610386, 6610591, 6610790, 6609505, 6609852, 6610261, 6609669, 6610040, 6610067, 6611118, 6611192, 6611375, 6611458, 6610592, 6610463, 6610943, 6610540, 4276993760, 4276993760], [6610932, 6610490, 6610560, 6610445, 6610770, 6610297, 6609686, 6609976, 6609818, 6609985, 6609936, 6610315, 6611177, 6611394, 6611432, 6611266, 6610487, 6610518, 6610751, 6610425, 4276993761, 4276993761], [6610828, 6610406, 6610574, 6610358, 6611074, 6610004, 6609658, 6610124, 6609623, 6609887, 6610208, 6610405, 6611367, 6611263, 6611470, 6611101, 6610585, 6610569, 6610711, 6609962, 4276993762, 4276993762], [6610516, 6610382, 6610655, 6610221, 6611154, 6609600, 6609867, 6610323, 6609431, 6609986, 6610071, 6610857, 6611256, 6611230, 6611530, 6610769, 6610681, 6610814, 6610532, 6609680, 4276993763, 4276993763]]
[[6610375, 6610773, 6611351, 6610750, 6610614, 6610198, 6610920, 6610924, 6610885, 6610749, 6610339, 6610910, 6611015, 6611246, 6611001, 6610829, 6610337, 6611072, 6610694, 6610180, 4276993760, 4276993760], [6610760, 6610853, 6611291, 6610812, 6610369, 6610236, 6611027, 6611111, 6610566, 6610741, 6610402, 6611164, 6611050, 6611242, 6610623, 6610907, 6610490, 6611188, 6610293, 6610079, 4276993761, 4276993761], [6610881, 6611124, 6610992, 6610759, 6610333, 6610351, 6611015, 6611208, 6610452, 6610548, 6610672, 6611236, 6611068, 6611131, 6610626, 6610758, 6610713, 6611274, 6610050, 6609813, 4276993762, 4276993762], [6610926, 6611195, 6610807, 6610741, 6610343, 6610550, 6610950, 6611230, 6610592, 6610251, 6610704, 6611175, 6611105, 6611202, 6610722, 6610519, 6610963, 6611006, 6610045, 6609641, 4276993763, 4276993763]]
[[6609322, 6609802, 6610315, 6610426, 6610812, 6611138, 6611089, 6610631, 6610639, 6609315, 6610008, 6609653, 6610059, 6610457, 6609751, 6610032, 6609810, 6609580, 6609170, 6609415, 4276993760, 4276993760], [6609793, 6609926, 6610187, 6610664, 6610756, 6611114, 6611137, 6610633, 6610149, 6609441, 6609899, 6609841, 6610264, 6610115, 6609954, 6609927, 6609760, 6609502, 6609205, 6609413, 4276993761, 4276993761], [6610122, 6609995, 6610230, 6610725, 6610880, 6611198, 6610760, 6610913, 6609789, 6609634, 6609655, 6610052, 6610361, 6609724, 6610273, 6609864, 6609604, 6609464, 6609192, 6609289, 4276993762, 4276993762], [6610041, 6610096, 6610366, 6610865, 6610989, 6611136, 6610734, 6610864, 6609415, 6609829, 6609655, 6610114, 6610344, 6609783, 6610082, 6609828, 6609554, 6609246, 6609404, 6609230, 4276993763, 4276993763]]
[[6609341, 6610023, 6610381, 6610165, 6610405, 6610506, 6610382, 6610134, 6611261, 6611177, 6610813, 6610807, 6610484, 6610303, 6609393, 6609266, 6609229, 6609067, 6609366, 6609843, 4276993760, 4276993760], [6609606, 6610102, 6610575, 6609926, 6610489, 6610649, 6610309, 6610301, 6611412, 6610949, 6610832, 6610748, 6610402, 6610225, 6609162, 6609280, 6609325, 6608860, 6609692, 6609885, 4276993761, 4276993761], [6609844, 6610182, 6610412, 6610197, 6610363, 6610728, 6609947, 6610867, 6611336, 6610977, 6610710, 6610554, 6610475, 6610037, 6609111, 6609374, 6609227, 6608724, 6609760, 6609962, 4276993762, 4276993762], [6610091, 6610295, 6610220, 6610389, 6610346, 6610626, 6609813, 6611177, 6611370, 6610745, 6610775, 6610596, 6610406, 6609650, 6609157, 6609300, 6609158, 6609099, 6609655, 6609878, 4276993763, 4276993763]]
[[6608845, 6608272, 6607669, 6609233, 6608992, 6608694, 6609102, 6609528, 6610838, 6609656, 6608635, 6609210, 6608772, 6609228, 6610227, 6610001, 6609465, 6608953, 6609196, 6609191, 4276993760, 4276993760], [6608917, 6607972, 6607969, 6609550, 6608678, 6608739, 6609268, 6610065, 6610555, 6609236, 6608792, 6609091, 6608779, 6609447, 6610360, 6610032, 6608985, 6609171, 6609251, 6609078, 4276993761, 4276993761], [6608772, 6607754, 6608374, 6609597, 6608672, 6608853, 6609268, 6610527, 6610261, 6608845, 6609024, 6608905, 6609040, 6609631, 6610190, 6609888, 6608937, 6609259, 6609148, 6609076, 4276993762, 4276993762], [6608581, 6607662, 6608748, 6609261, 6608751, 6609043, 6609260, 6610955, 6609969, 6608479, 6609311, 6608756, 6608983, 6610045, 6609979, 6609785, 6608866, 6609282, 6609183, 6608816, 4276993763, 4276993763]]
[[6608003, 6608725, 6608575, 6608649, 6609258, 6609679, 6609293, 6610688, 6610903, 6609762, 6609019, 6609707, 6609722, 6609483, 6609834, 6610242, 6609159, 6609321, 6609379, 6609716, 4276993760, 4276993760], [6608308, 6608680, 6608606, 6608775, 6609254, 6609670, 6609656, 6610803, 6611122, 6609038, 6609088, 6609922, 6609610, 6609508, 6609980, 6610090, 6609014, 6609494, 6609472, 6609521, 4276993761, 4276993761], [6608473, 6608777, 6608424, 6609178, 6609352, 6609416, 6610042, 6610963, 6610896, 6608655, 6609080, 6610140, 6609540, 6609549, 6610229, 6609721, 6609157, 6609371, 6609652, 6609129, 4276993762, 4276993762], [6608594, 6608654, 6608583, 6609252, 6609518, 6609321, 6610437, 6610935, 6610217, 6608983, 6609237, 6610015, 6609436, 6609636, 6610414, 6609309, 6609177, 6609470, 6609711, 6608834, 4276993763, 4276993763]]
[[6609382, 6609303, 6609452, 6609592, 6609603, 6610220, 6610745, 6609675, 6610111, 6609564, 6608689, 6609358, 6609893, 6609335, 6610148, 6609848, 6609869, 6609443, 6610068, 6609574, 4276993760, 4276993760], [6609548, 6609208, 6609541, 6609503, 6609747, 6610475, 6610496, 6609609, 6610134, 6609432, 6608590, 6609476, 6609923, 6609213, 6610404, 6609895, 6609563, 6609694, 6609918, 6609503, 4276993761, 4276993761], [6609477, 6609232, 6609610, 6609592, 6609662, 6610755, 6610148, 6609833, 6609969, 6609151, 6608852, 6609590, 6609787, 6609497, 6610234, 6609778, 6609623, 6609894, 6609762, 6609479, 4276993762, 4276993762], [6609474, 6609226, 6609656, 6609686, 6609812, 6610919, 6609769, 6610011, 6609799, 6608911, 6609181, 6609624, 6609565, 6609944, 6609999, 6609837, 6609497, 6609888, 6609726, 6609439, 4276993763, 4276993763]]
[[6609599, 6611278, 6611079, 6610546, 6610766, 6610557, 6610135, 6610062, 6610370, 6608998, 6609586, 6610028, 6610983, 6610697, 6610546, 6610368, 6610071, 6609764, 6610084, 6609711, 4276993760, 4276993760], [6610125, 6611241, 6610900, 6610679, 6610671, 6610381, 6610262, 6610102, 6610067, 6608991, 6609662, 6610402, 6610933, 6610672, 6610643, 6610106, 6610051, 6609727, 6610114, 6609462, 4276993761, 4276993761], [6610726, 6611137, 6610699, 6610659, 6610692, 6610218, 6610344, 6610263, 6609619, 6609221, 6609626, 6610651, 6610976, 6610557, 6610711, 6609837, 6610002, 6609995, 6609919, 6608947, 4276993762, 4276993762], [6611198, 6611012, 6610566, 6610776, 6610779, 6610078, 6610203, 6610451, 6609120, 6609359, 6609922, 6610719, 6611001, 6610319, 6610573, 6610199, 6609786, 6609968, 6609873, 6608575, 4276993763, 4276993763]]
