33510
35879
36281
36251
36243
36233
36236
36234
36241
36224
36243
36242
36244
36238
36249
36235
36248
36241
36234
36251
36238
36237
36245
36241
36237
36254
36236
36246
36248
36246
36243
36243
36253
36251
36241
36251
36240
36245
36239
36243
36224
36239
36243
36238
36243
36244
36248
36240
36250
36240
36245
36224
36245
36245
36242
36243
36256
36251
36249
36244
36245
36249
36247
36250
36251
36248
36249
36249
36244
36253
36242
36245
36245
36259
36246
36241
36236
36248
36237
36251
36250
36244
36241
36239
36247
36234
36243
36244
36246
36248
36246
36248
36252
36243
36244
36249
36248
36234
39655
39435
38314
37385
37424
37656
37654
37663
37649
37665
37651
37668
37658
37654
37653
37657
37664
37660
37642
37660
37648
37664
37652
37643
37652
37653
37647
37650
37637
37641
37652
37655
37632
37662
37650
37644
37643
37639
37644
37643
37639
37645
37644
37660
37650
37647
37645
37646
37652
37639
37650
37656
37649
37648
37645
37644
37637
37655
37647
37638
37655
37637
37646
37656
37637
37654
37643
37659
37655
37644
37647
37640
37658
37625
37652
37632
37639
37647
37661
37647
37651
37642
37652
37648
37649
37643
37645
37662
37630
37651
37639
37654
37639
37642
35447
34751
36192
36278
36248
36238
36245
36247
36243
36238
36241
36232
36243
36241
36253
36241
36251
36249
36242
36243
36258
36242
36255
36248
36257
36242
36256
36250
36245
36245
36246
36253
36251
36249
36248
36246
36252
36251
36244
36241
36242
36248
36244
36253
36240
36242
36237
36240
36247
36239
36246
36243
36236
36237
36243
36244
36237
36237
36245
36240
36250
36238
36251
36244
36252
36235
36253
36246
36244
36244
36246
36244
36235
36250
36241
36250
36236
36248
36249
36238
36254
36242
36232
36238
36235
36241
36238
36242
36248
36237
36238
36243
36240
36243
36243
36238
36241
36247
37185
40318
38798
37814
37239
37632
37646
37649
37654
37649
37662
37652
37648
37654
37652
37660
37647
37653
37656
37652
37651
37652
37648
37653
37637
37656
37643
37660
37649
37648
37651
37654
37647
37641
37648
37643
37657
37647
37656
37639
37649
37662
37649
37647
37655
37659
37662
37656
37655
37651
37651
37659
37644
37661
37639
37659
37637
37653
37652
37634
37647
37650
37642
37635
37649
37640
37640
37650
37645
37645
37636
37659
37651
37650
37645
37641
37654
37663
37645
37643
37641
37638
37658
37645
37650
37656
37644
37644
37655
37647
37651
37648
37632
37642
37648
33707
35780
36262
36259
36239
36231
36241
36232
36239
36241
36243
36228
36238
36246
36239
36242
36239
36243
36241
36243
36241
36247
36248
36248
36240
36248
36234
36250
36234
36254
36230
36252
36240
36247
36238
36231
36237
36242
36255
36239
36241
36243
36247
36239
36244
36243
36245
36243
36236
36234
36243
36238
36240
36240
36244
36251
36224
36235
36248
36250
36224
36242
36238
36247
36244
36246
36243
36242
36242
36244
36245
36245
36245
36237
36243
36247
36247
36241
36243
36253
36237
36242
36242
36236
36259
36244
36246
36235
36247
36249
36248
36237
36249
36251
36245
36244
36250
36244
39332
39499
38334
37400
37437
37633
37658
37645
37657
37655
37633
37651
37656
37633
37653
37645
37642
37650
37632
37638
37657
37637
37653
37652
37648
37633
37645
37653
37654
37641
37649
37636
37657
37643
37636
37630
37645
37644
37636
37651
37642
37652
37634
37646
37642
37645
37647
37636
37643
37653
37638
37647
37669
37635
37650
37653
37646
37635
37642
37647
37633
37637
37652
37630
37636
37636
37640
37633
37646
37638
37631
37639
37640
37641
37635
37649
37645
37642
37650
37650
37646
37645
37641
37648
37635
37648
37645
37657
37638
37634
37644
37648
37651
37630
35970
34410
36160
36279
36253
36239
36242
36248
36244
36242
36251
36246
36244
36244
36243
36244
36235
36248
36239
36243
36237
36246
36241
36243
36240
36244
36240
36241
36242
36248
36240
36249
36245
36239
36246
36255
36251
36249
36246
36245
36248
36254
36246
36240
36242
36237
36249
36238
36253
36237
36244
36239
36249
36237
36252
36246
36245
36241
36246
36246
36239
36240
36243
36244
36241
36252
36233
36244
36242
36245
36239
36237
36247
36237
36228
36248
36242
36243
36245
36241
36236
36246
36251
36246
36241
36246
36244
36242
36245
36247
36245
36242
36236
36235
36232
36240
36242
36226
36656
40516
38975
37952
37204
37590
37665
37638
37657
37643
37652
37639
37635
37653
37642
37641
37651
37631
37644
37644
37639
37639
37653
37646
37645
37649
37630
37653
37650
37635
37642
37650
37642
37632
37648
37643
37655
37638
37642
37640
37645
37644
37640
37649
37652
37659
37644
37640
37634
37644
37650
37637
37636
37639
37648
37649
37641
37655
37640
37641
37643
37651
37634
37655
37652
37638
37651
37640
37642
37645
37638
37649
37632
37636
37649
37635
37642
37651
37636
37648
37642
37637
37647
37630
37645
37639
37642
37651
37643
37626
37643
37644
37635
37647
37640
37645
37643
37639
37639
37638
37648
37638
37643
37840
37647
37650
37632
37640
37630
37641
37650
37648
37649
37638
37652
37645
37656
37643
37652
37630
37650
37652
37640
37654
37639
37647
37640
37651
37637
37651
37622
37646
37639
37639
37642
37647
37640
37638
37641
37646
37647
37647
37647
37634
37654
37648
37628
37647
37637
37650
37640
37642
37639
37640
37643
37634
37635
37647
37635
37638
37637
37662
37631
37656
37638
37641
37643
37641
37637
37643
37640
37637
37638
37659
37633
37657
37649
37651
37633
37650
37647
37652
37638
37646
37657
37646
37625
37642
37651
37638
37647
37637
37655
37639
37643
37651
37659
37641
37659
37654
37632
37665
37641
37657
37640
37655
37642
37663
37638
37653
37658
37647
37655
37648
37647
37658
37636
37642
37649
37654
37645
37652
37647
37635
37654
37647
37651
37644
37648
37656
37633
37654
37650
37652
37635
37650
37635
37641
37653
37648
37632
37648
37645
37643
37653
37647
37640
37645
37666
37654
37652
37658
37654
37655
37650
37637
37657
37650
37644
37648
37651
37650
37653
37648
37638
37650
37647
37659
37651
37645
37641
37656
37641
37654
37652
37646
37638
37651
37653
37651
37635
37645
37654
37647
37644
37657
37639
37647
37656
37649
37639
37647
37649
37655
37654
37641
37651
37641
37645
37655
37662
37630
37646
37651
37637
37648
37652
37658
37647
37660
37652
37646
37651
37657
37658
37648
37654
37653
37657
37676
37642
37653
37664
37655
37659
37637
37656
37647
37638
37650
37649
37645
37651
37654
37651
37647
37666
37650
37651
37644
37642
37644
37650
37642
37647
37630
37660
37657
37647
