8392
8102
8389
8666
8850
8962
9027
9060
9071
9075
9078
9075
9072
9075
9069
9067
9071
9071
9070
9068
9065
9064
9069
9067
9066
9067
9071
9074
9068
9065
9071
9073
9069
9067
9064
9066
9068
9067
9066
9065
9069
9068
9069
9068
9065
9063
9070
9070
9066
9065
9068
9070
9068
9066
9069
9070
9069
9069
9061
9065
9066
9066
9069
9069
9069
9069
9062
9063
9067
9067
9067
9066
9071
9070
9070
9068
9068
9064
9070
9070
9070
9068
9069
9067
9061
9063
9067
9068
9067
9070
9068
9065
9069
9067
9068
9066
9068
9070
9560
10252
10228
10089
9953
9857
9778
9709
9647
9585
9527
9469
9412
9355
9298
9266
9330
9374
9407
9413
9408
9421
9416
9428
9413
9426
9422
9424
9401
9428
9414
9420
9426
9422
9421
9417
9423
9414
9416
9421
9423
9412
9428
9413
9412
9427
9418
9419
9428
9416
9408
9416
9421
9417
9420
9414
9429
9422
9412
9415
9429
9415
9425
9426
9415
9431
9417
9426
9416
9420
9427
9416
9419
9425
9421
9422
9416
9413
9422
9426
9418
9409
9424
9425
9407
9419
9423
9418
9416
9424
9416
9422
9416
9421
8815
8081
8282
8585
8802
8938
9015
9052
9073
9083
9077
9075
9071
9071
9070
9071
9071
9068
9068
9068
9063
9067
9066
9066
9070
9056
9067
9068
9067
9071
9067
9070
9070
9071
9066
9068
9071
9068
9068
9067
9068
9069
9065
9067
9066
9065
9068
9066
9068
9069
9069
9070
9068
9070
9069
9064
9069
9070
9070
9070
9068
9070
9068
9065
9066
9068
9069
9063
9062
9064
9070
9070
9067
9066
9068
9065
9066
9064
9067
9068
9062
9067
9065
9068
9065
9066
9068
9066
9065
9067
9066
9067
9066
9064
9067
9064
9067
9071
9242
10193
10254
10129
9975
9873
9791
9722
9657
9596
9535
9479
9420
9365
9309
9261
9315
9363
9399
9428
9418
9422
9412
9420
9415
9424
9412
9426
9410
9419
9421
9406
9426
9413
9416
9423
9415
9419
9420
9422
9423
9410
9425
9405
9421
9423
9417
9413
9419
9416
9414
9420
9411
9423
9410
9422
9412
9409
9425
9417
9417
9420
9415
9421
9416
9411
9415
9421
9425
9409
9425
9418
9410
9423
9424
9412
9427
9415
9419
9422
9420
9418
9411
9424
9421
9419
9413
9427
9412
9424
9426
9411
9420
9424
9165
8152
8185
8498
8742
8902
8990
9039
9066
9074
9081
9075
9074
9074
9071
9071
9069
9068
9072
9067
9070
9066
9069
9066
9066
9067
9068
9067
9069
9070
9068
9069
9066
9070
9071
9070
9069
9064
9066
9067
9070
9071
9070
9067
9068
9065
9068
9065
9065
9067
9069
9071
9072
9071
9068
9067
9068
9069
9069
9069
9071
9067
9071
9069
9069
9066
9064
9071
9069
9071
9062
9065
9066
9068
9069
9071
9071
9068
9065
9071
9066
9071
9066
9065
9066
9071
9068
9067
9068
9070
9067
9068
9065
9068
9070
9069
9065
9068
9069
9952
10269
10189
10026
9911
9822
9749
9683
9622
9560
9503
9445
9389
9330
9275
9286
9349
9387
9417
9421
9415
9408
9405
9424
9423
9408
9428
9420
9424
9415
9429
9414
9412
9428
9416
9421
9427
9425
9406
9422
9421
9423
9415
9422
9422
9428
9409
9424
9411
9425
9418
9426
9413
9419
9425
9421
9414
9425
9424
9425
9412
9412
9429
9416
9421
9422
9417
9415
9419
9423
9419
9416
9405
9426
9423
9417
9411
9425
9408
9422
9424
9411
9420
9422
9415
9421
9420
9421
9405
9426
9411
9428
9416
9390
8348
8108
8404
8675
8856
8965
9028
9062
9075
9077
9077
9080
9079
9073
9067
9068
9069
9068
9068
9063
9066
9071
9070
9066
9066
9068
9068
9060
9064
9067
9070
9069
9065
9067
9064
9065
9065
9065
9070
9067
9069
9069
9064
9066
9067
9069
9069
9066
9070
9070
9068
9065
9067
9066
9067
9065
9064
9065
9066
9065
9067
9067
9068
9063
9068
9071
9075
9071
9068
9065
9063
9067
9067
9064
9066
9071
9071
9066
9070
9072
9067
9068
9068
9064
9069
9067
9066
9069
9065
9070
9066
9070
9066
9069
9067
9067
9064
9068
9615
10260
10228
10082
9947
9852
9776
9707
9641
9582
9524
9466
9408
9352
9296
9254
9310
9359
9394
9421
9445
9427
9423
9427
9419
9423
9415
9422
9420
9410
9428
9426
9415
9422
9420
9419
9408
9423
9420
9407
9430
9420
9415
9418
9428
9412
9408
9410
9423
9422
9418
9409
9429
9415
9427
9408
9419
9424
9424
9421
9418
9417
9415
9431
9421
9428
9415
9425
9409
9422
9425
9418
9422
9416
9428
9424
9415
9418
9414
9427
9420
9425
9413
9426
9409
9418
9430
9414
9422
9421
9420
9424
9411
9413
9428
9413
9411
9421
9425
9417
9420
9424
9407
9419
9428
9413
9416
9422
9424
9412
9423
9418
9425
9412
9429
9410
9422
9426
9415
9408
9419
9409
9416
9429
9415
9425
9409
9423
9418
9422
9422
9409
9424
9416
9420
9421
9415
9415
9426
9412
9426
9409
9424
9420
9427
9423
9418
9422
9417
9420
9411
9417
9424
9414
9428
9412
9428
9411
9424
9424
9422
9416
9424
9420
9417
9422
9415
9423
9417
9422
9421
9413
9414
9429
9416
9428
9419
9418
9423
9415
9419
9427
9416
9427
9415
9413
9423
9424
9424
9409
9423
9422
9406
9419
9423
9410
9427
9414
9425
9423
9421
9412
9434
9414
9414
9426
9419
9414
9427
9418
9416
9424
9410
9420
9423
9420
9419
9418
9427
9407
9427
9411
9427
9420
9423
9407
9422
9418
9423
9408
9417
9427
9421
9418
9409
9424
9411
9417
9429
9421
9417
9424
9425
9413
9426
9411
9421
9421
9428
9411
9427
9423
9400
9422
9413
9426
9411
9416
9427
9409
9417
9426
9416
9417
9423
9423
9408
9415
9427
9419
9420
9415
9418
9421
9419
9421
9408
9414
9426
9409
9417
9427
9417
9427
9411
9426
9419
9412
9420
9420
9415
9417
9419
9419
9418
9418
9417
9419
9408
9425
9413
9423
9419
9413
9422
9425
9415
9420
9425
9416
9415
9422
9418
9412
9411
9425
9418
9425
9416
9416
9417
9427
9392
9427
9425
9405
9426
9411
9424
9426
9412
9417
9422
9423
9420
9413
9424
9419
9418
9412
9415
9423
9406
9427
9421
9407
9428
9419
9422
