35930
37824
38137
38115
38099
38095
38098
38103
38108
38100
38103
38099
38101
38100
38101
38092
38106
38103
38104
38094
38110
38100
38101
38098
38107
38103
38105
38108
38105
38098
38102
38105
38108
38103
38106
38102
38099
38105
38096
38105
38102
38099
38091
38096
38103
38090
38094
38089
38095
38096
38101
38098
38103
38097
38108
38089
38096
38090
38108
38100
38100
38093
38107
38097
38099
38098
38104
38116
38107
38101
38111
38102
38098
38101
38103
38089
38113
38089
38105
38094
38106
38097
38106
38098
38104
38106
38102
38101
38104
38108
38101
38097
38116
38099
38103
38102
38181
41242
39887
38873
38935
39037
39043
39026
39042
39044
39028
39050
39033
39029
39047
39032
39031
39027
39037
39037
39040
39035
39029
39027
39030
39032
39040
39026
39024
39034
39032
39033
39030
39035
39024
39031
39017
39036
39039
39023
39023
39116
39026
39029
39038
39040
39035
39026
39050
39033
39018
39040
39033
39022
39026
39029
39039
39029
39035
39031
39028
39023
39037
39037
39036
39045
39038
39045
39035
39048
39035
39034
39037
39038
39030
39026
39042
39040
39027
39036
39034
39032
39033
39034
39045
39028
39032
39031
39029
39016
39032
39036
39030
39016
39038
36578
37433
38121
38123
38106
38103
38094
38098
38090
38100
38100
38111
38099
38107
38108
38103
38096
38107
38103
38107
38096
38093
38099
38101
38095
38103
38092
38095
38094
38094
38094
38105
38099
38102
38099
38106
38097
38102
38104
38093
38097
38093
38088
38107
38100
38092
38097
38102
38105
38098
38099
38092
38099
38100
38097
38101
38097
38103
38095
38099
38098
38109
38101
38100
38097
38102
38097
38109
38094
38101
38086
38098
38100
38108
38088
38101
38086
38103
38093
38088
38089
38104
38086
38093
38088
38102
38094
38104
38099
38104
38092
38100
38102
38105
38091
38103
38090
40565
40288
39146
38786
39016
39020
39044
39027
39031
39025
39036
39024
39019
39037
39031
39029
39038
39033
39022
39033
39025
39050
39021
39033
39037
39035
39024
39023
39031
39036
39034
39021
39030
39040
39026
39043
39023
39038
39043
39034
39029
39023
39037
39026
39042
39011
39024
39024
39015
39014
39036
39014
39021
39022
39021
39010
39016
39016
39016
39027
39012
39029
39023
39017
39021
39013
39025
39009
39022
39011
39029
39014
39028
39021
39016
39022
39033
39011
39016
39019
39012
39027
39016
39015
39021
39014
39015
39020
39017
39026
39018
39022
39025
39020
37565
36738
38076
38118
38089
38088
38091
38087
38081
38108
38087
38108
38096
38092
38093
38102
38100
38098
38100
38095
38105
38095
38097
38090
38094
38091
38096
38090
38089
38084
38085
38090
38090
38093
38097
38095
38085
38082
38085
38099
38097
38099
38093
38096
38094
38090
38095
38091
38100
38096
38088
38092
38097
38088
38098
38073
38097
38081
38098
38082
38085
38081
38098
38092
38089
38093
38093
38088
38100
38090
38094
38094
38088
38093
38091
38088
38095
38088
38091
38103
38089
38104
38098
38096
38101
38099
38103
38089
38106
38093
38095
38090
38103
38086
38100
38104
38097
39573
40731
39399
38754
39023
39033
39034
39036
39035
39034
39029
39025
39027
39024
39038
39027
39033
39030
39016
39032
39034
39017
39039
39019
39030
39028
39029
39026
39026
39025
39038
39032
39029
39039
39033
39022
39038
39024
39033
39038
39034
39038
39028
39020
39036
39036
39028
39037
39023
39029
39036
39034
39028
39031
39035
39014
39030
39023
39037
39026
39024
39028
39020
39024
39038
39018
39038
39014
39033
39029
39009
39021
39030
39017
39015
39018
39029
39014
39036
39024
39015
39008
39034
39019
39008
39032
39007
39036
39022
39036
39018
39025
39030
39025
38741
35977
37934
38133
38096
38100
38095
38099
38100
38100
38091
38101
38094
38101
38091
38090
38095
38087
38097
38094
38088
38079
38093
38104
38087
38088
38089
38088
38090
38091
38074
38083
38090
38086
38078
38098
38090
38104
38080
38096
38088
38099
38083
38092
38096
38103
38086
38099
38094
38082
38090
38098
38097
38088
38100
38095
38089
38098
38086
38100
38085
38100
38091
38103
38092
38102
38091
38096
38094
38105
38093
38097
38096
38100
38083
38094
38084
38095
38086
38096
38094
38086
38094
38090
38084
38093
38096
38089
38086
38091
38081
38093
38094
38094
38090
38091
38086
38522
41155
39713
38805
38956
39015
39012
39010
39011
39039
39018
39028
39010
39020
39028
39004
39019
39024
39022
39017
39006
39026
39028
39014
39027
39016
39025
39028
39017
39025
39019
39017
39016
39024
39013
39021
39009
39026
39020
39018
39016
39015
39019
39017
39016
39007
39011
39019
39013
39027
39013
39017
39012
39023
39027
39020
39030
39023
39020
39016
39020
39023
39018
39009
39031
39018
39016
39023
39021
39030
39025
39015
39031
39028
39017
39032
39027
39007
39017
39021
39035
39011
39020
39014
39013
39027
39011
39020
39017
39028
39010
39016
39030
39031
39022
39025
39015
39009
39018
39019
39025
39024
39023
39011
39038
39012
39008
39022
39024
39022
39014
39011
39029
39021
39023
39021
39015
39042
39006
39029
39029
39003
39015
39033
39007
39025
39009
39011
39023
39017
39011
39020
39012
39025
39018
39015
39019
39012
39024
39017
39016
39021
39015
39018
39016
39013
39024
39019
39006
39036
39015
39012
39019
39025
39016
39017
39032
39006
39027
39019
39010
39012
39006
39029
39036
39013
39015
39021
39013
39007
39016
39017
39020
39014
39005
39018
39013
39007
39029
39019
39020
39022
39015
39025
39011
39028
39023
39024
39026
39026
39027
39015
39020
39025
39021
39036
39024
39028
39028
39016
39021
39018
39009
39023
39022
39034
39012
39026
39026
39001
39035
39023
39021
39015
39021
39025
39027
39021
39027
39022
39006
39034
39031
39016
39029
39007
39030
39011
39021
39020
39018
39024
39015
39027
39019
39022
39025
39010
39031
39008
39033
39019
39019
39020
39022
39015
39014
39015
39028
39012
39020
39029
39017
39030
39011
39031
39001
39033
39018
39020
39017
39016
39015
39023
39012
39041
39016
39033
39023
39029
39005
39031
39029
39008
39025
39024
39014
39025
39024
39023
39021
39030
39036
39006
39033
39035
39017
39015
39018
39032
39031
39033
39023
39027
39030
39012
39027
39017
39019
39036
39019
39027
39020
39001
39033
39017
39025
39026
39028
39029
39022
39025
39023
38999
39036
39014
39015
39029
39007
39029
39025
39013
39028
39019
39002
39034
39020
39009
39034
39019
39032
39013
39018
39014
39026
39017
39015
39018
39011
39034
39022
39017
39020
39029
39012
39028
39030
39016
39036
39010
39022
39028
39023
39027
