33854
36735
37253
37259
37238
37227
37228
37235
37231
37235
37237
37230
37229
37228
37233
37228
37227
37237
37224
37230
37239
37230
37234
37229
37239
37235
37232
37230
37225
37234
37241
37239
37234
37233
37237
37244
37240
37234
37231
37231
37243
37237
37237
37230
37237
37244
37233
37231
37234
37235
37233
37242
37229
37246
37235
37234
37233
37241
37231
37231
37239
37231
37236
37229
37232
37238
37237
37231
37238
37237
37229
37243
37232
37235
37231
37239
37240
37233
37237
37237
37238
37234
37238
37242
37241
37231
37237
37242
37237
37243
37240
37240
37228
37232
37234
37223
37234
37228
37233
40103
41945
40503
39489
38537
38768
39116
39064
39046
39041
39053
39055
39043
39053
39054
39042
39038
39053
39039
39038
39043
39044
39036
39051
39044
39047
39045
39043
39036
39043
39039
39041
39052
39038
39044
39043
39033
39045
39034
39037
39027
39058
39044
39038
39043
39054
39046
39043
39032
39052
39041
39045
39035
39060
39044
39047
39049
39030
39045
39057
39053
39053
39051
39045
39040
39052
39049
39043
39053
39037
39041
39049
39046
39038
39033
39045
39046
39043
39039
39043
39051
39033
39048
39047
39046
39048
39051
39030
39047
39033
39032
39053
39038
39043
37737
34416
36999
37272
37247
37234
37230
37221
37228
37225
37230
37232
37234
37226
37222
37244
37222
37228
37228
37218
37231
37231
37244
37233
37224
37228
37225
37218
37224
37229
37219
37242
37231
37235
37237
37212
37233
37230
37236
37227
37231
37218
37233
37238
37233
37229
37231
37231
37237
37236
37235
37221
37228
37223
37231
37229
37231
37220
37222
37229
37220
37234
37221
37237
37224
37229
37231
37228
37231
37213
37234
37225
37225
37225
37224
37230
37221
37218
37219
37231
37217
37225
37224
37223
37226
37222
37228
37227
37232
37219
37233
37236
37230
37214
37219
37230
37210
37223
37231
37231
41487
41475
40244
39241
38426
38902
39111
39055
39038
39029
39026
39037
39033
39038
39042
39031
39037
39030
39039
39050
39027
39043
39045
39042
39020
39050
39041
39041
39041
39041
39041
39040
39027
39050
39035
39040
39032
39040
39044
39032
39034
39034
39045
39040
39038
39031
39039
39044
39029
39040
39029
39029
39051
39042
39028
39036
39041
39031
39036
39035
39036
39054
39032
39030
39039
39048
39038
39057
39031
39044
39040
39037
39046
39029
39034
39041
39021
39044
39023
39036
39049
39035
39035
39039
39038
39026
39040
39038
39043
39029
39029
39026
39035
39037
36127
35433
37147
37263
37234
37216
37222
37217
37217
37221
37219
37225
37220
37218
37221
37227
37220
37232
37221
37222
37225
37210
37225
37213
37221
37217
37223
37224
37229
37227
37222
37224
37221
37222
37225
37226
37231
37221
37219
37221
37235
37213
37224
37225
37227
37226
37216
37228
37218
37230
37225
37227
37223
37223
37229
37219
37232
37215
37232
37232
37222
37223
37226
37230
37217
37217
37218
37210
37213
37214
37216
37213
37223
37220
37224
37216
37220
37211
37224
37216
37218
37218
37212
37221
37214
37228
37217
37219
37219
37207
37230
37217
37221
37219
37220
37214
37213
37213
37215
37217
42645
41066
39946
38964
38473
39014
39079
39039
39025
39036
39022
39028
39031
39032
39024
39023
39040
39034
39035
39029
39020
39025
39020
39045
39019
39041
39027
39034
39044
39026
39034
39023
39037
39017
39024
39041
39028
39025
39027
39014
39042
39020
39030
39031
39018
39021
39026
39024
39023
39028
39026
39028
39023
39015
39024
39016
39038
39025
39018
39022
39024
39029
39027
39021
39020
39024
39023
39016
39036
39020
39031
39029
39021
39032
39041
39020
39034
39012
39035
39020
39034
39028
39037
39035
39027
39029
39032
39044
39022
39041
39031
39031
39023
39039
34878
36178
37212
37245
37227
37214
37216
37213
37224
37228
37220
37218
37219
37215
37212
37227
37219
37214
37221
37216
37212
37208
37213
37211
37210
37216
37215
37219
37220
37217
37213
37208
37210
37216
37206
37226
37216
37214
37215
37227
37222
37221
37215
37216
37218
37210
37224
37224
37231
37212
37218
37218
37213
37205
37210
37226
37215
37209
37218
37215
37216
37215
37215
37214
37211
37228
37212
37227
37215
37217
37213
37209
37221
37211
37219
37215
37211
37216
37215
37222
37219
37214
37220
37214
37210
37217
37209
37220
37225
37215
37218
37212
37213
37217
37219
37210
37212
37222
37204
38452
42514
40799
39739
38761
38544
39087
39057
39035
39029
39036
39019
39044
39019
39047
39031
39033
39039
39025
39032
39039
39029
39046
39043
39022
39028
39041
39027
39028
39037
39033
39031
39037
39033
39033
39044
39027
39028
39028
39036
39050
39036
39023
39041
39038
39037
39031
39037
39034
39036
39039
39022
39039
39038
39036
39021
39046
39036
39023
39029
39038
39044
39041
39030
39035
39037
39041
39030
39034
39039
39029
39016
39044
39035
39043
39016
39043
39025
39030
39020
39031
39028
39026
39034
39042
39028
39044
39035
39020
39031
39030
39034
39026
39045
39025
39029
39032
39034
39038
39041
39035
39025
39014
39036
39015
39030
39030
39012
39045
39027
39027
39029
39038
39015
39028
39021
39042
39006
39037
39036
39015
39025
39036
39023
39036
39033
39027
39039
39022
39035
39018
39044
39016
39027
39031
39116
39017
39038
39032
39040
39022
39032
39036
39016
39047
39032
39035
39028
39018
39040
39026
39032
39023
39039
39031
39036
39030
39032
39036
39037
39034
39028
39044
39030
39035
39047
39048
39037
39030
39046
39031
39021
39038
39024
39027
39034
39042
39027
39023
39040
39041
39029
39020
39039
39039
39025
39034
39031
39038
39026
39033
39017
39032
39043
39023
39037
39034
39021
39049
39030
39025
39026
39031
39037
39021
39040
39029
39024
39032
39032
39028
39039
39033
39035
39013
39032
39015
39036
39018
39014
39039
39029
39010
39027
39033
39025
39035
39032
39020
39032
39037
39034
39016
39039
39030
39026
39031
39025
39013
39023
39030
39021
39028
39031
39021
39019
39028
39025
39032
39038
39025
39032
39015
39022
39032
39021
39028
39023
39031
39011
39036
39025
39037
39029
39038
39030
39027
39017
39036
39032
39022
39030
39039
39025
39032
39033
39037
39033
39033
39024
39025
39029
39022
39031
39039
39026
39036
39024
39018
39031
39021
39036
39027
39037
39024
39034
39020
39034
39025
39023
39025
39019
39032
39031
39021
39030
39020
39036
39036
39018
39024
39041
39023
39033
39030
39018
39036
39026
39032
39020
39034
39026
39027
39048
39026
39019
39037
39011
39044
39035
39041
39019
39032
39033
39036
39032
39014
39035
39022
39036
39029
39023
39038
39033
