34846
37290
37703
37674
37662
37651
37655
37657
37662
37658
37667
37664
37659
37651
37664
37652
37669
37659
37657
37672
37656
37656
37666
37656
37651
37673
37653
37665
37664
37660
37659
37656
37666
37665
37658
37669
37668
37671
37661
37664
37665
37663
37666
37663
37665
37664
37668
37658
37666
37658
37664
37660
37668
37661
37659
37658
37676
37664
37665
37667
37662
37666
37668
37663
37665
37663
37668
37668
37662
37668
37658
37663
37663
37680
37670
37666
37660
37667
37659
37672
37670
37666
37662
37661
37669
37655
37662
37662
37664
37665
37659
37657
37663
37655
37658
37664
37666
37653
41109
40874
39718
38758
38807
39048
39042
39047
39031
39049
39029
39044
39038
39037
39030
39040
39045
39043
39025
39042
39026
39044
39030
39027
39034
39037
39028
39041
39029
39034
39044
39048
39016
39050
39037
39034
39034
39035
39038
39035
39032
39033
39024
39045
39040
39039
39032
39032
39040
39027
39038
39043
39035
39033
39031
39026
39023
39042
39034
39028
39046
39027
39034
39050
39036
39042
39024
39039
39033
39034
39039
39032
39052
39019
39041
39036
39030
39031
39050
39033
39037
39033
39039
39034
39037
39033
39030
39050
39022
39041
39026
39039
39029
39028
36802
36124
37610
37698
37669
37657
37660
37663
37660
37660
37660
37647
37656
37655
37665
37655
37665
37663
37656
37659
37671
37653
37660
37653
37665
37652
37661
37660
37654
37653
37659
37663
37665
37664
37662
37658
37663
37660
37656
37658
37661
37666
37657
37663
37653
37655
37656
37659
37659
37652
37664
37662
37650
37650
37651
37652
37648
37649
37654
37646
37654
37645
37659
37655
37662
37652
37659
37653
37653
37657
37658
37656
37644
37658
37651
37658
37647
37655
37658
37652
37676
37654
37640
37649
37645
37651
37649
37652
37655
37649
37649
37660
37648
37660
37649
37648
37649
37656
38604
41763
40200
39192
38592
39005
39023
39028
39036
39024
39037
39030
39021
39036
39037
39043
39032
39033
39035
39033
39030
39037
39031
39040
39025
39045
39029
39046
39033
39035
39036
39034
39036
39024
39033
39031
39045
39032
39043
39024
39026
39039
39025
39021
39031
39035
39040
39035
39031
39031
39026
39033
39026
39043
39024
39048
39026
39037
39039
39019
39035
39039
39034
39018
39041
39036
39031
39041
39034
39030
39025
39051
39042
39042
39031
39029
39041
39045
39031
39031
39033
39026
39046
39030
39035
39042
39031
39030
39041
39030
39033
39036
39019
39036
39038
35039
37181
37674
37673
37651
37644
37650
37643
37650
37646
37648
37638
37651
37658
37649
37652
37654
37657
37653
37654
37646
37658
37657
37658
37649
37653
37640
37655
37632
37656
37633
37658
37641
37656
37647
37643
37649
37651
37666
37649
37650
37653
37655
37651
37654
37651
37654
37654
37650
37650
37657
37649
37652
37651
37645
37654
37650
37643
37653
37656
37640
37648
37643
37654
37653
37652
37650
37649
37646
37650
37654
37656
37652
37647
37649
37655
37658
37654
37658
37666
37651
37650
37653
37647
37668
37656
37662
37648
37657
37663
37659
37646
37665
37663
37658
37651
37656
37655
40781
40935
39737
38777
38811
39008
39042
39023
39036
39041
39019
39037
39043
39018
39034
39029
39026
39035
39036
39022
39046
39021
39038
39035
39026
39016
39026
39034
39031
39018
39028
39016
39037
39024
39019
39012
39025
39026
39017
39034
39027
39032
39016
39030
39025
39029
39035
39021
39028
39038
39023
39029
39047
39019
39039
39037
39031
39023
39032
39036
39023
39028
39045
39022
39031
39029
39031
39023
39034
39025
39015
39029
39025
39030
39020
39030
39026
39026
39031
39030
39030
39027
39019
39026
39014
39024
39023
39035
39016
39010
39018
39021
39019
39006
37319
35756
37556
37682
37664
37643
37645
37651
37647
37642
37649
37651
37649
37652
37654
37653
37646
37656
37650
37648
37650
37659
37659
37661
37654
37659
37651
37658
37654
37659
37648
37653
37653
37648
37651
37656
37652
37653
37649
37655
37659
37665
37657
37649
37649
37648
37659
37655
37665
37646
37651
37649
37660
37645
37655
37650
37653
37646
37649
37654
37648
37650
37650
37651
37646
37657
37641
37645
37651
37657
37647
37649
37657
37649
37644
37657
37650
37649
37652
37643
37637
37649
37655
37656
37646
37648
37646
37643
37647
37648
37646
37645
37636
37632
37640
37645
37653
37632
38064
41969
40390
39353
38565
38963
39041
39013
39035
39022
39034
39021
39009
39035
39021
39021
39033
39013
39025
39024
39018
39017
39031
39024
39022
39030
39013
39035
39030
39014
39027
39031
39026
39028
39028
39018
39030
39017
39023
39023
39023
39016
39014
39024
39025
39027
39015
39008
39015
39026
39031
39021
39013
39014
39021
39021
39016
39030
39021
39021
39019
39028
39009
39029
39030
39013
39025
39018
39019
39020
39009
39025
39020
39010
39022
39007
39014
39027
39008
39026
39021
39017
39027
39005
39027
39018
39015
39027
39022
39007
39024
39027
39017
39029
39024
39031
39023
39018
39022
39017
39031
39017
39022
39013
39024
39030
39025
39023
39011
39020
39022
39020
39021
39010
39022
39016
39026
39020
39027
39010
39026
39023
39014
39022
39009
39018
39015
39023
39015
39036
39007
39029
39019
39018
39024
39030
39028
39025
39022
39028
39021
39018
39017
39010
39028
39025
39003
39023
39019
39025
39015
39019
39017
39015
39023
39013
39015
39028
39021
39015
39011
39035
39006
39038
39017
39021
39028
39020
39014
39017
39013
39011
39017
39038
39012
39033
39024
39028
39011
39028
39024
39027
39012
39021
39033
39033
39011
39030
39035
39021
39030
39015
39037
39021
39020
39028
39032
39011
39033
39026
39003
39034
39013
39031
39010
39023
39011
39030
39004
39017
39022
39018
39025
39016
39016
39029
39012
39018
39023
39023
39020
39017
39017
39009
39031
39021
39027
39017
39028
39031
39007
39028
39038
39027
39012
39031
39016
39020
39031
39025
39018
39022
39021
39015
39031
39023
39019
39020
39029
39018
39015
39021
39026
39023
39026
39006
39029
39021
39017
39018
39023
39021
39023
39019
39008
39023
39017
39032
39025
39017
39012
39026
39015
39027
39029
39016
39011
39016
39029
39027
39006
39019
39027
39020
39018
39028
39011
39019
39027
39021
39008
39016
39020
39032
39032
39024
39030
39016
39023
39031
39038
39006
39022
39025
39017
39022
39021
39031
39025
39033
39029
39028
39021
39024
39031
39019
39023
39020
39026
39036
39013
39022
39033
39026
39033
39012
39036
39027
39016
39027
39022
39018
39023
39025
39024
39013
39037
39019
39022
39012
39012
39021
39027
39019
39025
39000
39031
39026
39019
