71495
75390
75352
75338
75335
75339
75343
75352
75349
75333
75340
75356
75340
75345
75341
75330
75335
75349
75348
75345
75338
75337
75333
75330
75319
75337
75347
75337
75342
75351
75347
75349
75350
75352
75340
75360
75346
75342
75342
75341
75353
75343
75355
75344
75335
75346
75343
75346
75350
75347
75349
75352
75346
75350
75349
75352
75345
75349
75355
75353
75348
75349
75343
75341
75340
75344
75333
75334
75333
75343
75346
75346
75337
75350
75356
75348
75363
75340
75353
75345
75343
75337
75346
75348
75347
75348
75344
75335
75339
75344
75347
75348
75337
75347
75347
75343
75345
75343
75346
81191
81744
78341
78742
78822
78805
78823
78823
78819
78809
78794
78791
78793
78808
78794
78801
78800
78803
78785
78781
78810
78793
78809
78809
78799
78797
78790
78794
78804
78784
78802
78803
78798
78792
78797
78812
78789
78803
78797
78797
78792
78806
78814
78805
78818
78789
78804
78791
78806
78791
78789
78805
78785
78801
78781
78779
78773
78787
78778
78782
78779
78775
78789
78775
78780
78782
78774
78803
78792
78793
78780
78795
78794
78771
78791
78769
78772
78779
78775
78787
78793
78797
78787
78782
78787
78796
78799
78793
78796
78787
78787
78802
78807
78791
76528
73061
75380
75334
75322
75324
75328
75333
75329
75329
75327
75328
75336
75320
75337
75330
75336
75344
75333
75353
75334
75334
75347
75339
75348
75343
75335
75321
75333
75341
75325
75335
75333
75330
75327
75322
75319
75330
75327
75304
75313
75312
75319
75321
75325
75340
75331
75343
75347
75332
75343
75342
75335
75321
75333
75336
75337
75339
75339
75338
75330
75339
75333
75344
75333
75329
75332
75332
75325
75341
75328
75340
75319
75330
75320
75319
75319
75317
75330
75327
75325
75322
75314
75312
75324
75312
75313
75320
75315
75325
75314
75326
75330
75321
75315
75310
75322
75322
75319
75315
82763
80940
78096
78795
78775
78779
78772
78778
78776
78791
78779
78783
78783
78783
78787
78781
78777
78766
78782
78767
78782
78786
78778
78771
78770
78786
78781
78777
78781
78778
78783
78769
78783
78764
78770
78762
78760
78775
78771
78787
78769
78776
78788
78782
78782
78786
78788
78783
78769
78802
78772
78789
78783
78770
78786
78794
78777
78790
78774
78800
78784
78773
78779
78816
78774
78801
78789
78785
78783
78796
78783
78791
78786
78788
78776
78780
78801
78790
78786
78784
78771
78788
78791
78773
78804
78785
78786
78791
78786
78800
78791
78774
78782
78785
74372
74471
75350
75305
75316
75322
75314
75320
75309
75311
75323
75321
75329
75331
75327
75320
75323
75324
75321
75319
75325
75308
75314
75313
75319
75321
75309
75313
75328
75314
75322
75325
75322
75324
75318
75320
75300
75317
75317
75321
75318
75312
75314
75304
75324
75319
75321
75322
75310
75321
75313
75327
75325
75329
75321
75318
75308
75317
75332
75322
75320
75324
75322
75330
75316
75322
75320
75328
75319
75321
75322
75329
75317
75315
75313
75318
75317
75313
75306
75301
75309
75325
75315
75305
75329
75325
75322
75318
75323
75326
75322
75337
75326
75313
75326
75314
75294
75296
75317
75307
84396
80267
77980
78875
78775
78793
78765
78780
78790
78780
78779
78786
78772
78787
78780
78773
78783
78785
78773
78781
78772
78788
78793
78765
78768
78773
78785
78796
78768
78778
78774
78777
78774
78760
78788
78779
78780
78792
78787
78782
78783
78773
78780
78757
78775
78760
78769
78767
78765
78779
78767
78757
78777
78773
78767
78772
78761
78768
78782
78766
78779
78773
78764
78764
78778
78763
78774
78768
78762
78778
78770
78772
78769
78778
78785
78775
78776
78772
78771
78780
78769
78767
78760
78757
78757
78770
78776
78766
78790
78777
78771
78769
78774
78767
73009
75101
75331
75310
75304
75310
75319
75303
75318
75312
75308
75309
75302
75307
75312
75314
75302
75302
75308
75304
75300
75311
75316
75310
75310
75306
75292
75313
75288
75306
75325
75308
75299
75301
75314
75298
75304
75307
75310
75314
75318
75295
75296
75299
75311
75304
75309
75304
75316
75308
75301
75308
75296
75315
75310
75317
75313
75317
75316
75315
75303
75303
75300
75314
75309
75305
75305
75318
75300
75306
75306
75309
75305
75312
75302
75298
75299
75294
75304
75301
75305
75308
75316
75302
75303
75302
75292
75299
75296
75297
75309
75298
75306
75303
75309
75306
75303
75311
75313
77320
83649
79504
78184
78789
78791
78779
78748
78777
78764
78774
78757
78750
78773
78763
78753
78749
78766
78747
78769
78766
78771
78771
78760
78748
78749
78764
78770
78755
78758
78739
78749
78765
78750
78749
78755
78737
78739
78735
78750
78737
78743
78754
78746
78750
78741
78742
78755
78772
78738
78767
78754
78755
78751
78777
78753
78736
78756
78751
78761
78760
78745
78759
78747
78746
78761
78743
78753
78749
78757
78756
78763
78743
78766
78756
78757
78744
78750
78751
78749
78766
78744
78743
78756
78738
78733
78746
78744
78746
78758
78750
78735
78741
78740
78740
78744
78759
78752
78754
78756
78750
78750
78750
78749
78754
78735
78743
78728
78748
78741
78768
78749
78746
78768
78748
78740
78753
78742
78746
78756
78761
78758
78762
78763
78766
78762
78752
78767
78781
78768
78772
78776
78776
78766
78759
78762
78759
78752
78758
78760
78754
78758
78750
78729
78746
78735
78743
78741
78735
78753
78755
78750
78757
78769
78751
78747
78759
78768
78759
78756
78767
78755
78755
78758
78760
78751
78751
78751
78749
78766
78761
78762
78755
78770
78762
78765
78767
78767
78776
78770
78754
78777
78759
78763
78761
78771
78750
78765
78765
78767
78757
78759
78751
78754
78778
78743
78763
78752
78764
78760
78744
78754
78760
78761
78764
78763
78763
78752
78763
78762
78763
78745
78767
78758
78752
78757
78758
78762
78753
78764
78759
78764
78749
78755
78751
78749
78752
78759
78738
78742
78744
78753
78749
78751
78752
78745
78764
78748
78759
78760
78769
78745
78753
78755
78748
78749
78741
78744
78732
78750
78737
78741
78746
78744
78747
78744
78739
78755
78746
78746
78740
78730
78748
78752
78752
78765
78749
78749
78765
78751
78767
78748
78740
78748
78733
78746
78752
78746
78741
78759
78758
78752
78758
78771
78744
78754
78761
78757
78742
78760
78737
78753
78760
78752
78740
78763
78759
78754
78743
78738
78743
78753
78740
78761
78745
78754
78750
78747
78752
78766
78756
78750
78744
78755
78757
78752
78761
78746
78751
78759
78761
78750
78744
78756
78764
78748
78754
78757
78771
78743
78757
78759
78772
78753
78767
78753
78757
78739
78757
78753
78764
78761
78749
78766
