8566
8267
8617
8931
9148
9280
9357
9396
9418
9427
9427
9425
9429
9427
9422
9420
9417
9419
9416
9418
9417
9414
9416
9417
9417
9416
9415
9412
9417
9416
9417
9420
9419
9417
9414
9413
9416
9417
9416
9420
9419
9415
9415
9418
9414
9414
9415
9419
9419
9419
9418
9416
9418
9416
9414
9417
9417
9420
9417
9415
9416
9417
9413
9414
9416
9419
9417
9416
9421
9417
9415
9415
9420
9416
9417
9419
9417
9418
9420
9418
9414
9413
9417
9418
9417
9415
9417
9415
9416
9416
9416
9414
9415
9418
9415
9416
9415
9417
9417
9636
10824
10871
10718
10558
10450
10367
10295
10230
10168
10108
10051
9993
9936
9880
9825
9769
9713
9660
9698
9755
9800
9830
9854
9875
9882
9859
9856
9857
9853
9857
9841
9861
9856
9848
9854
9852
9848
9846
9852
9845
9854
9840
9853
9854
9840
9850
9860
9857
9848
9842
9855
9853
9841
9852
9857
9846
9847
9854
9846
9854
9852
9854
9849
9854
9848
9846
9861
9850
9843
9858
9858
9841
9848
9857
9849
9846
9851
9854
9842
9857
9851
9845
9850
9845
9844
9854
9855
9840
9855
9850
9848
9849
9853
9230
8234
8460
8808
9066
9231
9328
9380
9404
9418
9428
9429
9427
9422
9423
9420
9417
9415
9415
9416
9415
9414
9414
9413
9415
9417
9416
9417
9415
9417
9417
9415
9415
9414
9413
9411
9415
9420
9417
9413
9412
9415
9415
9417
9416
9414
9417
9416
9414
9414
9418
9415
9416
9418
9416
9414
9417
9415
9416
9415
9414
9413
9416
9416
9420
9414
9412
9415
9415
9417
9417
9417
9419
9415
9415
9416
9416
9418
9414
9416
9417
9418
9416
9417
9418
9415
9416
9415
9415
9418
9419
9420
9418
9419
9414
9412
9413
9411
9412
9417
10393
10899
10794
10615
10491
10399
10324
10255
10193
10134
10076
10018
9960
9903
9850
9793
9738
9681
9667
9733
9782
9818
9844
9864
9885
9863
9860
9861
9848
9846
9857
9854
9841
9854
9854
9841
9855
9838
9851
9855
9847
9857
9853
9842
9853
9854
9849
9850
9852
9850
9843
9853
9843
9857
9843
9857
9838
9858
9848
9855
9850
9842
9857
9847
9856
9839
9861
9851
9842
9848
9860
9845
9858
9841
9858
9854
9850
9854
9848
9844
9843
9859
9846
9851
9853
9849
9853
9854
9854
9842
9854
9841
9856
9769
8444
8303
8662
8961
9165
9288
9359
9397
9415
9421
9424
9427
9425
9424
9419
9422
9418
9415
9418
9413
9414
9412
9416
9420
9420
9417
9419
9414
9415
9418
9414
9416
9418
9419
9417
9415
9416
9417
9415
9414
9417
9417
9415
9416
9417
9415
9411
9413
9414
9414
9414
9413
9413
9416
9415
9413
9410
9414
9415
9415
9415
9417
9417
9413
9414
9414
9418
9415
9417
9415
9415
9413
9414
9413
9414
9413
9415
9417
9415
9413
9416
9414
9415
9409
9414
9417
9416
9420
9418
9417
9413
9417
9418
9416
9410
9418
9418
9414
9415
9750
10855
10858
10692
10538
10435
10353
10282
10218
10158
10098
10040
9982
9926
9870
9814
9759
9704
9655
9709
9764
9808
9836
9856
9876
9880
9848
9857
9859
9845
9858
9850
9855
9838
9852
9854
9844
9857
9854
9840
9854
9838
9853
9851
9846
9856
9853
9841
9855
9840
9851
9852
9846
9850
9851
9852
9852
9844
9855
9844
9847
9854
9844
9858
9841
9858
9848
9850
9850
9850
9844
9844
9854
9854
9852
9850
9855
9836
9850
9854
9844
9857
9858
9848
9851
9854
9861
9848
9843
9858
9851
9849
9842
9856
9118
8225
8483
8835
9086
9239
9331
9383
9409
9422
9424
9428
9428
9423
9423
9420
9416
9414
9417
9417
9418
9416
9417
9416
9420
9418
9414
9412
9416
9414
9419
9416
9415
9414
9412
9415
9419
9413
9410
9418
9415
9413
9416
9415
9416
9415
9416
9415
9415
9416
9415
9418
9414
9411
9416
9417
9420
9417
9415
9416
9418
9419
9419
9417
9418
9414
9415
9413
9415
9417
9415
9415
9416
9416
9420
9412
9418
9414
9415
9415
9413
9412
9417
9417
9417
9418
9413
9417
9413
9418
9417
9417
9418
9418
9420
9421
9418
9414
9414
9416
10512
10896
10775
10593
10475
10387
10310
10244
10183
10122
10065
10007
9950
9894
9839
9783
9726
9671
9701
9758
9794
9824
9848
9869
9883
9860
9852
9864
9856
9846
9862
9843
9858
9854
9855
9846
9857
9850
9856
9851
9846
9854
9842
9855
9854
9852
9850
9853
9860
9848
9853
9854
9851
9851
9852
9855
9846
9858
9858
9843
9854
9860
9846
9860
9843
9856
9843
9858
9853
9849
9852
9847
9847
9857
9855
9843
9858
9851
9888
9844
9860
9847
9847
9859
9844
9854
9862
9847
9860
9838
9859
9858
9850
9855
9839
9856
9850
9846
9860
9851
9843
9856
9856
9838
9851
9854
9853
9857
9849
9854
9851
9839
9856
9849
9852
9848
9846
9860
9850
9855
9849
9851
9851
9852
9850
9851
9855
9839
9855
9850
9848
9856
9857
9841
9855
9851
9848
9850
9856
9846
9859
9843
9861
9857
9855
9848
9850
9852
9847
9856
9840
9861
9839
9864
9847
9844
9859
9847
9900
9840
9856
9851
9851
9850
9850
9841
9855
9848
9853
9851
9845
9850
9843
9854
9849
9854
9843
9847
9859
9845
9858
9840
9852
9854
9848
9851
9845
9855
9840
9855
9854
9851
9853
9841
9855
9854
9849
9850
9852
9853
9837
9857
9855
9850
9837
9855
9845
9857
9840
9854
9841
9853
9845
9858
9851
9840
9852
9855
9841
9852
9852
9842
9859
9851
9850
9856
9850
9841
9854
9858
9846
9847
9858
9843
9847
9859
9854
9851
9856
9858
9843
9858
9852
9848
9851
9853
9839
9851
9856
9852
9848
9851
9850
9849
9838
9852
9855
9856
9840
9855
9854
9853
9849
9848
9859
9842
9849
9851
9855
9843
9845
9856
9850
9848
9849
9855
9853
9855
9845
9855
9845
9855
9853
9840
9858
9854
9837
9853
9852
9843
9853
9847
9857
9840
9859
9842
9857
9848
9849
9855
9850
9840
9852
9857
9841
9850
9857
9849
9849
9854
9850
9857
9856
9855
9851
9842
9853
9847
9858
9845
9854
9862
9843
9858
9854
9837
9856
9849
9852
9852
9852
9854
9837
9857
9858
9847
9854
9842
9853
9852
9853
9850
9844
9858
