16563
17290
18203
18536
18630
18644
18639
18624
18622
18631
18625
18624
18623
18626
18627
18622
18625
18620
18627
18625
18625
18617
18619
18631
18624
18619
18624
18622
18632
18625
18617
18622
18622
18631
18620
18619
18622
18629
18627
18621
18628
18618
18624
18623
18629
18626
18625
18624
18626
18627
18626
18630
18625
18621
18620
18625
18625
18616
18625
18625
18624
18625
18617
18619
18621
18621
18627
18624
18619
18624
18619
18625
18625
18626
18604
18617
18620
18617
18626
18619
18618
18622
18624
18630
18620
18625
18623
18629
18624
18625
18633
18628
18621
18626
18627
18632
18625
18620
18623
19767
21610
20988
20596
20316
20066
19831
19601
19371
19164
19305
19484
19576
19551
19538
19534
19526
19529
19526
19532
19520
19526
19531
19527
19532
19520
19532
19529
19529
19534
19530
19530
19522
19531
19524
19539
19517
19537
19528
19515
19536
19520
19535
19521
19535
19524
19527
19527
19523
19523
19529
19533
19524
19523
19530
19515
19539
19519
19526
19534
19523
19539
19520
19523
19524
19525
19538
19524
19529
19528
19526
19539
19531
19527
19525
19530
19544
19525
19536
19524
19531
19534
19526
19522
19525
19535
19523
19534
19527
19529
19538
19528
19535
19530
18554
16492
17745
18380
18594
18651
18636
18633
18630
18626
18625
18620
18627
18617
18622
18624
18632
18621
18624
18625
18626
18625
18624
18621
18627
18631
18626
18624
18626
18628
18623
18623
18625
18625
18628
18625
18622
18618
18624
18623
18625
18624
18628
18625
18623
18620
18624
18636
18632
18624
18623
18630
18627
18624
18628
18632
18632
18630
18629
18624
18622
18630
18624
18618
18621
18629
18633
18626
18623
18627
18632
18628
18623
18623
18628
18625
18620
18629
18627
18624
18629
18628
18630
18621
18623
18631
18622
18619
18622
18624
18622
18625
18625
18620
18627
18622
18623
18629
18624
18625
21005
21390
20828
20495
20232
19986
19755
19526
19296
19172
19381
19521
19580
19561
19533
19524
19529
19540
19548
19521
19537
19532
19529
19538
19520
19539
19530
19533
19533
19521
19541
19538
19526
19534
19531
19528
19539
19526
19535
19541
19536
19520
19530
19541
19533
19523
19538
19534
19529
19532
19541
19524
19537
19526
19548
19529
19523
19531
19543
19517
19536
19529
19523
19533
19536
19530
19526
19537
19535
19530
19531
19536
19526
19527
19534
19527
19527
19527
19539
19529
19521
19533
19533
19529
19519
19537
19521
19534
19533
19521
19535
19532
19521
19548
17108
17048
18086
18508
18617
18645
18640
18631
18627
18622
18616
18621
18619
18620
18625
18628
18617
18625
18622
18623
18623
18624
18625
18622
18625
18627
18623
18612
18616
18623
18630
18621
18621
18623
18625
18628
18625
18627
18622
18636
18623
18622
18618
18618
18621
18622
18625
18572
18604
18616
18623
18625
18621
18619
18619
18627
18621
18615
18621
18622
18622
18624
18624
18622
18623
18625
18617
18626
18623
18618
18629
18619
18619
18618
18627
18622
18624
18618
18618
18623
18628
18622
18623
18623
18622
18619
18623
18624
18627
18621
18621
18620
18616
18623
18622
18616
18621
18626
18624
19203
21667
21105
20666
20372
20121
19884
19652
19421
19194
19254
19452
19559
19568
19544
19529
19526
19530
19532
19523
19525
19534
19528
19531
19523
19533
19516
19541
19526
19535
19518
19540
19532
19528
19526
19527
19539
19528
19527
19532
19536
19527
19526
19527
19520
19537
19523
19536
19531
19529
19535
19533
19527
19532
19527
19544
19517
19535
19525
19514
19537
19524
19536
19540
19532
19529
19534
19530
19530
19528
19525
19526
19523
19524
19528
19522
19523
19528
19527
19525
19525
19526
19530
19518
19516
19536
19523
19532
19531
19535
19518
19524
19522
19526
19122
16378
17537
18295
18568
18630
18634
18639
18625
18626
18619
18616
18620
18623
18615
18624
18624
18618
18624
18621
18614
18618
18621
18619
18617
18616
18619
18622
18616
18618
18620
18622
18617
18621
18618
18625
18627
18612
18621
18621
18629
18620
18621
18612
18636
18622
18632
18619
18622
18623
18618
18622
18626
18615
18619
18624
18625
18615
18622
18619
18618
18618
18621
18617
18615
18622
18620
18617
18622
18625
18620
18626
18622
18623
18623
18625
18627
18625
18622
18619
18617
18622
18619
18623
18627
18620
18623
18626
18636
18629
18622
18616
18621
18627
18625
18622
18616
18617
18616
18623
20346
21516
20913
20548
20279
20034
19799
19567
19340
19156
19333
19493
19575
19559
19536
19523
19533
19525
19524
19533
19523
19528
19530
19526
19522
19531
19526
19522
19535
19529
19524
19532
19529
19520
19526
19523
19532
19528
19528
19515
19533
19526
19525
19525
19535
19528
19529
19532
19520
19534
19518
19528
19518
19534
19520
19534
19523
19528
19520
19522
19527
19524
19528
19511
19530
19527
19529
19531
19522
19522
19530
19519
19539
19521
19521
19538
19531
19516
19532
19529
19526
19528
19526
19530
19532
19522
19531
19521
19527
19519
19536
19522
19526
19531
19529
19517
19528
19528
19531
19515
19519
19529
19539
19524
19530
19514
19527
19531
19530
19526
19526
19523
19535
19531
19512
19525
19529
19517
19524
19513
19529
19533
19532
19519
19512
19524
19523
19521
19528
19521
19525
19517
19518
19532
19527
19519
19522
19514
19540
19521
19516
19521
19520
19528
19524
19526
19527
19524
19517
19529
19533
19517
19526
19522
19516
19529
19527
19528
19524
19522
19531
19517
19527
19522
19518
19519
19529
19522
19521
19520
19532
19519
19522
19528
19523
19528
19519
19521
19531
19530
19520
19515
19527
19525
19535
19525
19523
19533
19512
19530
19524
19516
19532
19524
19535
19512
19529
19543
19525
19517
19529
19531
19526
19527
19520
19526
19525
19526
19516
19526
19534
19521
19535
19518
19520
19520
19526
19531
19519
19528
19525
19510
19528
19512
19518
19525
19524
19517
19516
19526
19521
19520
19527
19522
19517
19521
19528
19524
19517
19515
19524
19520
19520
19511
19526
19511
19532
19518
19521
19517
19527
19522
19516
19526
19518
19523
19522
19516
19527
19515
19523
19530
19524
19519
19524
19520
19528
19512
19530
19530
19509
19528
19513
19537
19526
19526
19524
19524
19524
19521
19538
19515
19527
19531
19521
19517
19536
19524
19522
19532
19526
19529
19523
19531
19520
19532
19515
19524
19522
19529
19529
19527
19508
19531
19528
19522
19520
19535
19515
19523
19533
19524
19522
19524
19523
19525
19526
19530
19527
19515
19531
19523
19516
19530
19519
19521
19534
19508
19517
19535
19518
19526
19531
19519
19519
19532
19522
19512
19531
19511
19524
19519
19514
19522
