7845
7534
7919
8265
8509
8661
8749
8799
8829
8844
8832
8852
8852
8850
8849
8848
8844
8845
8840
8836
8839
8840
8840
8840
8838
8840
8838
8838
8838
8841
8841
8843
8843
8840
8838
8838
8841
8842
8843
8843
8840
8842
8839
8840
8839
8839
8843
8844
8841
8842
8842
8843
8837
8837
8839
8842
8837
8840
8840
8840
8836
8840
8838
8838
8836
8838
8840
8839
8841
8840
8839
8836
8840
8841
8841
8839
8837
8840
8838
8838
8837
8837
8839
8837
8839
8838
8839
8839
8842
8839
8839
8836
8835
8836
8837
8842
8839
8840
8843
8841
8835
10263
10698
10547
10353
10221
10125
10047
9975
9911
9849
9789
9731
9672
9614
9556
9500
9443
9387
9331
9274
9218
9205
9277
9334
9375
9409
9428
9447
9440
9429
9430
9404
9417
9420
9420
9411
9419
9409
9415
9423
9410
9422
9406
9420
9422
9408
9422
9414
9408
9421
9415
9416
9420
9407
9421
9406
9420
9413
9422
9405
9412
9425
9409
9421
9413
9414
9419
9405
9413
9424
9408
9421
9421
9409
9416
9418
9411
9411
9425
9411
9415
9418
9413
9418
9412
9418
9408
9421
9418
9405
9417
9420
9415
8769
7504
7716
8111
8408
8599
8713
8780
8819
8837
8849
8850
8850
8849
8849
8844
8842
8846
8842
8842
8840
8838
8837
8841
8843
8843
8842
8841
8840
8840
8843
8843
8838
8837
8838
8837
8842
8839
8841
8842
8842
8837
8839
8843
8841
8837
8833
8837
8839
8842
8839
8838
8840
8841
8841
8841
8840
8838
8838
8838
8837
8837
8840
8842
8837
8839
8839
8838
8840
8840
8840
8840
8842
8842
8838
8840
8840
8840
8841
8838
8840
8841
8842
8841
8843
8839
8839
8840
8841
8839
8839
8840
8838
8839
8840
8840
8841
8840
8841
8843
8843
9413
10686
10634
10439
10276
10166
10081
10007
9940
9876
9816
9757
9700
9641
9582
9526
9471
9412
9355
9300
9244
9197
9252
9316
9364
9400
9423
9443
9459
9431
9417
9430
9415
9419
9413
9418
9417
9413
9424
9420
9408
9421
9420
9417
9412
9413
9423
9422
9421
9409
9418
9421
9415
9423
9417
9410
9423
9420
9414
9420
9407
9414
9420
9422
9419
9423
9409
9422
9421
9413
9426
9422
9415
9422
9407
9426
9422
9410
9409
9426
9411
9417
9420
9415
9423
9424
9414
9407
9420
9416
9426
9410
9410
9395
7790
7543
7933
8275
8515
8668
8751
8804
8831
8846
8851
8852
8849
8847
8849
8842
8839
8842
8840
8845
8842
8839
8840
8844
8842
8841
8840
8840
8838
8841
8837
8841
8841
8840
8840
8842
8840
8841
8840
8842
8837
8839
8840
8840
8841
8840
8840
8842
8843
8839
8836
8838
8842
8841
8841
8842
8840
8843
8840
8841
8838
8838
8839
8839
8840
8842
8843
8840
8838
8839
8842
8840
8842
8840
8842
8837
8836
8837
8842
8841
8837
8841
8841
8842
8843
8841
8841
8842
8838
8842
8840
8841
8842
8841
8838
8840
8841
8841
8839
8841
8840
10331
10696
10533
10338
10211
10115
10036
9965
9903
9842
9782
9722
9664
9606
9548
9492
9436
9378
9323
9266
9210
9217
9294
9348
9390
9419
9437
9457
9443
9428
9424
9422
9424
9411
9412
9426
9411
9414
9418
9416
9419
9416
9420
9417
9416
9409
9418
9421
9420
9406
9414
9419
9419
9419
9417
9416
9413
9424
9408
9407
9423
9410
9415
9421
9411
9423
9392
9423
9422
9406
9415
9428
9410
9416
9417
9419
9408
9423
9416
9413
9408
9422
9424
9408
9423
9417
9414
9420
9407
9420
9419
9405
9416
8740
7484
7728
8114
8409
8596
8711
8777
8808
8838
8848
8853
8849
8850
8844
8843
8838
8839
8840
8843
8841
8838
8840
8839
8841
8837
8841
8836
8839
8839
8838
8840
8844
8842
8842
8839
8838
8840
8838
8840
8841
8845
8842
8843
8840
8841
8840
8839
8843
8843
8840
8846
8842
8842
8841
8840
8843
8841
8841
8844
8843
8843
8844
8839
8839
8839
8839
8842
8844
8841
8838
8840
8838
8841
8839
8843
8844
8843
8841
8844
8841
8840
8842
8841
8842
8842
8841
8840
8839
8840
8841
8840
8840
8842
8840
8842
8840
8842
8844
8840
8844
9407
10686
10639
10425
10266
10158
10072
10000
9933
9869
9807
9750
9691
9632
9575
9518
9461
9404
9348
9292
9235
9198
9261
9324
9374
9409
9428
9447
9454
9432
9432
9424
9414
9414
9422
9424
9420
9408
9421
9422
9416
9420
9416
9405
9423
9422
9408
9423
9417
9408
9411
9425
9411
9414
9422
9417
9415
9404
9421
9419
9405
9406
9422
9423
9410
9424
9411
9416
9428
9411
9416
9410
9415
9409
9422
9416
9412
9422
9423
9406
9420
9417
9416
9408
9410
9425
9411
9423
9405
9415
9418
9419
9417
9419
9416
9415
9419
9416
9424
9406
9419
9417
9419
9417
9416
9418
9420
9404
9423
9417
9400
9425
9414
9414
9424
9420
9417
9408
9408
9427
9410
9415
9422
9412
9417
9417
9407
9422
9416
9415
9421
9405
9423
9415
9418
9416
9418
9410
9417
9404
9421
9423
9414
9425
9409
9423
9423
9407
9420
9418
9413
9416
9421
9424
9410
9428
9413
9413
9417
9418
9421
9404
9419
9415
9418
9407
9422
9421
9417
9422
9409
9423
9410
9426
9409
9423
9406
9415
9425
9411
9425
9423
9415
9421
9403
9427
9410
9425
9410
9414
9424
9426
9410
9422
9416
9417
9404
9420
9407
9418
9420
9423
9415
9415
9419
9427
9418
9425
9408
9422
9423
9416
9403
9427
9411
9414
9425
9413
9416
9408
9424
9423
9418
9411
9423
9414
9427
9414
9423
9418
9422
9408
9419
9418
9410
9424
9422
9406
9423
9420
9421
9416
9402
9419
9420
9416
9428
9411
9423
9409
9421
9414
9425
9404
9423
9423
9409
9419
9416
9420
9406
9423
9421
9421
9403
9423
9418
9428
9407
9425
9418
9413
9420
9421
9411
9424
9408
9425
9407
9431
9410
9416
9419
9419
9415
9422
9420
9406
9410
9422
9416
9407
9411
9418
9416
9412
9422
9413
9410
9416
9418
9402
9422
9421
9415
9414
9412
9417
9419
9418
9402
9425
9405
9424
9421
9416
9410
9412
9413
9424
9408
9412
9408
9414
9421
9418
9416
9405
9421
9418
9404
9416
9416
9421
9404
9427
9411
9423
9406
9414
