67815
71711
71675
71660
71661
71665
71668
71672
71675
71671
71668
71675
71658
71672
71662
71643
71649
71667
71676
71668
71663
71667
71666
71664
71656
71663
71662
71653
71649
71666
71672
71673
71673
71675
71657
71679
71662
71670
71658
71665
71676
71665
71674
71671
71666
71675
71660
71671
71664
71671
71665
71665
71660
71652
71658
71660
71652
71663
71660
71665
71644
71658
71659
71657
71659
71655
71647
71648
71656
71650
71649
71652
71640
71659
71661
71658
71672
71650
71668
71659
71656
71657
71658
71666
71669
71663
71658
71655
71662
71665
71673
71660
71656
71677
71666
71662
71659
71662
71667
77712
78331
74888
75283
75367
75339
75363
75359
75350
75348
75336
75333
75336
75354
75349
75349
75348
75355
75345
75337
75363
75345
75344
75359
75355
75347
75336
75347
75358
75331
75352
75350
75341
75334
75343
75354
75328
75350
75348
75351
75336
75347
75353
75346
75356
75329
75345
75341
75355
75351
75343
75352
75347
75360
75348
75354
75342
75349
75340
75345
75353
75345
75355
75348
75345
75354
75336
75358
75346
75344
75346
75354
75355
75334
75348
75330
75330
75340
75334
75342
75345
75356
75345
75336
75345
75342
75342
75342
75340
75346
75346
75355
75356
75343
73034
69380
71700
71654
71655
71657
71652
71653
71661
71656
71657
71667
71673
71650
71658
71657
71669
71664
71654
71680
71657
71653
71666
71649
71654
71655
71644
71645
71664
71666
71653
71657
71669
71652
71658
71652
71643
71655
71658
71643
71656
71649
71661
71665
71660
71677
71665
71664
71668
71656
71667
71661
71669
71651
71656
71662
71661
71657
71651
71661
71650
71654
71641
71662
71649
71643
71657
71653
71644
71668
71658
71668
71649
71666
71655
71658
71657
71653
71664
71666
71663
71658
71660
71650
71655
71642
71651
71658
71650
71654
71643
71648
71654
71656
71654
71648
71657
71659
71649
71650
79359
77547
74669
75379
75353
75361
75353
75359
75348
75369
75364
75357
75357
75351
75355
75328
75344
75342
75355
75334
75350
75361
75355
75358
75345
75360
75347
75349
75359
75361
75353
75340
75349
75328
75340
75343
75342
75351
75342
75351
75330
75335
75356
75348
75350
75345
75353
75346
75343
75358
75330
75343
75344
75335
75343
75339
75332
75346
75333
75366
75341
75332
75343
75340
75335
75358
75342
75338
75343
75349
75340
75352
75352
75355
75344
75338
75352
75348
75340
75342
75339
75354
75365
75352
75365
75342
75341
75352
75340
75347
75348
75338
75349
75349
70852
70801
71689
71643
71646
71653
71644
71647
71652
71661
71670
71656
71664
71648
71659
71670
71664
71668
71657
71659
71663
71654
71659
71662
71666
71670
71660
71655
71677
71661
71666
71667
71667
71678
71669
71684
71648
71665
71661
71656
71659
71652
71660
71646
71654
71664
71673
71671
71654
71673
71654
71668
71669
71673
71665
71668
71645
71658
71670
71666
71659
71670
71661
71665
71664
71655
71649
71666
71652
71661
71662
71662
71664
71662
71665
71661
71656
71649
71648
71648
71661
71674
71664
71651
71662
71660
71659
71666
71671
71670
71661
71676
71670
71662
71676
71667
71651
71654
71672
71661
81004
76846
74544
75459
75353
75358
75334
75350
75349
75337
75327
75339
75328
75347
75335
75334
75349
75342
75328
75350
75344
75357
75363
75353
75346
75340
75347
75345
75318
75336
75337
75349
75351
75340
75363
75345
75354
75363
75363
75348
75353
75358
75356
75342
75368
75353
75360
75355
75355
75369
75353
75346
75370
75361
75360
75361
75354
75353
75365
75353
75365
75356
75346
75334
75353
75331
75345
75336
75346
75362
75350
75353
75338
75357
75357
75356
75366
75359
75362
75367
75354
75351
75344
75343
75347
75360
75365
75358
75378
75356
75343
75350
75357
75363
69468
71462
71685
71668
71673
71674
71683
71666
71672
71668
71662
71660
71653
71665
71670
71667
71665
71659
71657
71655
71653
71668
71670
71661
71663
71661
71652
71671
71653
71659
71671
71660
71661
71669
71679
71662
71667
71677
71681
71679
71685
71667
71663
71657
71666
71668
71675
71663
71669
71665
71659
71674
71657
71674
71665
71671
71667
71678
71683
71678
71663
71671
71663
71686
71671
71676
71674
71683
71671
71674
71668
71678
71666
71677
71662
71667
71669
71671
71680
71671
71670
71677
71685
71677
71679
71689
71680
71681
71675
71677
71677
71670
71677
71669
71685
71681
71673
71677
71679
73761
80310
76103
74775
75373
75375
75377
75353
75377
75353
75365
75357
75359
75363
75376
75358
75359
75362
75350
75363
75357
75360
75366
75351
75340
75346
75358
75364
75355
75366
75352
75358
75365
75359
75360
75354
75345
75342
75336
75345
75335
75338
75349
75341
75345
75339
75337
75344
75354
75318
75346
75350
75353
75339
75359
75343
75323
75340
75325
75339
75346
75337
75352
75340
75341
75358
75335
75345
75342
75346
75357
75356
75336
75367
75349
75349
75349
75360
75355
75351
75369
75343
75344
75354
75328
75339
75353
75346
75345
75353
75349
75351
75355
75351
75347
75350
75369
75350
75346
75360
75376
75361
75361
75364
75366
75343
75357
75348
75367
75350
75370
75356
75351
75378
75359
75353
75357
75343
75348
75347
75348
75342
75352
75356
75361
75358
75346
75357
75354
75346
75351
75354
75364
75353
75359
75359
75356
75358
75361
75351
75352
75362
75350
75342
75366
75352
75354
75354
75341
75356
75364
75361
75369
75374
75370
75355
75372
75370
75367
75371
75377
75368
75360
75369
75383
75366
75366
75370
75367
75370
75358
75359
75356
75374
75362
75362
75358
75369
75376
75365
75341
75364
75353
75358
75372
75371
75357
75363
75364
75367
75353
75363
75355
75355
75372
75347
75370
75350
75357
75357
75351
75359
75370
75367
75362
75352
75347
75344
75352
75355
75359
75340
75363
75347
75354
75363
75360
75361
75342
75351
75348
75361
75352
75353
75347
75342
75355
75359
75338
75347
75343
75353
75352
75356
75342
75345
75362
75338
75351
75351
75362
75330
75358
75353
75349
75356
75353
75352
75335
75337
75340
75344
75352
75350
75348
75345
75344
75359
75343
75355
75343
75340
75347
75351
75349
75364
75348
75340
75357
75336
75362
75344
75341
75343
75326
75353
75355
75355
75349
75359
75354
75342
75351
75353
75329
75344
75351
75345
75330
75348
75316
75334
75334
75340
75322
75343
75349
75344
75331
75328
75337
75347
75328
75346
75341
75349
75346
75340
75352
75361
75344
75347
75352
75352
75350
75348
75359
75357
75354
75353
75351
75337
75327
75331
75355
75328
75341
75344
75367
75332
75349
75350
75353
75345
75351
75340
75348
75317
75342
75349
75362
75355
75331
75351
