15912
16612
17500
17822
17912
17928
17921
17913
17905
17915
17907
17906
17905
17906
17910
17906
17907
17904
17909
17904
17908
17902
17903
17915
17906
17900
17904
17901
17910
17907
17902
17907
17910
17915
17905
17901
17905
17911
17912
17905
17912
17903
17911
17905
17913
17910
17910
17909
17912
17911
17906
17915
17910
17909
17907
17912
17911
17903
17914
17912
17910
17910
17907
17907
17910
17911
17916
17912
17905
17913
17905
17912
17913
17916
17912
17909
17911
17909
17916
17909
17907
17913
17914
17918
17911
17916
17913
17917
17912
17912
17919
17913
17911
17913
17915
17922
17913
17906
17910
19046
20866
20258
19877
19602
19362
19134
18907
18685
18484
18620
18794
18883
18862
18848
18845
18837
18837
18834
18841
18829
18835
18842
18836
18841
18829
18838
18840
18835
18839
18836
18839
18830
18839
18835
18850
18825
18845
18839
18825
18847
18829
18847
18831
18844
18830
18833
18834
18834
18834
18838
18843
18835
18833
18843
18823
18848
18828
18833
18841
18832
18846
18830
18830
18833
18833
18844
18830
18836
18835
18833
18846
18835
18833
18832
18833
18849
18829
18842
18830
18839
18839
18831
18831
18832
18843
18832
18840
18835
18834
18845
18834
18843
18839
17871
15846
17060
17674
17883
17936
17922
17923
17918
17917
17916
17909
17915
17908
17913
17913
17920
17909
17910
17911
17913
17910
17910
17908
17910
17916
17914
17911
17912
17912
17907
17906
17909
17911
17912
17906
17908
17904
17909
17909
17914
17913
17915
17915
17911
17906
17909
17917
17918
17911
17907
17915
17913
17913
17911
17916
17918
17912
17912
17908
17909
17913
17913
17904
17908
17913
17919
17910
17906
17909
17915
17915
17907
17911
17913
17909
17907
17911
17911
17911
17913
17914
17917
17909
17910
17916
17909
17907
17908
17910
17908
17910
17914
17910
17912
17910
17913
17917
17912
17913
20270
20649
20101
19775
19516
19280
19053
18831
18611
18489
18693
18832
18887
18869
18838
18832
18834
18845
18841
18828
18842
18837
18835
18844
18828
18843
18838
18839
18843
18827
18844
18843
18831
18836
18831
18816
18842
18830
18839
18843
18839
18825
18833
18843
18838
18828
18841
18837
18834
18838
18844
18834
18839
18830
18838
18834
18826
18835
18846
18822
18838
18832
18828
18840
18841
18836
18830
18842
18840
18836
18836
18843
18830
18832
18842
18834
18833
18831
18843
18835
18827
18844
18838
18838
18826
18847
18829
18840
18842
18827
18843
18838
18828
18848
16449
16384
17388
17793
17904
17932
17929
17919
17915
17908
17905
17909
17907
17906
17913
17914
17903
17909
17908
17911
17913
17913
17909
17912
17913
17913
17909
17900
17905
17911
17915
17908
17908
17909
17913
17913
17911
17912
17908
17909
17908
17910
17907
17907
17907
17911
17914
17912
17914
17909
17911
17912
17910
17909
17910
17917
17911
17906
17909
17911
17912
17914
17913
17911
17913
17914
17905
17917
17911
17909
17917
17911
17907
17904
17914
17911
17912
17906
17903
17909
17914
17909
17909
17907
17908
17904
17909
17909
17912
17907
17905
17907
17902
17905
17908
17904
17907
17910
17910
18483
20916
20368
19940
19655
19410
19177
18952
18731
18510
18568
18761
18867
18873
18852
18835
18833
18838
18841
18831
18835
18844
18835
18838
18830
18840
18824
18845
18830
18841
18825
18832
18842
18836
18832
18832
18842
18831
18816
18838
18838
18831
18828
18829
18822
18838
18824
18834
18829
18829
18836
18832
18827
18835
18831
18847
18822
18839
18830
18818
18840
18827
18839
18846
18835
18836
18841
18837
18837
18836
18833
18836
18832
18832
18841
18830
18834
18839
18837
18835
18837
18835
18838
18825
18825
18844
18834
18843
18841
18843
18827
18830
18827
18833
18434
15738
16859
17593
17858
17920
17923
17927
17913
17914
17908
17906
17910
17913
17905
17912
17914
17909
17915
17911
17905
17910
17912
17910
17910
17909
17913
17913
17912
17909
17911
17911
17908
17912
17911
17916
17917
17906
17909
17909
17917
17909
17912
17905
17910
17913
17916
17907
17911
17907
17910
17911
17913
17903
17907
17912
17914
17902
17910
17907
17905
17907
17908
17906
17905
17911
17911
17906
17910
17914
17910
17914
17911
17909
17911
17913
17914
17914
17912
17909
17908
17911
17908
17909
17913
17906
17911
17915
17914
17919
17911
17907
17911
17914
17916
17912
17908
17909
17909
17914
19619
20775
20188
19835
19571
19330
19103
18878
18656
18479
18650
18805
18887
18870
18850
18836
18844
18836
18833
18842
18832
18839
18841
18839
18834
18844
18842
18833
18842
18839
18833
18843
18838
18831
18840
18834
18844
18841
18839
18826
18843
18837
18836
18834
18841
18837
18838
18843
18831
18841
18828
18839
18831
18847
18830
18842
18829
18837
18834
18834
18840
18843
18838
18820
18837
18838
18840
18841
18832
18831
18841
18831
18850
18829
18829
18846
18840
18825
18840
18838
18834
18838
18834
18838
18838
18830
18841
18831
18837
18829
18844
18831
18832
18840
18836
18824
18836
18836
18838
18822
18827
18837
18847
18833
18839
18823
18837
18838
18836
18834
18834
18829
18839
18839
18824
18831
18838
18827
18833
18820
18837
18845
18846
18833
18831
18836
18835
18831
18838
18833
18834
18828
18829
18841
18837
18829
18831
18825
18845
18816
18827
18832
18834
18839
18833
18836
18838
18835
18827
18838
18844
18827
18835
18832
18827
18839
18838
18839
18834
18832
18840
18827
18837
18833
18830
18830
18841
18834
18832
18831
18844
18830
18833
18840
18832
18838
18829
18831
18837
18837
18830
18825
18834
18834
18847
18835
18832
18840
18823
18839
18834
18828
18841
18835
18843
18819
18836
18849
18832
18828
18839
18842
18836
18835
18834
18835
18835
18838
18823
18834
18844
18829
18846
18830
18830
18828
18835
18840
18830
18839
18834
18826
18843
18826
18832
18838
18841
18831
18829
18839
18836
18834
18838
18836
18829
18835
18839
18838
18832
18828
18840
18832
18835
18825
18838
18821
18841
18828
18835
18830
18839
18835
18828
18838
18830
18833
18835
18831
18841
18826
18833
18842
18836
18829
18836
18831
18844
18829
18843
18845
18822
18840
18826
18847
18837
18838
18835
18816
18834
18833
18851
18828
18837
18839
18833
18827
18845
18833
18829
18838
18834
18838
18831
18839
18830
18842
18825
18833
18831
18839
18836
18836
18820
18839
18837
18831
18829
18843
18823
18829
18840
18832
18829
18832
18830
18833
18835
18840
18835
18828
18841
18834
18826
18841
18833
18834
18847
18826
18833
18847
18828
18837
18842
18829
18830
18842
18833
18823
18843
18825
18836
18830
18827
18834
