34608
36453
36757
36734
36723
36714
36713
36718
36723
36721
36719
36722
36725
36717
36726
36716
36724
36723
36719
36706
36721
36714
36715
36715
36723
36710
36715
36719
36715
36714
36716
36718
36720
36721
36723
36718
36721
36723
36715
36724
36725
36723
36717
36719
36727
36716
36721
36716
36723
36724
36727
36723
36722
36716
36728
36718
36727
36716
36736
36722
36724
36717
36736
36727
36720
36721
36724
36720
36723
36720
36724
36718
36715
36715
36723
36712
36739
36714
36727
36713
36726
36712
36722
36712
36723
36728
36724
36720
36726
36722
36716
36718
36732
36720
36724
36724
36802
39818
38497
37505
37569
37673
37681
37662
37675
37676
37657
37685
37668
37667
37683
37669
37665
37668
37672
37670
37675
37673
37671
37668
37671
37676
37686
37666
37670
37681
37675
37676
37675
37675
37666
37669
37656
37671
37679
37657
37660
37674
37663
37665
37668
37668
37661
37656
37683
37667
37654
37675
37674
37666
37668
37674
37680
37669
37677
37668
37667
37661
37668
37667
37663
37676
37669
37676
37663
37664
37669
37669
37666
37670
37660
37657
37675
37672
37665
37664
37663
37660
37661
37660
37676
37664
37671
37666
37667
37655
37678
37668
37672
37658
37677
35255
36076
36744
36741
36725
36722
36715
36718
36708
36723
36719
36724
36712
36723
36725
36722
36717
36724
36723
36721
36714
36712
36720
36720
36715
36720
36713
36716
36718
36719
36712
36725
36720
36722
36719
36726
36716
36725
36724
36715
36716
36714
36715
36729
36722
36715
36722
36728
36727
36721
36726
36719
36720
36723
36717
36720
36717
36719
36718
36719
36712
36726
36716
36724
36710
36716
36709
36720
36711
36724
36711
36725
36719
36729
36710
36726
36716
36727
36722
36713
36711
36730
36713
36716
36711
36723
36715
36723
36722
36730
36721
36723
36726
36730
36715
36725
36716
39158
38895
37781
37427
37653
37660
37677
37663
37666
37667
37675
37659
37657
37673
37670
37666
37668
37668
37654
37668
37658
37682
37659
37669
37673
37675
37666
37665
37668
37673
37669
37659
37663
37672
37660
37678
37657
37673
37676
37661
37663
37656
37671
37662
37681
37656
37663
37668
37657
37652
37666
37650
37656
37660
37662
37650
37655
37654
37651
37664
37657
37670
37661
37657
37664
37652
37666
37654
37661
37652
37670
37654
37672
37657
37655
37658
37673
37651
37659
37661
37649
37669
37656
37655
37657
37657
37656
37662
37658
37667
37656
37662
37661
37655
36222
35397
36694
36747
36719
36717
36721
36715
36708
36724
36709
36715
36720
36708
36713
36720
36713
36714
36710
36713
36718
36709
36716
36705
36711
36705
36713
36708
36711
36706
36704
36711
36710
36714
36714
36709
36704
36702
36709
36721
36718
36721
36711
36718
36716
36713
36718
36715
36720
36719
36712
36717
36720
36711
36722
36698
36717
36708
36723
36708
36716
36714
36728
36719
36718
36721
36720
36711
36723
36716
36713
36717
36716
36712
36713
36712
36715
36710
36712
36726
36715
36727
36717
36715
36715
36714
36721
36704
36725
36711
36721
36713
36728
36704
36712
36718
36716
38169
39318
38020
37384
37654
37662
37659
37663
37665
37663
37657
37650
37653
37649
37668
37658
37663
37661
37654
37671
37672
37652
37673
37658
37667
37670
37666
37664
37662
37659
37667
37661
37657
37671
37665
37655
37670
37663
37669
37673
37663
37663
37664
37671
37668
37667
37658
37669
37661
37660
37652
37665
37663
37665
37667
37650
37665
37655
37670
37658
37658
37663
37652
37660
37673
37656
37674
37652
37670
37667
37654
37666
37675
37658
37661
37663
37674
37652
37663
37665
37654
37651
37671
37664
37650
37675
37659
37685
37671
37648
37660
37667
37677
37674
37383
34664
36559
36745
36714
36718
36714
36724
36720
36718
36715
36720
36716
36723
36714
36716
36720
36713
36724
36726
36717
36711
36718
36730
36719
36718
36718
36717
36722
36727
36712
36722
36724
36715
36709
36723
36719
36732
36711
36726
36716
36729
36713
36719
36721
36727
36714
36724
36723
36716
36718
36721
36722
36716
36724
36720
36712
36721
36712
36726
36709
36727
36717
36727
36720
36722
36715
36704
36721
36726
36715
36721
36704
36721
36710
36719
36711
36723
36711
36719
36714
36708
36719
36716
36709
36716
36717
36713
36714
36719
36710
36717
36721
36722
36718
36718
36711
37142
39739
38332
37450
37599
37665
37657
37654
37658
37677
37663
37669
37657
37659
37666
37647
37667
37666
37665
37665
37654
37672
37673
37655
37672
37661
37668
37668
37661
37666
37657
37660
37665
37670
37662
37667
37661
37675
37663
37663
37660
37660
37665
37661
37664
37658
37662
37669
37657
37671
37654
37658
37656
37668
37667
37653
37671
37665
37659
37659
37668
37670
37667
37656
37675
37666
37662
37670
37673
37678
37672
37662
37683
37672
37658
37670
37663
37657
37671
37668
37678
37657
37665
37653
37656
37673
37656
37663
37661
37667
37652
37657
37668
37674
37667
37672
37666
37662
37664
37663
37670
37666
37664
37655
37679
37660
37655
37666
37666
37664
37662
37650
37673
37667
37668
37663
37660
37681
37650
37669
37667
37644
37658
37675
37649
37667
37653
37655
37668
37660
37658
37680
37659
37672
37665
37660
37662
37657
37660
37659
37658
37660
37656
37664
37662
37660
37670
37661
37651
37668
37668
37662
37666
37672
37663
37659
37677
37654
37672
37669
37661
37664
37656
37664
37686
37668
37665
37673
37664
37657
37666
37665
37670
37663
37652
37671
37666
37661
37682
37659
37664
37666
37659
37675
37657
37673
37668
37671
37669
37669
37671
37661
37663
37668
37661
37664
37665
37667
37668
37654
37661
37666
37659
37669
37667
37675
37660
37669
37673
37647
37675
37667
37662
37659
37669
37668
37675
37665
37674
37672
37656
37680
37677
37664
37679
37659
37675
37654
37669
37669
37663
37664
37658
37671
37660
37664
37669
37659
37679
37656
37680
37667
37667
37670
37669
37660
37660
37661
37670
37653
37668
37673
37656
37669
37654
37681
37649
37679
37667
37664
37665
37666
37663
37666
37656
37683
37661
37683
37667
37673
37652
37681
37682
37659
37672
37675
37661
37669
37671
37669
37662
37671
37681
37653
37681
37688
37672
37668
37676
37683
37682
37679
37667
37669
37678
37659
37672
37661
37667
37680
37671
37678
37676
37654
37682
37664
37671
37670
37674
37677
37669
37670
37667
37647
37683
37665
37665
37677
37659
37677
37669
37662
37675
37669
37660
37690
37675
37662
37686
37673
37685
37669
37674
37669
37680
37676
37672
37675
37672
37690
37669
37665
37668
37683
37664
37677
37677
37662
37678
37648
37669
37677
37669
37675
