9386
9181
9225
9352
9482
9567
9622
9648
9657
9654
9653
9652
9651
9645
9643
9643
9645
9647
9642
9642
9640
9636
9641
9637
9640
9644
9641
9642
9639
9639
9642
9642
9643
9636
9641
9641
9643
9640
9640
9645
9643
9642
9641
9641
9636
9638
9637
9637
9642
9641
9644
9641
9641
9642
9641
9642
9643
9642
9640
9641
9645
9641
9638
9643
9642
9641
9642
9643
9644
9646
9644
9642
9639
9642
9643
9641
9643
9642
9640
9642
9640
9643
9641
9636
9639
9638
9640
9644
9641
9643
9643
9639
9641
9642
9644
9678
10063
10181
10165
10054
9952
9877
9809
9746
9717
9734
9749
9756
9768
9757
9759
9770
9763
9756
9761
9767
9761
9759
9757
9760
9758
9767
9755
9765
9764
9754
9762
9759
9761
9755
9761
9773
9757
9766
9762
9763
9769
9756
9757
9758
9766
9760
9763
9765
9758
9763
9768
9759
9767
9762
9759
9756
9768
9758
9772
9757
9766
9756
9759
9768
9755
9769
9754
9761
9767
9757
9764
9755
9761
9761
9762
9750
9757
9766
9761
9756
9764
9757
9757
9752
9765
9756
9758
9767
9754
9763
9770
9761
9754
9763
9381
9176
9227
9360
9482
9564
9620
9645
9659
9662
9652
9652
9650
9651
9644
9642
9641
9641
9644
9640
9642
9644
9641
9642
9641
9640
9642
9643
9642
9644
9638
9639
9642
9643
9646
9642
9642
9642
9642
9640
9641
9642
9641
9643
9643
9647
9643
9641
9639
9642
9643
9660
9646
9646
9643
9643
9645
9640
9643
9640
9640
9645
9648
9646
9643
9644
9645
9645
9641
9639
9641
9644
9642
9642
9644
9645
9643
9642
9643
9643
9642
9644
9646
9647
9642
9642
9643
9642
9642
9644
9642
9641
9642
9643
9641
9670
10054
10179
10163
10044
9946
9870
9801
9741
9736
9748
9762
9753
9763
9763
9763
9765
9762
9766
9760
9772
9761
9758
9769
9761
9760
9771
9752
9764
9758
9767
9756
9772
9757
9764
9762
9752
9761
9764
9765
9754
9758
9764
9753
9762
9769
9760
9753
9761
9765
9769
9754
9766
9761
9763
9757
9767
9759
9759
9756
9764
9760
9763
9752
9765
9764
9758
9759
9755
9768
9769
9755
9761
9755
9765
9757
9757
9767
9755
9762
9764
9749
9766
9757
9764
9766
9757
9762
9754
9766
9759
9759
9755
9763
9760
9411
9179
9216
9353
9477
9565
9619
9647
9660
9659
9654
9652
9649
9642
9647
9645
9639
9640
9643
9643
9643
9636
9637
9639
9640
9643
9641
9642
9644
9640
9636
9642
9644
9644
9641
9642
9643
9640
9646
9660
9643
9643
9642
9638
9642
9641
9645
9640
9641
9641
9643
9644
9644
9643
9640
9641
9641
9644
9641
9641
9644
9638
9640
9638
9640
9646
9644
9639
9643
9639
9637
9642
9641
9642
9642
9641
9642
9640
9636
9637
9638
9640
9641
9643
9643
9644
9641
9643
9642
9640
9644
9642
9638
9640
9641
9664
10051
10177
10165
10052
9953
9876
9812
9747
9725
9740
9753
9758
9762
9761
9752
9761
9768
9762
9756
9765
9761
9758
9757
9763
9756
9763
9753
9767
9764
9752
9763
9763
9759
9761
9764
9758
9754
9763
9758
9754
9764
9759
9767
9758
9759
9755
9765
9766
9757
9762
9759
9760
9755
9766
9760
9756
9768
9753
9765
9753
9757
9764
9760
9762
9759
9764
9760
9756
9763
9764
9762
9759
9760
9767
9756
9760
9755
9765
9759
9757
9753
9768
9756
9768
9762
9755
9757
9764
9770
9758
9753
9760
9757
9766
9434
9188
9215
9347
9474
9562
9618
9649
9657
9657
9657
9654
9647
9652
9647
9643
9643
9640
9639
9643
9640
9643
9643
9641
9637
9639
9638
9642
9643
9640
9642
9639
9640
9643
9642
9645
9640
9641
9644
9640
9638
9641
9638
9639
9643
9644
9640
9641
9638
9640
9639
9639
9638
9643
9646
9645
9642
9644
9638
9637
9644
9641
9645
9644
9643
9641
9640
9645
9645
9642
9644
9640
9643
9642
9639
9642
9643
9643
9642
9637
9641
9637
9639
9642
9640
9644
9643
9639
9644
9639
9639
9639
9640
9641
9639
9654
10040
10179
10169
10067
9962
9884
9815
9753
9715
9740
9750
9756
9759
9761
9757
9763
9764
9758
9752
9764
9769
9757
9761
9763
9751
9764
9763
9761
9762
9769
9758
9761
9767
9758
9752
9768
9760
9753
9760
9756
9765
9755
9758
9766
9772
9761
9752
9762
9767
9758
9755
9766
9760
9756
9762
9759
9766
9754
9767
9759
9759
9767
9763
9761
9752
9762
9768
9758
9766
9764
9755
9757
9763
9770
9759
9761
9756
9760
9765
9758
9765
9757
9767
9758
9760
9767
9750
9765
9767
9760
9765
9757
9764
9762
9757
9757
9761
9770
9761
9762
9752
9764
9760
9759
9765
9757
9761
9757
9762
9754
9762
9764
9752
9762
9759
9766
9758
9757
9766
9757
9762
9757
9764
9754
9760
9766
9768
9759
9754
9762
9758
9765
9754
9759
9765
9764
9754
9755
9760
9769
9759
9761
9754
9765
9765
9757
9754
9761
9769
9758
9753
9756
9765
9765
9757
9753
9762
9769
9760
9753
9761
9767
9761
9759
9766
9757
9760
9761
9758
9754
9764
9763
9755
9761
9769
9761
9755
9749
9770
9758
9770
9752
9761
9771
9762
9755
9758
9766
9762
9758
9765
9754
9765
9754
9761
9766
9765
9755
9759
9768
9753
9772
9758
9771
9759
9750
9758
9766
9760
9766
9756
9757
9761
9769
9759
9770
9752
9758
9764
9763
9763
9762
9755
9762
9767
9753
9771
9758
9758
9764
9766
9756
9758
9767
9749
9758
9762
9756
9767
9751
9769
9753
9760
9767
9757
9755
9768
9757
9764
9765
9763
9755
9761
9760
9760
9772
9761
9758
9755
9763
9759
9765
9753
9761
9762
9763
9761
9753
9759
9764
9750
9768
9757
9756
9769
9758
9764
9763
9754
9759
9764
9760
9753
9759
9766
9761
9753
9770
9769
9758
9750
9756
9763
9755
9762
9766
9760
9754
9761
9766
9758
9765
9758
9767
9761
9753
9770
9756
9762
9766
9755
9752
9760
9765
9761
9752
9767
9764
9759
9766
9750
9756
9771
9758
9764
9755
9765
9758
9764
9755
9765
9766
9757
9767
9765
9749
9768
9754
9764
9763
9761
9765
9763
9759
9757
9762
9758
9766
9751
9755
9763
9758
9762
9764
9767
9756
9764
9753
