73758
76268
76204
76208
76213
76197
76209
76200
76199
76206
76210
76203
76228
76212
76209
76216
76219
76215
76230
76223
76234
76221
76208
76212
76208
76205
76203
76210
76202
76215
76204
76197
76209
76197
76197
76199
76205
76207
76197
76205
76197
76225
76221
76215
76218
76206
76201
76196
76210
76214
76201
76195
76199
76197
76200
76200
76191
76208
76202
76202
76195
76201
76200
76204
76200
76198
76184
76201
76189
76208
76198
76206
76197
76193
76196
76210
76198
76190
76181
76191
76185
76192
76184
76195
76202
76194
76188
76197
76203
76188
76198
76196
76198
76196
76191
76206
76625
80867
77778
78077
78071
78068
78062
78062
78063
78060
78074
78047
78060
78045
78053
78058
78053
78049
78074
78068
78064
78067
78062
78068
78060
78062
78059
78071
78063
78070
78053
78071
78062
78060
78066
78056
78063
78047
78061
78064
78075
78058
78057
78059
78047
78060
78053
78060
78045
78056
78051
78064
78052
78063
78035
78058
78054
78052
78057
78071
78064
78057
78056
78060
78047
78056
78039
78049
78054
78056
78054
78063
78046
78055
78059
78056
78046
78075
78047
78071
78061
78056
78055
78056
78056
78069
78050
78056
78046
78059
78051
78054
78052
78061
78056
74331
76189
76194
76190
76190
76192
76178
76184
76187
76188
76194
76196
76190
76203
76203
76192
76209
76195
76194
76195
76198
76195
76201
76197
76200
76199
76202
76203
76190
76206
76200
76203
76204
76198
76181
76188
76181
76182
76181
76176
76187
76187
76192
76187
76183
76185
76171
76182
76183
76179
76190
76183
76186
76189
76194
76204
76202
76189
76187
76182
76189
76188
76175
76193
76196
76179
76193
76188
76195
76191
76189
76210
76188
76184
76186
76189
76179
76201
76178
76191
76187
76194
76193
76204
76191
76185
76188
76193
76187
76188
76191
76193
76190
76190
76191
76186
76199
80485
78082
78037
78050
78042
78052
78069
78056
78053
78062
78060
78334
78068
78052
78068
78067
78070
78053
78063
78052
78048
78066
78060
78052
78047
78047
78051
78056
78035
78060
78047
78066
78055
78058
78039
78065
78050
78046
78059
78051
78058
78040
78053
78045
78033
78044
78046
78038
78059
78064
78046
78047
78045
78021
78031
78036
78060
78056
78041
78045
78046
78065
78051
78049
78067
78053
78053
78042
78043
78062
78039
78061
78062
78048
78058
78069
78047
78070
78047
78060
78069
78058
78043
78064
78051
78049
78056
78062
78045
78068
78055
78064
78059
78083
75320
75737
76219
76196
76183
76198
76200
76200
76192
76197
76204
76185
76199
76197
76195
76197
76193
76192
76199
76200
76190
76206
76204
76207
76201
76210
76211
76213
76194
76205
76202
76197
76218
76214
76203
76204
76212
76205
76193
76204
76207
76217
76203
76189
76205
76203
76196
76201
76198
76189
76205
76194
76197
76197
76200
76190
76211
76182
76193
76197
76183
76184
76198
76195
76191
76195
76199
76193
76193
76193
76201
76190
76196
76193
76197
76187
76195
76193
76193
76182
76192
76195
76203
76202
76195
76193
76177
76192
76191
76190
76184
76192
76186
76190
76185
76177
76190
79260
78853
77932
78064
78072
78052
78072
78064
78071
78057
78060
78057
78072
78072
78046
78063
78053
78065
78072
78060
78068
78060
78069
78048
78067
78055
78048
78052
78062
78067
78058
78053
78071
78057
78058
78069
78058
78075
78068
78048
78056
78061
78058
78059
78057
78067
78065
78041
78058
78051
78063
78068
78070
78048
78043
78048
78040
78061
78047
78058
78043
78059
78040
78044
78063
78043
78062
78055
78050
78061
78058
78039
78054
78048
78039
78060
78040
78046
78048
78052
78045
78034
78045
78048
78047
78059
78058
78070
78069
78050
78070
78061
78039
78064
77369
74202
76238
76187
76197
76207
76191
76184
76192
76187
76193
76199
76193
76199
76185
76197
76188
76196
76188
76191
76193
76181
76189
76201
76205
76203
76210
76193
76190
76178
76183
76187
76194
76195
76195
76191
76204
76188
76192
76200
76196
76194
76195
76200
76189
76193
76183
76194
76203
76194
76195
76199
76199
76188
76181
76195
76187
76187
76187
76185
76186
76183
76184
76188
76185
76197
76191
76173
76192
76189
76184
76187
76190
76181
76191
76183
76191
76187
76186
76195
76191
76185
76176
76190
76204
76186
76186
76194
76184
76187
76188
76180
76167
76187
76183
76186
76185
77378
80336
77752
78037
78053
78061
78054
78046
78058
78057
78058
78050
78050
78049
78061
78042
78048
78044
78054
78055
78051
78065
78063
78057
78064
78062
78067
78057
78063
78057
78053
78046
78053
78055
78057
78043
78065
78041
78062
78058
78050
78060
78048
78055
78066
78071
78066
78058
78070
78062
78076
78082
78058
78058
78074
78052
78067
78087
78067
78054
78065
78064
78077
78045
78068
78056
78069
78042
78063
78050
78053
78053
78070
78044
78057
78048
78059
78052
78060
78059
78066
78056
78062
78047
78067
78050
78036
78056
78053
78043
78056
78023
78049
78052
78053
78047
78045
78032
78036
78045
78042
78055
78050
78049
78043
78063
78049
78055
78041
78057
78041
78049
78061
78035
78061
78032
78057
78043
78044
78046
78052
78051
78046
78049
78049
78038
78071
78060
78062
78057
78067
78044
78068
78044
78066
78050
78052
78075
78048
78079
78061
78057
78069
78071
78071
78056
78060
78058
78065
78068
78065
78069
78061
78047
78044
78063
78065
78071
78059
78068
78049
78045
78040
78052
78057
78048
78061
78062
78044
78048
78060
78060
78052
78048
78054
78065
78051
78050
78052
78036
78044
78047
78062
78047
78045
78060
78048
78065
78068
78056
78043
78060
78050
78071
78059
78057
78067
78063
78059
78043
78054
78064
78050
78063
78058
78058
78038
78061
78040
78054
78063
78076
78052
78050
78055
78036
78053
78047
78045
78047
78034
78047
78056
78051
78050
78061
78059
78038
78055
78052
78054
78041
78069
78048
78058
78060
78052
78056
78048
78060
78064
78051
78067
78043
78058
78067
78053
78055
78058
78066
78070
78056
78065
78065
78070
78057
78059
78061
78048
78062
78066
78077
78063
78048
78064
78057
78061
78068
78062
78077
78054
78062
78064
78059
78063
78061
78060
78065
78065
78075
78062
78059
78064
78062
78057
78039
78058
78054
78047
78049
78044
78049
78048
78062
78063
78041
78049
78047
78064
78053
78054
78050
78062
78060
78056
78061
78055
78051
78051
78045
78052
78054
78049
78055
78058
78054
78073
78047
78045
78066
78054
78072
78057
78067
78044
78063
78066
78047
78045
78067
78058
78064
78045
78058
78048
78059
78051
78044
78065
78053
78031
78049
78055
78045
78057
78043
78039
78041
78066
78054
78059
78052
78047
78054
