74672
77089
77031
77028
77034
77028
77036
77026
77022
77023
77027
77017
77040
77027
77019
77035
77031
77033
77047
77044
77048
77038
77022
77033
77024
77029
77025
77027
77018
77026
77017
77010
77025
77017
77023
77023
77025
77029
77019
77020
77019
77034
77035
77040
77038
77016
77020
77019
77030
77035
77027
77019
77016
77021
77030
77030
77018
77035
77019
77028
77019
77018
77023
77028
77024
77032
77021
77029
77025
77033
77037
77043
77033
77029
77036
77047
77032
77027
77020
77027
77024
77024
76996
77020
77036
77030
77028
77023
77041
77024
77025
77020
77028
77026
77022
77031
77432
81500
78535
78826
78809
78803
78803
78800
78801
78796
78810
78790
78818
78798
78803
78797
78813
78805
78830
78820
78808
78810
78797
78806
78791
78797
78791
78804
78793
78796
78783
78797
78791
78786
78790
78785
78787
78774
78782
78784
78795
78779
78787
78783
78778
78783
78785
78786
78769
78792
78782
78790
78778
78795
78767
78793
78784
78784
78789
78799
78791
78786
78786
78790
78775
78788
78778
78780
78785
78784
78784
78792
78776
78775
78790
78764
78774
78797
78770
78792
78775
78773
78778
78791
78780
78792
78773
78795
78787
78803
78792
78790
78787
78793
78789
75208
77014
77017
77006
77012
77012
77002
77015
77019
77020
77029
77021
77016
77028
77017
77007
77023
77011
77020
77021
77027
77011
77022
77021
77026
77021
77008
77008
77014
77026
77016
77015
77022
77022
77009
77015
77016
77017
77020
77012
77016
77009
77024
77020
77013
77016
77007
77013
77010
77017
77018
77008
77010
77011
77002
77018
77017
77007
77017
77007
77015
77005
76996
77003
77011
76995
77008
76999
77013
77016
77003
77024
77011
77012
77010
77014
77008
77027
76994
77009
77007
77019
77014
77016
77016
77005
77014
77014
77014
77006
77003
77010
77009
77004
77012
77008
77018
81113
78820
78781
78796
78790
78797
78808
78785
78795
78799
78794
78816
78809
78799
78798
78803
78806
78785
78802
78794
78790
78807
78808
78800
78791
78788
78788
78801
78784
78800
78784
78799
78791
78792
78773
78797
78792
78780
78804
78794
78807
78795
78802
78795
78783
78797
78796
78788
78805
78804
78785
78789
78795
78776
78776
78784
78802
78792
78783
78783
78783
78795
78784
78782
78803
78790
78784
78787
78782
78799
78779
78807
78791
78779
78789
78799
78780
78801
78787
78796
78797
78790
78773
78795
78792
78788
78787
78794
78783
78799
78786
78798
78786
78806
76161
76569
77024
77006
76999
77005
77011
77013
77015
77020
77014
77006
77013
77011
77009
77009
77006
77008
77019
77017
77004
77014
77009
77024
77017
77008
77009
77018
77010
77016
77014
77014
77018
77010
77009
77014
77026
77015
77008
77007
77010
77024
77006
76999
77011
77013
77004
77002
77003
76996
77012
77006
77011
77006
77005
77002
77016
76987
76993
77001
76988
76998
77007
77000
77007
77004
77003
76999
76997
76999
76998
76990
76996
76990
77000
76982
76995
76994
77007
76989
76987
76987
76998
76991
76988
76988
76974
76988
76988
76993
76987
76992
76989
76994
76993
76983
76991
79927
79543
78659
78783
78792
78773
78784
78778
78790
78779
78777
78775
78784
78787
78759
78787
78777
78777
78782
78777
78778
78781
78787
78777
78796
78789
78779
78785
78783
78783
78771
78775
78780
78767
78780
78785
78771
78789
78787
78770
78772
78788
78781
78786
78781
78787
78791
78770
78785
78779
78785
78790
78794
78772
78774
78769
78766
78788
78776
78783
78770
78784
78763
78762
78790
78764
78816
78775
78771
78776
78780
78765
78775
78771
78759
78778
78766
78769
78766
78774
78772
78763
78776
78783
78782
78783
78783
78786
78783
78754
78771
78771
78755
78782
78114
75062
77028
76985
76984
76994
76979
76973
76973
76972
76980
76989
76983
76993
76979
76995
76980
76984
76979
77000
76994
76979
76989
76994
76999
76989
76989
76986
76991
76984
76990
76987
76988
76999
76998
76987
76989
76975
76985
76994
76997
76991
76992
77002
76991
76995
76988
76989
76997
76990
76988
76999
76990
76984
76988
76997
76989
76983
76972
76994
76995
76994
76996
76997
76986
76995
76987
76974
76997
76995
76986
76991
76999
76990
76992
76995
77004
77002
76997
76997
76998
76994
77000
77002
77013
77000
77000
77012
76996
76994
76987
76992
76986
77005
76989
76990
76998
78138
80962
78492
78771
78777
78788
78772
78765
78776
78779
78785
78779
78773
78767
78782
78760
78780
78766
78786
78785
78780
78789
78786
78774
78776
78768
78775
78778
78778
78782
78776
78775
78786
78782
78784
78779
78788
78767
78777
78780
78775
78786
78773
78780
78792
78795
78788
78785
78790
78779
78776
78798
78773
78781
78799
78770
78779
78801
78785
78773
78779
78777
78791
78764
78783
78771
78785
78767
78782
78766
78769
78772
78781
78764
78777
78778
78778
78768
78787
78782
78783
78782
78787
78767
78780
78764
78757
78785
78785
78779
78798
78768
78785
78776
78774
78764
78776
78773
78762
78770
78773
78770
78780
78771
78762
78784
78767
78776
78771
78775
78774
78774
78796
78776
78799
78766
78785
78771
78779
78779
78784
78786
78776
78770
78769
78758
78786
78769
78770
78769
78783
78783
78796
78783
78802
78787
78770
78793
78779
78804
78790
78782
78793
78801
78796
78783
78788
78788
78795
78794
78798
78795
78796
78780
78776
78786
78792
78802
78787
78797
78780
78781
78776
78788
78796
78785
78802
78801
78777
78764
78782
78816
78779
78783
78784
78788
78776
78780
78791
78782
78789
78790
78796
78782
78775
78780
78778
78787
78794
78779
78777
78781
78769
78790
78779
78774
78788
78791
78783
78767
78782
78794
78775
78791
78789
78786
78770
78799
78787
78791
78792
78791
78774
78771
78773
78768
78778
78771
78759
78768
78761
78765
78771
78778
78767
78776
78781
78763
78780
78785
78781
78766
78798
78778
78781
78781
78770
78776
78771
78786
78784
78778
78790
78760
78783
78791
78773
78779
78777
78782
78789
78783
78789
78777
78788
78778
78778
78787
78771
78783
78792
78785
78781
78776
78789
78787
78789
78787
78781
78796
78781
78789
78801
78793
78806
78795
78786
78787
78781
78789
78775
78784
78784
78780
78773
78762
78783
78782
78770
78780
78779
78778
78767
78775
78789
78767
78780
78782
78799
78787
78780
78783
78786
78781
78783
78788
78783
78777
78765
78764
78784
78783
78772
78784
78778
78775
78795
78775
78776
78790
78774
78785
78776
78789
78774
78791
78798
78783
78788
78804
78790
78798
78782
78790
78777
78787
78772
78772
78799
78791
78774
78786
78798
78783
78798
78781
78776
78780
78794
78778
78785
78781
78772
78784
