9225
9019
9065
9194
9320
9404
9460
9486
9494
9492
9492
9490
9488
9484
9481
9477
9482
9482
9480
9481
9477
9474
9478
9476
9476
9480
9480
9481
9478
9478
9481
9482
9482
9477
9478
9479
9482
9479
9477
9483
9481
9480
9481
9480
9481
9477
9476
9474
9479
9479
9477
9478
9479
9479
9477
9479
9479
9477
9477
9477
9481
9478
9478
9479
9480
9478
9479
9480
9481
9482
9480
9480
9476
9479
9480
9477
9478
9479
9478
9479
9478
9481
9479
9478
9477
9477
9480
9481
9478
9480
9479
9477
9479
9479
9481
9516
9902
10020
10005
9892
9793
9716
9648
9587
9559
9575
9589
9595
9609
9598
9599
9610
9601
9594
9600
9607
9602
9597
9596
9603
9596
9604
9594
9601
9603
9594
9600
9597
9598
9591
9598
9609
9592
9603
9599
9601
9607
9595
9595
9594
9604
9597
9601
9603
9595
9601
9605
9596
9604
9603
9597
9595
9607
9597
9599
9596
9604
9595
9598
9607
9595
9607
9592
9600
9606
9595
9603
9595
9602
9602
9603
9590
9599
9607
9602
9597
9603
9596
9598
9596
9606
9595
9597
9607
9594
9601
9609
9599
9593
9602
9219
9016
9064
9199
9320
9401
9455
9482
9495
9497
9488
9490
9486
9487
9482
9480
9478
9477
9481
9477
9481
9481
9480
9479
9480
9479
9484
9480
9479
9477
9476
9476
9480
9482
9483
9480
9479
9478
9479
9478
9479
9479
9475
9478
9477
9481
9479
9473
9476
9479
9481
9483
9483
9482
9480
9478
9483
9481
9480
9476
9476
9480
9481
9481
9478
9480
9481
9480
9477
9477
9479
9482
9480
9478
9481
9481
9481
9479
9480
9480
9480
9481
9483
9484
9480
9478
9479
9479
9485
9482
9479
9479
9480
9481
9479
9508
9894
10017
10002
9884
9785
9708
9642
9579
9576
9586
9599
9591
9600
9600
9600
9602
9601
9605
9685
9597
9600
9596
9606
9598
9598
9612
9592
9601
9596
9605
9594
9597
9593
9603
9600
9594
9599
9603
9603
9592
9597
9604
9594
9601
9606
9599
9592
9600
9604
9606
9591
9604
9600
9601
9597
9606
9598
9597
9595
9603
9600
9600
9589
9601
9604
9597
9597
9594
9607
9608
9595
9603
9593
9603
9593
9597
9607
9593
9602
9604
9587
9605
9596
9604
9606
9595
9601
9594
9604
9597
9597
9592
9601
9598
9250
9018
9058
9190
9313
9402
9456
9483
9495
9496
9491
9491
9485
9481
9483
9481
9478
9478
9480
9479
9482
9475
9476
9476
9478
9479
9478
9480
9482
9477
9476
9479
9480
9483
9479
9479
9479
9480
9483
9485
9480
9482
9480
9479
9482
9481
9483
9479
9479
9480
9480
9482
9483
9481
9480
9479
9478
9479
9482
9479
9479
9477
9478
9476
9481
9487
9480
9482
9482
9480
9478
9482
9481
9483
9482
9481
9482
9481
9476
9476
9476
9481
9482
9486
9483
9482
9480
9482
9483
9479
9480
9483
9477
9480
9481
9503
9892
10018
10005
9895
9792
9716
9648
9587
9565
9580
9593
9599
9600
9600
9595
9601
9613
9602
9597
9606
9603
9596
9596
9602
9595
9603
9594
9606
9599
9594
9603
9602
9598
9602
9604
9597
9594
9603
9598
9593
9603
9599
9607
9599
9600
9597
9604
9605
9597
9601
9598
9600
9594
9606
9599
9596
9608
9593
9607
9592
9597
9605
9602
9602
9599
9603
9598
9596
9602
9599
9601
9598
9599
9605
9596
9599
9594
9603
9600
9596
9592
9607
9596
9606
9603
9593
9597
9603
9608
9598
9593
9599
9595
9604
9274
9023
9052
9186
9312
9400
9455
9486
9493
9492
9492
9490
9481
9485
9483
9480
9481
9479
9478
9480
9477
9481
9480
9480
9474
9476
9476
9481
9480
9480
9482
9477
9479
9481
9480
9484
9480
9478
9480
9477
9477
9479
9478
9479
9482
9483
9483
9481
9478
9477
9477
9479
9477
9481
9484
9484
9481
9478
9475
9475
9479
9479
9482
9481
9481
9484
9477
9483
9481
9479
9481
9481
9481
9480
9478
9478
9481
9481
9481
9478
9478
9475
9477
9480
9480
9481
9481
9477
9477
9478
9479
9476
9477
9477
9476
9493
9878
10017
10009
9907
9802
9723
9654
9594
9555
9576
9590
9594
9597
9598
9596
9602
9603
9597
9594
9603
9608
9597
9600
9601
9591
9603
9600
9599
9600
9608
9597
9600
9606
9596
9590
9612
9600
9592
9598
9596
9605
9595
9595
9604
9610
9601
9593
9599
9606
9598
9595
9604
9599
9597
9601
9600
9606
9596
9606
9596
9599
9607
9602
9602
9594
9600
9607
9597
9604
9600
9597
9594
9602
9608
9599
9600
9593
9604
9606
9598
9604
9597
9607
9597
9557
9606
9589
9605
9607
9600
9604
9595
9604
9600
9596
9596
9600
9608
9599
9601
9594
9603
9599
9598
9606
9598
9600
9595
9600
9593
9602
9601
9594
9600
9596
9605
9596
9596
9605
9596
9599
9596
9604
9595
9599
9605
9609
9598
9595
9601
9598
9604
9595
9599
9607
9600
9595
9594
9603
9609
9601
9601
9595
9605
9607
9597
9592
9601
9611
9557
9594
9598
9607
9606
9598
9594
9602
9608
9599
9593
9599
9607
9601
9602
9607
9598
9603
9602
9598
9593
9603
9603
9596
9602
9610
9600
9594
9588
9610
9597
9608
9594
9602
9609
9603
9595
9598
9607
9604
9599
9605
9594
9604
9594
9600
9606
9606
9594
9599
9608
9590
9609
9598
9607
9597
9590
9596
9605
9664
9605
9596
9594
9601
9608
9598
9607
9590
9597
9604
9602
9601
9600
9592
9598
9605
9591
9611
9596
9596
9602
9603
9594
9596
9605
9588
9596
9601
9595
9606
9590
9609
9594
9600
9605
9596
9594
9613
9595
9602
9604
9601
9594
9602
9602
9601
9607
9602
9600
9595
9603
9664
9604
9593
9601
9603
9601
9597
9593
9598
9607
9591
9612
9593
9598
9611
9599
9604
9604
9594
9598
9603
9600
9591
9598
9605
9598
9592
9608
9607
9596
9588
9594
9602
9593
9601
9605
9605
9595
9599
9606
9597
9604
9596
9601
9599
9593
9610
9595
9602
9606
9596
9596
9603
9605
9602
9594
9608
9602
9597
9605
9590
9595
9611
9596
9601
9593
9605
9596
9602
9593
9603
9604
9594
9606
9605
9589
9608
9592
9604
9602
9598
9604
9600
9596
9595
9602
9597
9606
9589
9596
9603
9596
9601
9604
9606
9594
9604
9592
