8103
7806
8155
8469
8685
8815
8894
8933
8955
8965
8965
8964
8968
8966
8961
8957
8955
8958
8955
8955
8955
8952
8953
8955
8956
8953
8952
8951
8955
8954
8955
8956
8959
8957
8954
8953
8954
8955
8956
8956
8957
8953
8953
8955
8952
8952
8954
8956
8956
8957
8956
8954
8956
8955
8955
8957
8956
8958
8956
8954
8956
8956
8952
8955
8955
8957
8953
8954
8956
8956
8953
8956
8955
8956
8956
8958
8955
8956
8958
8958
8953
8953
8956
8956
8956
8954
8955
8953
8955
8954
8955
8954
8954
8958
8956
8954
8954
8956
8958
9185
10409
10460
10304
10137
10027
9941
9869
9802
9740
9677
9622
9563
9506
9448
9392
9336
9278
9224
9248
9320
9367
9397
9422
9444
9448
9426
9426
9424
9420
9425
9400
9427
9408
9414
9421
9420
9417
9415
9421
9413
9423
9409
9423
9422
9407
9419
9427
9425
9417
9411
9423
9420
9408
9419
9426
9414
9415
9422
9415
9422
9419
9422
9417
9421
9417
9414
9430
9418
9413
9426
9427
9410
9417
9424
9418
9416
9422
9423
9411
9427
9421
9415
9420
9414
9414
9423
9425
9409
9423
9418
9415
9418
9423
8782
7775
7998
8346
8603
8768
8868
8919
8944
8959
8968
8965
8968
8962
8964
9200
8956
8955
8955
8954
8955
8953
8954
8950
8952
8954
8955
8956
8955
8955
8957
8955
8955
8953
8954
8952
8955
8954
8957
8955
8953
8955
8955
8958
8956
8955
8957
8955
8955
8953
8958
8955
8955
8957
8955
8953
8956
8955
8956
8953
8952
8953
8956
8957
8954
8954
8953
8956
8955
8956
8956
8956
8958
8954
8955
8954
8957
8957
8955
8956
8955
8957
8956
8957
8957
8956
8956
8956
8955
8959
8958
8960
8958
8958
8955
8952
8954
8950
8952
8955
9969
10491
10383
10200
10074
9979
9900
9830
9768
9707
9646
9587
9529
9472
9416
9358
9302
9247
9231
9299
9348
9384
9412
9434
9453
9432
9428
9430
9417
9414
9425
9423
9411
9425
9424
9412
9428
9408
9422
9426
9416
9428
9408
9410
9422
9423
9419
9419
9422
9418
9412
9423
9412
9426
9409
9425
9406
9427
9416
9424
9421
9411
9425
9415
9425
9409
9429
9420
9411
9415
9429
9414
9428
9409
9426
9423
9419
9422
9417
9413
9413
9428
9415
9420
9423
9418
9421
9408
9421
9410
9423
9409
9425
9333
7985
7843
8200
8499
8704
8828
8897
8936
8953
8962
8964
8967
8964
8963
8958
8962
8958
8954
8957
8951
8954
8951
8955
8960
8959
8955
8958
8952
8953
8959
8952
8953
8957
8958
8956
8955
8959
8958
8956
8953
8959
8956
8955
8957
8958
8955
8951
8955
8955
8955
8954
8954
8954
8956
8957
8954
8951
8954
8956
8954
8956
8957
8957
8954
8954
8955
8956
8954
8955
8953
8952
8950
8953
8952
8953
8953
8955
8953
8954
8952
8956
8954
8954
8948
8953
8956
8954
8959
8957
8957
8953
8958
8958
8957
8950
8959
8956
8952
8952
9301
10443
10446
10276
10118
10013
9929
9858
9792
9730
9671
9612
9554
9496
9438
9382
9326
9269
9220
9273
9331
9377
9405
9425
9447
9449
9419
9427
9428
9414
9427
9418
9408
9406
9421
9422
9414
9426
9422
9409
9424
9408
9422
9419
9414
9424
9423
9409
9423
9407
9420
9422
9415
9417
9420
9421
9422
9415
9423
9413
9416
9423
9413
9426
9409
9427
9417
9419
9419
9420
9414
9414
9423
9424
9422
9420
9424
9407
9419
9423
9414
9426
9427
9416
9418
9422
9426
9414
9411
9426
9418
9417
9409
9423
8664
7763
8022
8373
8625
8777
8870
8921
8948
8961
8964
8967
8967
8963
8963
8960
8956
8952
8956
8957
8959
8956
8956
8955
8958
8958
8954
8952
8955
8955
8957
8957
8955
8953
8949
8956
8958
8952
8950
8958
8956
8952
8959
8956
8956
8956
8955
8957
8955
8957
8955
8959
8957
8953
8957
8957
8959
8956
8953
8955
8958
8958
8959
8957
8959
8955
8955
8953
8955
8957
8955
8955
8953
8955
8955
8951
8958
8953
8955
8954
8952
8954
8956
8957
8956
8956
8955
8956
8954
8957
8956
8954
8957
8958
8959
8960
8956
8951
8951
8954
10090
10483
10357
10174
10053
9962
9886
9816
9754
9694
9635
9576
9519
9461
9404
9348
9291
9235
9264
9322
9359
9388
9412
9436
9450
9427
9418
9429
9425
9412
9428
9410
9426
9420
9423
9412
9423
9418
9423
9418
9414
9422
9411
9423
9422
9412
9418
9421
9428
9415
9420
9421
9419
9417
9419
9423
9415
9426
9425
9410
9423
9428
9414
9429
9412
9425
9410
9426
9421
9417
9420
9417
9415
9425
9422
9408
9426
9419
9423
9414
9428
9415
9413
9427
9412
9421
9430
9415
9428
9406
9428
9427
9418
9423
9406
9422
9418
9415
9428
9419
9411
9425
9424
9407
9419
9422
9422
9424
9416
9422
9417
9406
9423
9413
9419
9415
9414
9428
9416
9424
9418
9418
9420
9414
9419
9419
9423
9407
9423
9416
9414
9424
9425
9409
9420
9418
9416
9417
9423
9412
9426
9411
9428
9423
9421
9417
9417
9420
9413
9421
9392
9429
9407
9431
9414
9411
9426
9417
9423
9408
9424
9420
9418
9418
9418
9409
9422
9418
9420
9417
9414
9416
9410
9422
9417
9422
9411
9415
9430
9415
9427
9408
9420
9421
9417
9420
9412
9408
9408
9423
9421
9419
9421
9409
9421
9421
9416
9418
9418
9419
9404
9425
9423
9418
9404
9423
9414
9426
9410
9421
9409
9422
9413
9425
9418
9407
9420
9425
9409
9420
9419
9408
9426
9419
9418
9424
9418
9407
9422
9425
9411
9413
9425
9410
9414
9426
9422
9417
9423
9408
9407
9423
9418
9415
9417
9419
9405
9417
9421
9418
9418
9418
9414
9415
9405
9419
9422
9421
9406
9421
9422
9420
9415
9415
9426
9408
9415
9417
9422
9410
9412
9425
9415
9415
9417
9422
9422
9422
9411
9422
9412
9423
9422
9408
9426
9422
9406
9422
9421
9413
9422
9417
9425
9392
9427
9413
9421
9415
9417
9423
9417
9409
9421
9425
9408
9417
9425
9417
9416
9420
9417
9425
9422
9420
9417
9409
9419
9413
9424
9413
9422
9428
9410
9425
9422
9405
9423
9418
9420
9419
9421
9422
9406
9426
9425
9415
9421
9409
9421
9418
9419
9415
9410
9426
