32532
35323
35825
35833
35810
35802
35800
35808
35802
35808
35812
35804
35803
35799
35807
35805
35804
35812
35795
35800
35811
35806
35807
35803
35812
35806
35809
35806
35805
35810
35811
35811
35804
35804
35805
35814
35808
35806
35803
35807
35810
35801
35805
35802
35809
35815
35804
35800
35803
35802
35802
35809
35800
35817
35806
35810
35813
35816
35808
35805
35811
35803
35805
35797
35803
35811
35807
35798
35800
35802
35798
35811
35798
35804
35799
35806
35808
35798
35804
35806
35792
35804
35803
35805
35805
35802
35802
35809
35802
35807
35805
35810
35795
35800
35807
35797
35804
35800
35802
38647
40482
39080
38093
37169
37391
37733
37682
37663
37655
37670
37669
37660
37668
37666
37650
37646
37661
37651
37652
37651
37651
37645
37657
37649
37655
37656
37651
37632
37657
37647
37653
37652
37648
37654
37655
37644
37656
37644
37651
37635
37666
37655
37652
37654
37662
37656
37661
37650
37668
37656
37658
37651
37675
37658
37661
37659
37642
37655
37663
37658
37662
37654
37649
37649
37653
37658
37655
37662
37644
37650
37659
37655
37644
37644
37657
37660
37662
37654
37653
37666
37643
37660
37656
37659
37662
37661
37645
37661
37653
37652
37669
37654
37660
36372
33081
35581
35843
35819
35803
35804
35792
35797
35798
35803
35792
35797
35794
35794
35804
35795
35803
35803
35794
35804
35803
35814
35804
35801
35810
35802
35796
35798
35799
35795
35816
35809
35813
35814
35792
35812
35808
35811
35802
35808
35794
35804
35810
35805
35797
35805
35803
35807
35808
35814
35798
35807
35806
35815
35814
35814
35805
35801
35810
35799
35813
35800
35812
35803
35804
35811
35808
35811
35798
35814
35805
35802
35805
35804
35810
35803
35797
35800
35807
35799
35810
35806
35808
35806
35800
35806
35803
35809
35797
35812
35807
35811
35799
35803
35814
35795
35803
35811
35809
40021
40027
38833
37861
37067
37536
37732
37674
37661
37657
37659
37668
37661
37660
37665
37658
37663
37659
37663
37669
37655
37668
37670
37663
37645
37669
37653
37658
37665
37663
37661
37668
37651
37669
37653
37658
37656
37662
37666
37650
37658
37653
37661
37664
37657
37652
37663
37663
37648
37663
37654
37656
37674
37664
37655
37661
37667
37656
37664
37661
37659
37677
37657
37655
37663
37666
37659
37678
37657
37668
37667
37661
37672
37655
37662
37673
37657
37674
37652
37664
37676
37657
37662
37669
37665
37653
37669
37666
37668
37657
37660
37658
37665
37664
34796
34073
35732
35848
35825
35807
35815
35809
35808
35814
35811
35817
35816
35812
35817
35824
35819
35825
35813
35820
35826
35816
35822
35810
35819
35815
35814
35815
35824
35820
35813
35811
35808
35810
35812
35810
35815
35812
35811
35811
35826
35803
35813
35817
35818
35816
35811
35819
35810
35808
35817
35820
35819
35816
35826
35814
35825
35811
35827
35824
35811
35817
35816
35819
35806
35806
35812
35805
35805
35803
35801
35798
35811
35807
35807
35805
35812
35797
35811
35812
35805
35809
35798
35803
35797
35809
35806
35809
35801
35793
35815
35802
35809
35806
35805
35799
35802
35807
35811
35805
41182
39646
38557
37604
37123
37648
37712
37676
37657
37669
37656
37663
37663
37666
37658
37655
37673
37668
37664
37665
37656
37656
37657
37674
37647
37669
37655
37655
37668
37647
37658
37652
37665
37645
37655
37667
37654
37654
37653
37644
37671
37646
37659
37657
37646
37648
37659
37662
37658
37663
37657
37662
37654
37651
37661
37651
37670
37656
37650
37656
37659
37662
37662
37654
37648
37651
37654
37650
37662
37645
37653
37651
37650
37659
37667
37632
37657
37642
37661
37650
37648
37655
37660
37656
37652
37655
37653
37671
37640
37660
37655
37653
37650
37663
33565
34794
35793
35830
35818
35810
35809
35803
35812
35805
35807
35807
35806
35806
35804
35814
35811
35800
35810
35806
35805
35799
35811
35806
35809
35814
35805
35805
35803
35804
35807
35804
35806
35809
35797
35816
35805
35807
35803
35813
35815
35810
35801
35799
35801
35790
35806
35813
35814
35796
35805
35812
35814
35804
35808
35815
35805
35800
35807
35806
35810
35806
35805
35804
35805
35816
35801
35818
35808
35813
35816
35810
35814
35805
35814
35811
35808
35810
35805
35813
35811
35808
35814
35804
35803
35807
35803
35812
35819
35812
35814
35803
35811
35809
35807
35800
35807
35815
35801
37028
41049
39381
38347
37398
37190
37721
37691
37669
37666
37673
37657
37680
37655
37674
37660
37663
37666
37654
37660
37663
37654
37669
37664
37647
37654
37664
37652
37650
37663
37657
37656
37665
37658
37659
37666
37651
37652
37648
37655
37666
37648
37640
37658
37656
37653
37651
37654
37649
37656
37658
37643
37664
37663
37658
37641
37670
37653
37632
37654
37662
37665
37664
37657
37660
37662
37670
37660
37663
37665
37650
37636
37667
37657
37663
37638
37661
37640
37653
37649
37661
37654
37657
37664
37669
37656
37671
37663
37646
37660
37657
37661
37653
37674
37649
37654
37654
37655
37664
37666
37667
37656
37649
37668
37648
37666
37658
37645
37674
37654
37655
37659
37670
37632
37656
37645
37666
37636
37665
37659
37646
37655
37661
37648
37663
37662
37658
37669
37654
37664
37648
37672
37647
37657
37655
37664
37649
37658
37660
37667
37651
37657
37663
37646
37672
37657
37659
37652
37642
37667
37652
37659
37648
37662
37660
37663
37656
37657
37667
37658
37659
37649
37662
37654
37656
37669
37667
37653
37649
37665
37654
37648
37663
37651
37646
37653
37663
37648
37642
37658
37666
37658
37649
37668
37668
37651
37655
37651
37658
37651
37657
37642
37652
37664
37648
37656
37655
37640
37676
37656
37649
37651
37657
37665
37647
37663
37644
37632
37654
37651
37646
37661
37655
37661
37644
37663
37648
37667
37650
37644
37663
37657
37638
37656
37665
37660
37662
37666
37654
37657
37662
37658
37639
37663
37658
37651
37663
37650
37642
37654
37664
37649
37653
37657
37649
37647
37655
37650
37654
37661
37653
37661
37649
37649
37655
37651
37655
37652
37659
37634
37660
37649
37662
37651
37653
37655
37652
37643
37668
37662
37651
37659
37666
37651
37654
37656
37661
37658
37663
37650
37654
37655
37645
37658
37669
37653
37663
37653
37643
37649
37646
37647
37652
37660
37646
37658
37651
37663
37655
37658
37663
37655
37666
37663
37650
37659
37647
37661
37667
37649
37652
37667
37653
37661
37655
37646
37664
37651
37656
37638
37658
37649
37648
37672
37650
37647
37664
37640
37670
37660
37668
37641
37653
37659
37680
37661
37645
37661
37653
37667
37656
37650
37665
37662
