17781
18124
18803
19015
19065
19074
19061
19055
19050
19055
19044
19052
19052
19053
19056
19049
19054
19049
19045
19049
19051
19049
19049
19051
19048
19068
19054
19054
19052
19049
19050
19049
19052
19051
19053
19041
19052
19051
19047
19053
19050
19050
19051
19045
19051
19046
19045
19048
19046
19046
19050
19044
19049
19055
19047
19048
19057
19047
19048
19050
19052
19051
19047
19042
19052
19046
19047
19040
19046
19046
19052
19047
19045
19055
19055
19049
19052
19049
19054
19046
19050
19060
19047
19053
19056
19049
19048
19053
19050
19047
19051
19053
19051
19063
19050
19050
19051
20577
20613
20156
19832
19573
19329
19427
19503
19519
19506
19503
19517
19517
19517
19521
19504
19504
19509
19511
19511
19516
19511
19513
19507
19518
19505
19515
19509
19514
19524
19517
19512
19515
19508
19500
19524
19514
19519
19505
19526
19520
19532
19504
19520
19515
19515
19512
19502
19519
19521
19517
19516
19517
19516
19513
19513
19526
19516
19524
19511
19510
19515
19512
19513
19505
19522
19509
19518
19518
19512
19521
19510
19515
19512
19518
19508
19524
19510
19519
19511
19524
19501
19519
19523
19520
19517
19503
19512
19513
19520
19504
19514
19516
19521
18336
17870
18669
18982
19067
19075
19066
19054
19038
19050
19052
19046
19047
19053
19049
19045
19042
19046
19049
19043
19040
19046
19049
19047
19039
19041
19046
19048
19045
19052
19043
19051
19041
19046
19043
19050
19043
19041
19046
19051
19046
19042
19046
19048
19044
19043
19053
19049
19047
19045
19055
19050
19055
19045
19042
19048
19050
19048
19054
19048
19050
19048
19046
19044
19047
19046
19060
19053
19052
19054
19044
19050
19054
19050
19048
19046
19044
19047
19051
19047
19046
19047
19053
19052
19055
19052
19049
19054
19053
19049
19055
19051
19060
19051
19050
19053
19056
20064
20716
20231
19893
19622
19375
19402
19490
19517
19506
19518
19513
19511
19517
19514
19520
19518
19510
19515
19521
19519
19522
19513
19518
19513
19510
19528
19512
19513
19511
19526
19502
19512
19526
19507
19519
19521
19525
19499
19522
19513
19516
19518
19519
19506
19515
19511
19519
19515
19507
19513
19525
19503
19513
19528
19510
19501
19521
19524
19506
19525
19505
19522
19512
19512
19519
19516
19516
19511
19516
19516
19522
19516
19514
19509
19513
19520
19522
19507
19516
19512
19516
19515
19516
19502
19514
19504
19504
19513
19528
19505
19506
19515
19526
18927
17657
18493
18930
19049
19081
19066
19054
19055
19054
19047
19049
19048
19046
19047
19048
19040
19048
19041
19040
19047
19050
19048
19047
19043
19054
19045
19053
19046
19046
19045
19057
19048
19045
19047
19051
19049
19052
19053
19043
19049
19050
19049
19046
19052
19053
19048
19046
19052
19052
19055
19043
19052
19051
19051
19047
19055
19053
19050
19048
19048
19052
19049
19047
19052
19042
19049
19050
19049
19049
19050
19053
19048
19046
19054
19052
19047
19047
19049
19049
19043
19048
19050
19046
19048
19044
19048
19052
19047
19044
19046
19045
19049
19049
19053
19047
19043
19570
20783
20383
19993
19708
19455
19331
19467
19493
19514
19517
19512
19507
19525
19508
19516
19504
19520
19514
19516
19510
19515
19511
19528
19510
19516
19514
19521
19515
19517
19510
19506
19517
19517
19524
19513
19515
19523
19513
19514
19521
19513
19522
19522
19519
19510
19523
19514
19511
19521
19511
19524
19515
19523
19516
19511
19522
19514
19515
19514
19518
19506
19515
19520
19524
19507
19511
19525
19521
19504
19514
19511
19519
19518
19515
19520
19511
19524
19512
19505
19523
19522
19518
19518
19509
19525
19520
19516
19519
19517
19508
19517
19522
19521
19391
17640
18261
18854
19045
19073
19073
19064
19060
19049
19050
19055
19048
19043
19054
19054
19049
19046
19053
19054
19054
19059
19053
19051
19054
19055
19048
19053
19053
19052
19047
19050
19055
19058
19047
19050
19057
19047
19051
19056
19058
19059
19047
19051
19052
19059
19056
19053
19068
19057
19052
19052
19055
19051
19050
19056
19057
19054
19044
19051
19055
19050
19052
19047
19055
19053
19053
19056
19055
19049
19053
19053
19056
19050
19049
19049
19054
19053
19050
19052
19062
19046
19046
19056
19056
19055
19048
19047
19051
19052
19048
19048
19049
19060
19056
19050
19048
19153
20726
20513
20065
19766
19511
19343
19457
19512
19499
19516
19508
19521
19521
19505
19517
19512
19503
19517
19524
19513
19511
19513
19510
19515
19507
19526
19514
19509
19523
19513
19514
19512
19505
19521
19512
19518
19503
19519
19519
19513
19513
19513
19517
19519
19518
19518
19507
19505
19518
19528
19505
19518
19509
19512
19515
19519
19515
19511
19517
19522
19513
19520
19516
19504
19519
19517
19508
19514
19519
19519
19521
19516
19525
19518
19516
19507
19521
19518
19509
19509
19524
19515
19522
19511
19506
19521
19512
19509
19510
19513
19522
19515
19507
19508
19516
19509
19504
19517
19512
19519
19508
19516
19509
19510
19519
19508
19502
19521
19503
19521
19504
19511
19519
19502
19514
19524
19503
19495
19519
19509
19504
19519
19506
19523
19514
19507
19513
19522
19503
19507
19518
19521
19510
19517
19504
19521
19517
19504
19515
19514
19502
19519
19509
19503
19510
19509
19513
19516
19502
19511
19511
19519
19512
19503
19525
19508
19517
19508
19512
19507
19504
19506
19521
19506
19511
19517
19509
19518
19502
19518
19504
19522
19498
19520
19511
19509
19520
19511
19498
19519
19519
19502
19509
19511
19523
19510
19507
19505
19499
19511
19513
19509
19501
19522
19514
19502
19508
19509
19508
19514
19512
19520
19505
19513
19519
19527
19515
19509
19522
19499
19508
19525
19519
19515
19499
19468
19519
19503
19502
19521
19506
19494
19506
19517
19501
19510
19505
19516
19500
19520
19521
19506
19519
19515
19507
19519
19502
19511
19513
19507
19523
19515
19513
19508
19519
19514
19515
19515
19507
19509
19517
19517
19512
19504
19511
19514
19502
19503
19524
19503
19532
19501
19517
19512
19508
19525
19510
19508
19506
19508
19527
19508
19519
19504
19516
19518
19507
19524
19519
19497
19517
19504
19514
19518
19512
19518
19510
19518
19522
19514
19506
19514
19517
19519
19498
19525
19512
19504
19516
19519
19525
19515
19506
19514
19505
19506
19525
19502
19517
19499
19519
19516
19516
19513
19509
19515
19493
19519
19502
19522
19498
19524
19512
19513
19505
19519
19509
19507
19515
19507
19509
19515
19509
19521
19513
19511
19506
19513
19525
19520
19496
19517
19532
19515
19504
19518
19518
19516
19502
19524
19506
19524
19514
