4667
4563
4519
4505
4522
4550
4586
4617
4650
4674
4698
4712
4727
4732
4742
4747
4749
4748
4747
4746
4747
4747
4747
4746
4745
4741
4741
4741
4741
4741
4741
4741
4742
4742
4741
4741
4741
4741
4741
4742
4738
4740
4738
4738
4739
4741
4739
4743
4741
4742
4740
4744
4740
4742
4740
4741
4740
4741
4738
4740
4739
4740
4738
4737
4739
4739
4737
4741
4737
4739
4739
4741
4738
4741
4739
4740
4738
4740
4739
4739
4736
4740
4739
4741
4740
4741
4740
4737
4739
4738
4739
4739
4736
4739
4739
4744
4893
4970
5001
5009
5006
4995
4961
4928
4902
4879
4858
4840
4821
4805
4789
4788
4787
4798
4790
4798
4801
4798
4792
4805
4795
4798
4808
4804
4791
4798
4808
4803
4800
4804
4803
4796
4795
4806
4803
4796
4806
4801
4810
4793
4801
4806
4792
4803
4809
4793
4804
4804
4806
4792
4799
4803
4804
4805
4793
4806
4803
4800
4803
4799
4806
4790
4801
4809
4793
4800
4804
4790
4802
4806
4802
4799
4807
4790
4802
4810
4792
4802
4804
4806
4801
4797
4803
4800
4806
4792
4801
4798
4793
4799
4656
4559
4518
4508
4527
4554
4589
4620
4654
4675
4699
4712
4728
4735
4744
4746
4750
4749
4752
4750
4751
4745
4745
4744
4744
4741
4743
4742
4743
4739
4739
4738
4740
4741
4740
4738
4737
4740
4739
4740
4740
4741
4739
4742
4737
4741
4737
4742
4740
4741
4737
4741
4740
4741
4737
4742
4737
4741
4737
4739
4739
4743
4741
4742
4739
4740
4739
4743
4739
4741
4738
4741
4739
4741
4741
4741
4739
4741
4740
4741
4739
4740
4740
4740
4739
4739
4738
4740
4738
4741
4738
4736
4737
4743
4740
4749
4899
4972
5000
5008
5005
4994
4961
4917
4901
4879
4857
4839
4822
4804
4788
4776
4794
4795
4797
4789
4798
4801
4801
4800
4800
4807
4792
4805
4800
4802
4791
4804
4801
4804
4802
4797
4794
4805
4800
4794
4806
4801
4803
4790
4802
4807
4802
4801
4807
4792
4802
4802
4804
4791
4798
4807
4802
4798
4813
4801
4799
4806
4795
4797
4807
4798
4798
4807
4801
4796
4807
4792
4799
4804
4802
4806
4792
4804
4798
4794
4807
4804
4801
4804
4803
4793
4807
4795
4797
4808
4798
4797
4808
4788
4629
4547
4512
4509
4531
4560
4600
4631
4661
4680
4703
4715
4729
4735
4743
4745
4752
4750
4752
4751
4749
4744
4744
4740
4742
4740
4742
4742
4742
4742
4741
4742
4741
4742
4740
4741
4740
4739
4743
4742
4741
4742
4741
4740
4739
4740
4739
4739
4739
4740
4739
4742
4741
4743
4740
4741
4739
4740
4736
4743
4740
4741
4740
4743
4740
4741
4740
4744
4739
4741
4738
4741
4739
4743
4739
4741
4739
4742
4737
4742
4738
4739
4738
4742
4741
4742
4740
4741
4741
4742
4740
4741
4738
4740
4739
4763
4910
4978
5004
5010
5005
4988
4950
4919
4895
4870
4851
4832
4815
4798
4790
4796
4797
4800
4792
4802
4800
4799
4803
4792
4804
4801
4803
4801
4804
4792
4798
4808
4796
4798
4807
4802
4810
4795
4804
4800
4808
4795
4800
4806
4802
4798
4807
4790
4803
4803
4804
4790
4796
4807
4794
4797
4808
4796
4798
4807
4798
4798
4807
4800
4796
4808
4792
4799
4804
4803
4806
4792
4804
4803
4800
4803
4800
4794
4805
4801
4804
4804
4800
4804
4801
4799
4806
4790
4802
4803
4805
4801
4802
4771
4625
4545
4513
4510
4535
4567
4603
4634
4663
4684
4703
4717
4730
4738
4744
4746
4749
4750
4751
4751
4749
4747
4745
4745
4747
4744
4744
4742
4743
4740
4739
4739
4738
4740
4742
4743
4743
4742
4743
4742
4740
4741
4741
4741
4739
4740
4740
4741
4739
4740
4739
4741
4739
4740
4740
4740
4740
4742
4741
4743
4740
4741
4738
4740
4737
4738
4738
4740
4739
4743
4741
4742
4740
4742
4738
4740
4740
4741
4740
4741
4739
4741
4739
4741
4741
4740
4740
4741
4740
4740
4738
4739
4739
4739
4738
4771
4917
4979
5004
5010
5004
4986
4948
4917
4892
4871
4851
4832
4815
4798
4782
4796
4792
4801
4801
4793
4799
4801
4794
4808
4796
4800
4802
4806
4802
4803
4792
4806
4802
4800
4804
4800
4801
4805
4800
4795
4801
4803
4798
4803
4788
4800
4806
4790
4800
4807
4791
4800
4809
4792
4800
4810
4794
4800
4806
4789
4802
4807
4797
4802
4801
4791
4804
4811
4795
4802
4806
4792
4803
4803
4799
4803
4798
4793
4805
4802
4792
4806
4804
4793
4805
4802
4805
4789
4802
4813
4790
4801
4810
4793
4802
4810
4794
4801
4805
4791
4802
4808
4793
4803
4803
4806
4801
4797
4802
4803
4804
4792
4803
4806
4792
4804
4803
4805
4801
4797
4800
4803
4801
4792
4804
4804
4793
4804
4801
4799
4803
4797
4795
4804
4757
4807
4791
4800
4802
4801
4799
4804
4790
4802
4808
4791
4802
4809
4791
4803
4810
4792
4801
4809
4794
4802
4806
4790
4802
4803
4805
4801
4801
4799
4802
4801
4791
4804
4799
4803
4788
4799
4809
4797
4799
4806
4790
4801
4802
4804
4797
4796
4806
4800
4798
4803
4799
4806
4790
4756
4806
4790
4799
4807
4790
4798
4807
4801
4802
4804
4752
4800
4788
4800
4803
4802
4803
4790
4802
4805
4803
4793
4794
4804
4807
4790
4801
4806
4789
4801
4807
4789
4800
4809
4799
4797
4806
4736
4801
4804
4789
4795
4805
4802
4791
4804
4803
4790
4802
4799
4806
4736
4803
4788
4800
4806
4802
4806
4791
4802
4807
4790
4800
4808
4803
4798
4790
4803
4803
4804
4799
4801
4804
4802
4790
4804
4804
4805
4792
4793
4806
4801
4797
4804
4806
4791
4803
4805
4803
4795
4795
4805
4804
4806
4788
4799
4808
4800
4793
4806
4800
4808
4791
4799
4803
4802
4803
4790
4803
4803
4805
4797
4795
4805
4805
4792
4802
4807
4790
4801
4807
4790
4801
4807
4802
4802
4798
4803
4801
4799
4799
4808
4791
4800
4802
4802
4798
4806
4792
4796
4805
4792
4795
4805
4806
4794
4804
4806
4791
4802
4807
4790
4801
4808
4802
4798
4792
4803
4803
4805
4801
4802
4804
4790
4796
4807
4804
4792
