8314
8001
8390
8739
8981
9135
9222
9272
9302
9318
9319
9323
9323
9322
9320
9320
9315
9318
9312
9309
9312
9313
9314
9313
9312
9314
9310
9311
9311
9312
9312
9313
9313
9313
9310
9310
9313
9315
9315
9314
9313
9315
9313
9313
9310
9312
9316
9316
9314
9315
9316
9316
9310
9311
9313
9315
9313
9313
9313
9315
9309
9313
9312
9311
9308
9310
9313
9313
9315
9312
9312
9312
9314
9315
9314
9312
9311
9313
9313
9313
9310
9311
9313
9312
9312
9313
9315
9313
9316
9314
9314
9310
9309
9310
9312
9315
9314
9313
9316
9315
9308
10680
11102
10956
10767
10639
10546
10467
10380
10337
10275
10217
10160
10103
10046
9989
9934
9878
9821
9765
9711
9655
9645
9714
9767
9809
9842
9863
9881
9874
9863
9864
9838
9851
9854
9853
9844
9853
9844
9849
9855
9844
9857
9840
9856
9857
9842
9856
9848
9841
9854
9847
9848
9853
9841
9855
9839
9853
9846
9857
9839
9846
9859
9844
9857
9848
9849
9852
9839
9847
9859
9842
9854
9853
9842
9849
9853
9844
9844
9859
9846
9850
9853
9849
9852
9846
9853
9842
9855
9852
9840
9851
9853
9848
9224
7955
8185
8582
8881
9071
9186
9253
9290
9309
9320
9322
9322
9321
9320
9316
9314
9320
9315
9314
9311
9310
9312
9312
9314
9315
9313
9312
9313
9311
9315
9314
9310
9308
9311
9309
9314
9313
9314
9315
9315
9311
9312
9315
9313
9313
9308
9309
9312
9314
9311
9310
9312
9314
9313
9312
9311
9310
9310
9311
9309
9309
9280
9314
9309
9311
9311
9311
9313
9312
9312
9313
9314
9313
9310
9312
9312
9314
9313
9309
9312
9313
9314
9314
9315
9311
9310
9312
9312
9311
9310
9311
9310
9311
9312
9313
9313
9313
9311
9314
9312
9860
11090
11039
10849
10690
10584
10500
10429
10364
10301
10241
10183
10125
10069
10013
9956
9901
9843
9788
9733
9678
9633
9687
9749
9798
9832
9855
9875
9892
9864
9851
9863
9848
9854
9847
9853
9851
9847
9857
9853
9842
9854
9853
9850
9847
9847
9857
9856
9855
9842
9851
9854
9846
9853
9853
9842
9856
9852
9846
9852
9840
9846
9853
9855
9851
9854
9842
9854
9853
9846
9858
9855
9846
9854
9839
9859
9857
9843
9842
9858
9844
9849
9853
9848
9855
9857
9846
9840
9853
9847
9858
9842
9842
9830
8262
8011
8404
8750
8989
9141
9224
9277
9303
9316
9323
9325
9321
9318
9317
9313
9312
9316
9315
9317
9314
9310
9311
9317
9314
9312
9312
9312
9311
9314
9308
9314
9313
9312
9313
9315
9312
9312
9313
9314
9311
9292
9311
9312
9315
9313
9312
9313
9316
9311
9310
9310
9315
9313
9312
9314
9312
9315
9312
9312
9310
9310
9312
9311
9312
9313
9314
9313
9309
9310
9314
9312
9314
9312
9315
9313
9309
9310
9312
9313
9309
9313
9314
9313
9314
9313
9314
9313
9310
9314
9312
9313
9314
9313
9311
9312
9313
9313
9312
9314
9314
10743
11100
10942
10751
10626
10534
10458
10387
10325
10267
10208
10149
10092
10037
9980
9924
9867
9809
9756
9699
9644
9650
9725
9779
9822
9851
9869
9887
9874
9860
9855
9853
9856
9843
9845
9858
9843
9848
9851
9849
9852
9847
9851
9848
9847
9838
9849
9851
9851
9837
9845
9849
9851
9848
9852
9848
9844
9857
9841
9840
9856
9843
9846
9854
9844
9856
9841
9854
9853
9839
9847
9858
9843
9849
9848
9849
9839
9854
9846
9843
9853
9851
9854
9839
9855
9850
9844
9848
9839
9850
9849
9837
9846
9192
7948
8197
8585
8879
9066
9181
9250
9286
9309
9319
9323
9321
9321
9316
9315
9310
9310
9310
9315
9311
9310
9309
9309
9311
9308
9310
9305
9307
9308
9306
9309
9312
9310
9311
9309
9309
9309
9308
9310
9311
9315
9314
9312
9310
9310
9309
9308
9311
9312
9311
9316
9312
9312
9311
9311
9313
9312
9311
9309
9284
9312
9313
9310
9309
9309
9310
9313
9314
9312
9308
9310
9310
9311
9309
9314
9316
9315
9313
9313
9312
9310
9313
9312
9311
9313
9292
9309
9309
9311
9310
9310
9309
9309
9308
9309
9308
9311
9315
9309
9313
9852
11088
11041
10833
10679
10573
10490
10419
10354
10292
10233
10176
10118
10061
10005
9949
9892
9835
9780
9725
9670
9631
9693
9755
9804
9839
9858
9876
9883
9861
9862
9853
9842
9844
9848
9852
9850
9837
9852
9851
9846
9850
9846
9835
9853
9851
9838
9852
9846
9839
9843
9856
9843
9846
9851
9848
9847
9836
9854
9851
9836
9836
9853
9854
9842
9855
9841
9848
9860
9844
9849
9844
9847
9841
9853
9847
9845
9855
9854
9838
9852
9850
9850
9840
9844
9857
9844
9855
9837
9848
9850
9851
9850
9853
9849
9846
9851
9847
9855
9838
9852
9852
9852
9850
9850
9849
9853
9839
9857
9848
9834
9859
9846
9849
9856
9852
9848
9839
9842
9857
9844
9847
9853
9844
9849
9850
9840
9854
9848
9847
9856
9841
9854
9847
9852
9848
9851
9844
9850
9836
9853
9855
9845
9857
9842
9853
9855
9837
9852
9848
9842
9845
9852
9854
9839
9858
9844
9843
9847
9849
9853
9836
9848
9844
9850
9838
9852
9852
9847
9853
9842
9854
9840
9855
9842
9852
9836
9846
9900
9840
9854
9851
9845
9850
9834
9855
9842
9856
9841
9846
9856
9857
9842
9854
9849
9849
9835
9854
9837
9848
9850
9853
9845
9845
9846
9858
9848
9854
9838
9852
9852
9845
9833
9857
9842
9844
9855
9846
9845
9838
9854
9852
9847
9840
9853
9843
9857
9844
9853
9849
9854
9840
9851
9849
9840
9856
9854
9837
9853
9850
9851
9846
9831
9847
9847
9845
9857
9840
9854
9840
9851
9845
9888
9834
9853
9853
9839
9849
9847
9849
9837
9854
9851
9851
9831
9851
9846
9857
9833
9854
9850
9844
9851
9852
9843
9854
9839
9856
9838
9859
9842
9848
9851
9850
9846
9852
9852
9838
9842
9854
9855
9839
9845
9849
9848
9844
9853
9845
9844
9848
9849
9836
9853
9852
9847
9845
9844
9848
9850
9850
9835
9857
9839
9855
9852
9849
9843
9845
9845
9856
9838
9845
9856
9845
9853
9848
9847
9836
9853
9851
9836
9848
9848
9853
9832
9858
9843
9855
9838
9845
