8709
8428
8615
8850
9009
9105
9155
9180
9191
9190
9191
9187
9187
9181
9182
9185
9179
9182
9182
9177
9173
9178
9181
9182
9178
9179
9177
9179
9178
9179
9182
9184
9181
9177
9178
9180
9179
9182
9180
9182
9178
9180
9181
9183
9186
9183
9184
9180
9182
9180
9178
9184
9180
9179
9181
9180
9176
9176
9178
9182
9183
9180
9182
9179
9179
9177
9178
9182
9182
9181
9181
9180
9177
9179
9178
9180
9181
9183
9179
9182
9181
9182
9184
9182
9181
9183
9183
9182
9181
9182
9184
9178
9179
9179
9180
9181
9179
9772
10051
10019
9878
9764
9680
9607
9543
9483
9424
9367
9312
9356
9386
9393
9413
9411
9425
9411
9416
9430
9415
9428
9424
9415
9410
9425
9411
9426
9415
9420
9422
9418
9424
9414
9409
9423
9422
9422
9414
9418
9421
9419
9417
9419
9426
9414
9416
9430
9415
9415
9425
9415
9428
9414
9414
9417
9421
9414
9418
9426
9412
9426
9424
9412
9413
9428
9414
9410
9425
9420
9418
9410
9427
9411
9420
9424
9412
9418
9422
9408
9421
9424
9409
9422
9420
9417
9424
9407
9423
9421
9409
9428
9422
8820
8425
8589
8829
8999
9100
9153
9178
9186
9191
9191
9190
9188
9187
9183
9182
9187
9179
9180
9179
9183
9180
9180
9181
9180
9180
9183
9177
9178
9182
9180
9179
9178
9177
9178
9178
9182
9178
9179
9179
9182
9180
9180
9183
9184
9181
9182
9176
9176
9180
9183
9182
9179
9176
9178
9182
9182
9179
9183
9187
9184
9184
9182
9179
9180
9183
9179
9180
9183
9182
9182
9182
9179
9177
9180
9181
9180
9182
9183
9181
9181
9181
9180
9181
9179
9179
9182
9181
9183
9187
9183
9180
9177
9175
9179
9181
9182
9660
10045
10030
9894
9774
9688
9615
9549
9488
9428
9371
9314
9347
9389
9404
9413
9415
9416
9419
9417
9425
9411
9424
9425
9421
9425
9408
9425
9410
9425
9421
9418
9424
9423
9418
9421
9418
9423
9407
9427
9423
9419
9412
9416
9416
9421
9412
9426
9412
9421
9413
9427
9412
9427
9409
9425
9420
9421
9419
9418
9410
9425
9418
9421
9422
9411
9425
9408
9419
9424
9417
9423
9415
9416
9429
9414
9415
9429
9413
9411
9428
9418
9411
9425
9408
9410
9413
9427
9411
9411
9423
9421
9424
9411
8969
8434
8545
8796
8976
9072
9145
9174
9187
9192
9194
9190
9187
9187
9182
9184
9179
9181
9182
9183
9183
9179
9177
9180
9181
9180
9182
9186
9185
9182
9180
9181
9182
9182
9182
9186
9182
9180
9180
9182
9181
9180
9183
9181
9180
9181
9180
9182
9183
9182
9181
9181
9168
9180
9178
9180
9176
9179
9182
9180
9182
9181
9181
9177
9177
9177
9181
9185
9184
9183
9179
9178
9181
9180
9181
9185
9187
9183
9179
9180
9180
9181
9181
9182
9181
9180
9181
9181
9183
9180
9182
9179
9177
9178
9181
9176
9181
9551
10032
10038
9916
9788
9697
9624
9557
9496
9437
9377
9320
9334
9381
9407
9414
9402
9421
9413
9428
9414
9410
9425
9419
9418
9420
9421
9414
9425
9424
9421
9424
9420
9420
9406
9422
9421
9419
9417
9421
9416
9420
9421
9415
9422
9416
9422
9413
9425
9418
9419
9412
9421
9412
9424
9410
9421
9408
9421
9422
9409
9425
9414
9419
9421
9408
9420
9421
9410
9419
9422
9417
9416
9426
9415
9424
9414
9419
9417
9418
9425
9413
9412
9424
9424
9420
9423
9422
9408
9412
9420
9408
9420
9407
9080
8451
8525
8770
8957
9073
9140
9168
9185
9196
9194
9191
9188
9185
9182
9179
9183
9181
9180
9182
9181
9184
9181
9179
9182
9179
9178
9184
9182
9180
9178
9184
9186
9180
9182
9181
9182
9181
9186
9180
9178
9168
9183
9178
9178
9182
9180
9179
9182
9182
9182
9182
9178
9181
9179
9180
9186
9181
9182
9180
9180
9179
9182
9183
9181
9182
9183
9181
9182
9181
9183
9181
9181
9179
9182
9183
9182
9179
9180
9179
9180
9184
9183
9183
9180
9182
9181
9180
9182
9180
9182
9187
9182
9183
9184
9182
9182
9445
10016
10032
9940
9805
9714
9636
9569
9508
9445
9390
9334
9328
9386
9400
9394
9423
9418
9425
9421
9412
9426
9413
9426
9412
9425
9418
9419
9422
9422
9411
9426
9424
9411
9419
9423
9418
9417
9421
9423
9417
9420
9424
9419
9421
9417
9422
9414
9426
9422
9416
9422
9420
9416
9423
9414
9427
9411
9408
9421
9417
9421
9419
9419
9423
9411
9423
9418
9423
9416
9424
9417
9417
9423
9415
9419
9421
9414
9425
9411
9421
9421
9426
9412
9427
9423
9411
9427
9421
9424
9420
9409
9424
9425
9412
9426
9409
9428
9424
9418
9408
9420
9411
9427
9415
9417
9422
9423
9413
9429
9415
9413
9426
9413
9424
9426
9411
9428
9419
9410
9427
9421
9410
9423
9425
9414
9427
9418
9423
9416
9419
9423
9422
9415
9421
9421
9423
9403
9427
9421
9426
9417
9412
9426
9417
9417
9419
9409
9424
9425
9408
9425
9423
9409
9425
9416
9427
9421
9421
9412
9422
9424
9412
9422
9412
9427
9412
9413
9423
9426
9426
9410
9421
9425
9413
9426
9409
9420
9430
9415
9419
9425
9421
9413
9419
9423
9413
9417
9429
9412
9426
9407
9425
9412
9425
9418
9415
9424
9409
9420
9425
9409
9428
9406
9430
9414
9421
9424
9417
9421
9419
9425
9414
9426
9409
9418
9420
9425
9412
9423
9419
9421
9422
9403
9423
9424
9420
9415
9422
9420
9415
9413
9422
9420
9416
9409
9423
9409
9424
9421
9420
9413
9427
9404
9417
9410
9421
9408
9427
9407
9423
9416
9411
9421
9420
9418
9413
9418
9416
9420
9414
9407
9422
9413
9421
9406
9425
9412
9426
9411
9423
9425
9409
9420
9419
9419
9420
9406
9423
9418
9423
9404
9424
9410
9424
9408
9425
9419
9405
9414
9408
9407
9422
9412
9420
9420
9422
9412
9422
9419
9420
9408
9425
9421
9406
9426
9417
9419
9410
9410
9424
9415
9418
9424
9408
9427
9422
9408
9423
9402
9427
9412
9421
9412
9411
9422
9406
9426
9421
9420
9409
9427
9422
9409
9416
9427
9410
9424
9412
9426
9412
9416
9419
9409
9420
9418
9412
9419
9416
9417
9416
9417
9421
9414
