4477
4237
4187
4236
4319
4398
4472
4528
4578
4612
4646
4665
4681
4693
4703
4708
4710
4711
4713
4714
4713
4714
4711
4711
4710
4711
4709
4708
4708
4710
4709
4710
4710
4710
4707
4709
4706
4706
4705
4707
4705
4707
4705
4708
4706
4709
4707
4709
4704
4704
4707
4708
4707
4708
4704
4707
4705
4706
4706
4707
4706
4709
4707
4710
4706
4708
4706
4708
4705
4708
4706
4709
4705
4707
4705
4707
4705
4706
4706
4708
4706
4710
4707
4709
4706
4709
4709
4709
4707
4708
4707
4706
4705
4706
4706
4704
4705
4706
4772
5176
5298
5316
5304
5281
5239
5196
5162
5133
5110
5092
5067
5049
5036
5015
4998
4983
4967
4948
4936
4921
4906
4892
4877
4862
4847
4836
4817
4803
4795
4820
4831
4846
4855
4864
4873
4879
4885
4878
4885
4877
4879
4865
4877
4886
4882
4876
4884
4879
4883
4881
4878
4877
4883
4874
4873
4884
4878
4873
4883
4881
4872
4884
4885
4887
4872
4876
4887
4873
4877
4885
4868
4880
4887
4881
4876
4884
4882
4870
4873
4885
4879
4877
4883
4874
4872
4884
4878
4875
4885
4878
4880
4868
4568
4261
4184
4222
4302
4386
4461
4523
4572
4610
4642
4664
4678
4689
4697
4704
4707
4711
4713
4714
4711
4714
4711
4708
4709
4710
4709
4710
4708
4709
4708
4708
4707
4705
4704
4707
4702
4706
4704
4708
4704
4707
4706
4711
4709
4711
4705
4707
4716
4708
4705
4708
4705
4707
4706
4710
4704
4706
4704
4706
4716
4708
4706
4708
4706
4704
4707
4708
4704
4705
4707
4709
4708
4707
4705
4709
4705
4707
4705
4707
4709
4708
4706
4708
4706
4707
4706
4705
4705
4707
4707
4704
4706
4706
4707
4707
4707
4706
4726
5134
5288
5315
5306
5283
5240
5192
5161
5133
5109
5087
5067
5048
5031
5013
4997
4980
4965
4950
4934
4919
4904
4890
4875
4860
4845
4831
4816
4801
4793
4814
4831
4843
4854
4863
4870
4877
4884
4888
4870
4876
4885
4878
4880
4882
4876
4894
4881
4870
4872
4883
4884
4869
4881
4879
4883
4878
4880
4880
4866
4876
4887
4870
4878
4888
4873
4878
4887
4875
4876
4886
4880
4877
4872
4883
4878
4881
4883
4879
4876
4882
4878
4878
4883
4876
4873
4885
4879
4873
4885
4884
4876
4885
4660
4294
4186
4213
4287
4374
4448
4515
4563
4605
4634
4659
4674
4688
4696
4703
4707
4711
4716
4714
4713
4714
4710
4713
4710
4713
4711
4712
4707
4707
4705
4706
4707
4708
4706
4709
4708
4710
4707
4708
4705
4708
4706
4710
4707
4709
4704
4706
4707
4709
4706
4708
4707
4709
4704
4709
4706
4707
4705
4707
4706
4707
4706
4708
4707
4710
4705
4708
4706
4706
4706
4708
4707
4707
4707
4706
4709
4707
4709
4708
4706
4704
4706
4705
4705
4706
4707
4705
4707
4706
4707
4706
4708
4707
4708
4707
4706
4704
4707
5048
5280
5317
5311
5291
5258
5212
5180
5145
5121
5098
5077
5057
5040
5023
5006
4989
4974
4957
4943
4928
4914
4898
4883
4869
4854
4839
4824
4810
4792
4792
4815
4831
4842
4852
4861
4868
4875
4881
4888
4894
4894
4877
4888
4881
4874
4885
4883
4874
4885
4880
4877
4884
4874
4875
4884
4880
4887
4871
4881
4882
4873
4882
4878
4881
4881
4878
4882
4867
4879
4886
4880
4878
4876
4883
4882
4871
4883
4880
4883
4881
4877
4885
4869
4879
4887
4870
4881
4882
4883
4882
4872
4885
4726
4325
4191
4201
4272
4361
4437
4503
4556
4596
4631
4658
4672
4689
4695
4704
4707
4709
4711
4713
4709
4712
4711
4711
4709
4712
4710
4711
4706
4709
4707
4709
4708
4709
4704
4707
4706
4710
4707
4708
4705
4707
4706
4709
4705
4706
4707
4708
4706
4707
4707
4707
4705
4707
4708
4706
4705
4707
4706
4708
4707
4707
4706
4704
4707
4708
4706
4704
4707
4707
4708
4706
4708
4706
4706
4704
4707
4706
4708
4707
4708
4706
4709
4707
4708
4708
4707
4716
4706
4705
4708
4704
4708
4705
4709
4706
4709
4705
4706
4961
5261
5314
5315
5294
5263
5215
5176
5145
5120
5098
5077
5058
5041
5023
5006
4989
4974
4959
4943
4926
4913
4898
4883
4868
4854
4839
4825
4811
4796
4807
4827
4841
4852
4862
4869
4877
4884
4877
4883
4876
4880
4879
4881
4867
4878
4887
4881
4883
4870
4881
4886
4882
4874
4875
4884
4879
4881
4883
4878
4881
4872
4881
4883
4870
4882
4879
4884
4879
4880
4883
4879
4878
4870
4883
4882
4869
4883
4884
4870
4882
4886
4871
4883
4882
4878
4883
4884
4868
4884
4885
4881
4882
4879
4877
4883
4886
4876
4882
4877
4873
4884
4881
4874
4884
4880
4882
4883
4879
4876
4884
4875
4875
4884
4879
4875
4886
4870
4877
4887
4873
4876
4887
4882
4878
4876
4882
4881
4877
4880
4882
4877
4865
4878
4884
4872
4877
4887
4875
4877
4888
4875
4877
4886
4881
4877
4880
4883
4879
4881
4868
4880
4886
4881
4878
4886
4869
4880
4888
4868
4880
4882
4885
4871
4877
4887
4874
4877
4885
4879
4880
4884
4879
4881
4879
4881
4881
4869
4883
4883
4870
4881
4885
4871
4882
4887
4871
4882
4882
4884
4868
4875
4886
4879
4881
4882
4876
4880
4866
4877
4887
4872
4872
4886
4873
4875
4883
4881
4883
4879
4875
4884
4876
4874
4884
4877
4872
4883
4882
4885
4879
4875
4884
4868
4872
4885
4882
4869
4882
4883
4869
4881
4880
4868
4880
4885
4880
4879
4877
4880
4886
4869
4880
4880
4882
4877
4878
4880
4886
4869
4880
4875
4880
4878
4872
4883
4880
4868
4882
4877
4880
4879
4872
4883
4871
4873
4883
4884
4870
4881
4884
4869
4880
4885
4869
4879
4885
4880
4877
4870
4883
4881
4883
4879
4880
4883
4877
4879
4881
4880
4869
4880
4883
4869
4880
4888
4873
4876
4892
4873
4875
4887
4881
4877
4882
4877
4880
4867
4879
4885
4868
4878
4886
4879
4881
4882
4879
4871
4882
4880
4870
4883
4883
4869
4882
4883
4883
4871
4874
4884
4878
4887
4874
4876
4885
4881
4884
4880
4879
4882
4866
4876
4885
4878
4872
4884
4879
4870
4884
