4747
4643
4597
4585
4600
4629
4665
4696
4730
4753
4776
4791
4806
4812
4821
4825
4828
4827
4827
4825
4825
4825
4825
4825
4822
4821
4819
4820
4819
4819
4819
4818
4821
4820
4819
4819
4819
4820
4819
4816
4818
4819
4817
4817
4816
4819
4819
4821
4819
4821
4818
4821
4819
4821
4819
4821
4818
4820
4817
4819
4818
4820
4817
4818
4816
4818
4816
4818
4816
4818
4818
4820
4817
4820
4818
4819
4818
4819
4817
4818
4815
4818
4819
4820
4816
4820
4819
4819
4819
4819
4818
4819
4818
4818
4819
4824
4971
5049
5080
5088
5085
5074
5040
5007
4980
4957
4937
4918
4900
4880
4867
4867
4865
4876
4867
4878
4879
4877
4870
4883
4876
4876
4886
4881
4868
4876
4886
4881
4878
4882
4880
4875
4874
4885
4879
4874
4885
4879
4887
4876
4879
4883
4868
4881
4887
4871
4880
4883
4884
4869
4878
4882
4880
4883
4871
4883
4880
4877
4882
4876
4885
4868
4879
4892
4871
4879
4882
4868
4881
4885
4880
4878
4885
4869
4880
4888
4871
4880
4882
4884
4880
4876
4881
4879
4885
4870
4881
4878
4872
4877
4734
4637
4597
4584
4607
4632
4669
4700
4733
4752
4779
4790
4807
4815
4823
4825
4828
4827
4831
4829
4829
4824
4824
4823
4823
4820
4822
4820
4820
4819
4818
4818
4819
4819
4819
4818
4817
4817
4817
4819
4818
4819
4819
4816
4818
4818
4818
4819
4818
4819
4816
4819
4816
4816
4817
4821
4818
4819
4817
4818
4817
4821
4820
4821
4818
4819
4817
4821
4817
4819
4817
4816
4817
4820
4819
4818
4818
4818
4819
4821
4818
4820
4819
4819
4817
4818
4818
4819
4817
4820
4817
4819
4819
4821
4819
4830
4977
5050
5078
5087
5082
5072
5052
5006
4980
4958
4936
4918
4900
4883
4865
4854
4873
4872
4876
4870
4876
4892
4879
4877
4878
4885
4870
4883
4878
4880
4870
4882
4879
4883
4880
4875
4873
4884
4879
4873
4880
4892
4880
4869
4881
4884
4881
4878
4885
4869
4881
4880
4883
4868
4877
4886
4880
4877
4886
4880
4877
4885
4873
4876
4886
4878
4872
4884
4880
4875
4885
4871
4877
4882
4881
4884
4868
4883
4876
4873
4883
4883
4879
4882
4881
4871
4885
4871
4874
4886
4875
4877
4885
4867
4708
4625
4591
4587
4610
4640
4679
4710
4740
4760
4782
4795
4809
4815
4823
4825
4831
4829
4832
4828
4828
4825
4823
4820
4821
4819
4822
4820
4822
4821
4821
4821
4821
4820
4820
4819
4819
4820
4820
4821
4820
4820
4820
4819
4816
4819
4818
4818
4817
4819
4818
4821
4816
4821
4820
4820
4817
4819
4816
4819
4818
4820
4819
4820
4818
4820
4818
4822
4818
4820
4816
4819
4816
4821
4817
4819
4818
4821
4819
4816
4817
4817
4817
4816
4819
4820
4819
4820
4819
4822
4819
4820
4817
4819
4816
4841
4988
5056
5081
5100
5082
5066
5028
4996
4972
4949
4930
4912
4893
4877
4869
4874
4876
4879
4871
4881
4878
4876
4882
4871
4881
4879
4882
4879
4883
4876
4875
4887
4876
4877
4884
4881
4889
4871
4883
4878
4887
4873
4879
4885
4881
4877
4886
4870
4881
4881
4884
4869
4875
4887
4872
4876
4886
4874
4877
4887
4877
4876
4887
4879
4875
4886
4872
4878
4880
4882
4885
4871
4883
4882
4878
4882
4878
4873
4884
4879
4882
4882
4878
4882
4880
4877
4884
4868
4879
4881
4883
4878
4892
4847
4704
4623
4590
4590
4614
4644
4681
4712
4741
4761
4783
4796
4808
4817
4823
4824
4829
4829
4829
4827
4826
4826
4820
4823
4824
4823
4823
4820
4820
4819
4817
4818
4817
4817
4819
4820
4820
4820
4818
4820
4818
4816
4818
4819
4817
4819
4818
4819
4819
4819
4818
4820
4818
4816
4818
4820
4818
4822
4820
4821
4816
4821
4818
4819
4816
4818
4816
4819
4818
4820
4818
4821
4818
4820
4816
4819
4817
4820
4819
4820
4817
4819
4819
4816
4820
4819
4820
4821
4819
4819
4817
4818
4818
4819
4818
4849
4996
5057
5083
5089
5083
5064
5027
4997
4971
4949
4930
4910
4894
4876
4861
4875
4870
4884
4879
4872
4878
4880
4872
4887
4874
4879
4881
4885
4880
4882
4871
4885
4880
4879
4880
4879
4880
4884
4879
4875
4880
4881
4877
4882
4867
4878
4885
4869
4878
4886
4869
4880
4887
4870
4879
4889
4873
4878
4884
4869
4880
4886
4876
4892
4879
4870
4883
4890
4873
4881
4884
4871
4882
4880
4877
4881
4877
4871
4883
4881
4876
4884
4882
4873
4884
4879
4884
4867
4879
4887
4869
4881
4888
4871
4881
4889
4873
4880
4884
4869
4881
4886
4870
4880
4882
4883
4879
4877
4880
4882
4882
4871
4882
4885
4871
4882
4881
4884
4879
4874
4879
4882
4880
4872
4883
4880
4871
4883
4881
4877
4883
4876
4874
4884
4878
4886
4870
4878
4883
4880
4879
4883
4869
4881
4892
4870
4881
4887
4871
4882
4888
4872
4881
4888
4873
4879
4885
4870
4881
4881
4883
4884
4881
4878
4881
4880
4871
4882
4879
4882
4867
4879
4888
4876
4877
4886
4870
4878
4881
4883
4878
4875
4884
4880
4877
4881
4877
4885
4868
4878
4885
4868
4879
4885
4868
4877
4886
4879
4881
4882
4877
4879
4866
4879
4882
4880
4882
4869
4881
4884
4882
4872
4873
4883
4886
4870
4881
4886
4869
4880
4886
4868
4878
4887
4876
4876
4884
4879
4880
4882
4868
4873
4882
4881
4869
4881
4881
4869
4878
4876
4884
4878
4882
4866
4878
4884
4879
4884
4868
4879
4887
4869
4878
4886
4879
4876
4869
4881
4880
4883
4877
4879
4882
4880
4869
4881
4883
4884
4870
4874
4884
4879
4877
4881
4884
4869
4881
4884
4882
4872
4873
4880
4882
4883
4867
4877
4886
4877
4874
4884
4878
4886
4868
4877
4880
4880
4894
4868
4880
4882
4882
4869
4873
4883
4880
4869
4882
4884
4868
4879
4884
4867
4878
4880
4879
4879
4872
4879
4892
4876
4878
4885
4869
4879
4880
4882
4876
4884
4869
4875
4886
4870
4873
4884
4884
4871
4881
4880
4868
4879
4885
4868
4879
4885
4880
4872
4871
4881
4881
4880
4879
4880
4883
4868
4873
4880
4881
4868
