31579
34727
35370
35391
35359
35362
35356
35361
35361
35367
35367
35362
35369
35364
35363
35366
35358
35359
35352
35370
35357
35361
35367
35367
35360
35361
35356
35363
35357
35366
35358
35369
35364
35371
35360
35352
35363
35363
35357
35357
35357
35355
35356
35346
35354
35366
35357
35355
35355
35357
35368
35361
35363
35352
35356
35365
35357
35352
35364
35359
35355
35355
35357
35358
35354
35356
35365
35355
35363
35364
35361
35354
35357
35360
35352
35360
35354
35353
35354
35364
35364
35351
35370
35359
35365
35358
35351
35361
35352
35362
35348
35358
35361
35359
35354
35354
35360
35356
35362
35359
36779
41780
39998
38974
38030
37114
37284
37749
37683
37661
37663
37663
37649
37667
37664
37653
37659
37663
37652
37673
37653
37663
37662
37661
37657
37663
37660
37660
37653
37661
37646
37663
37655
37659
37640
37670
37647
37666
37648
37651
37661
37662
37664
37648
37662
37667
37658
37660
37662
37656
37651
37666
37655
37665
37661
37657
37666
37653
37656
37662
37670
37652
37653
37666
37650
37674
37645
37670
37653
37674
37656
37648
37662
37651
37664
37660
37654
37669
37647
37657
37650
37652
37653
37662
37647
37662
37650
37655
37667
37659
37665
37652
37651
37669
37517
31546
34780
35366
35384
35367
35356
35354
35366
35359
35347
35362
35356
35361
35353
35362
35358
35363
35353
35359
35359
35348
35364
35362
35355
35361
35364
35363
35354
35358
35359
35354
35358
35349
35358
35349
35355
35350
35347
35358
35353
35352
35350
35357
35358
35355
35364
35353
35362
35352
35359
35353
35355
35359
35347
35361
35351
35354
35357
35344
35356
35362
35361
35353
35359
35344
35358
35354
35344
35361
35358
35366
35348
35352
35344
35348
35359
35349
35354
35356
35360
35353
35376
35348
35357
35350
35354
35354
35356
35351
35352
35361
35364
35360
35364
35362
35361
35354
35365
35367
35351
37040
41682
39945
38921
37983
37085
37349
37735
37674
37657
37675
37660
37650
37648
37666
37652
37658
37663
37647
37653
37668
37648
37672
37661
37649
37664
37668
37659
37657
37673
37653
37652
37666
37656
37649
37660
37670
37654
37674
37651
37653
37657
37654
37658
37666
37644
37665
37674
37648
37653
37659
37654
37654
37652
37656
37644
37646
37672
37656
37656
37655
37648
37661
37657
37654
37648
37671
37647
37654
37670
37663
37648
37666
37654
37659
37656
37658
37666
37659
37659
37654
37653
37659
37665
37666
37660
37656
37661
37656
37651
37655
37659
37657
37657
37368
31568
34834
35374
35377
35352
35357
35362
35349
35350
35343
35354
35348
35346
35348
35328
35342
35349
35356
35354
35363
35356
35360
35357
35357
35363
35357
35366
35361
35364
35358
35363
35365
35361
35368
35362
35366
35363
35357
35361
35362
35367
35363
35359
35358
35357
35366
35364
35362
35356
35349
35367
35359
35357
35355
35359
35361
35361
35358
35362
35365
35365
35365
35360
35365
35360
35364
35366
35365
35368
35352
35367
35367
35368
35369
35355
35362
35361
35368
35361
35365
35367
35373
35356
35358
35368
35359
35365
35351
35369
35361
35362
35368
35357
35361
35366
35344
35362
35362
35366
35354
37373
41566
39877
38867
37922
37049
37385
37746
37694
37662
37664
37652
37672
37671
37650
37673
37668
37665
37647
37669
37663
37661
37676
37663
37660
37657
37669
37660
37653
37653
37679
37657
37651
37670
37654
37642
37680
37654
37664
37667
37659
37665
37665
37655
37671
37666
37653
37673
37657
37652
37662
37662
37660
37654
37656
37674
37662
37662
37652
37656
37667
37667
37657
37655
37653
37655
37659
37660
37651
37645
37664
37653
37639
37652
37650
37665
37649
37644
37653
37648
37659
37647
37661
37642
37653
37660
37656
37655
37668
37653
37671
37665
37653
37682
37166
31655
34862
35373
35377
35362
35353
35353
35357
35365
35355
35347
35366
35353
35365
35359
35360
35361
35355
35359
35365
35344
35358
35355
35358
35362
35353
35358
35367
35349
35360
35358
35361
35363
35352
35361
35358
35360
35359
35358
35363
35359
35366
35360
35362
35372
35369
35366
35360
35363
35363
35363
35353
35360
35360
35363
35361
35353
35361
35362
35366
35353
35367
35364
35359
35344
35351
35368
35348
35362
35363
35362
35364
35361
35368
35354
35362
35362
35371
35362
35364
35368
35362
35368
35365
35371
35369
35365
35368
35366
35367
35367
35362
35370
35362
35375
35365
35360
35371
35362
35364
37550
41547
39888
38870
37928
37054
37392
37757
37683
37674
37672
37652
37677
37658
37680
37658
37663
37672
37668
37657
37669
37667
37664
37660
37655
37665
37673
37671
37658
37664
37666
37661
37676
37667
37649
37669
37679
37665
37662
37670
37665
37667
37676
37660
37647
37667
37667
37658
37655
37661
37648
37670
37662
37653
37671
37665
37650
37673
37651
37656
37673
37662
37672
37657
37668
37672
37653
37673
37657
37678
37662
37663
37656
37675
37659
37643
37662
37645
37663
37669
37662
37668
37671
37680
37656
37667
37651
37667
37667
37653
37660
37661
37661
37648
37674
37660
37660
37655
37660
37662
37661
37649
37658
37654
37658
37651
37667
37663
37666
37648
37647
37664
37670
37657
37663
37662
37659
37665
37655
37669
37655
37656
37663
37665
37676
37644
37659
37668
37654
37673
37661
37645
37660
37658
37660
37664
37653
37656
37662
37662
37654
37670
37653
37657
37653
37661
37659
37636
37656
37659
37654
37658
37663
37666
37644
37656
37661
37655
37665
37659
37652
37674
37650
37671
37652
37667
37675
37656
37663
37670
37659
37658
37669
37672
37661
37669
37670
37661
37671
37670
37667
37663
37678
37651
37660
37682
37654
37670
37667
37659
37669
37653
37660
37669
37654
37660
37653
37645
37655
37661
37653
37664
37635
37668
37651
37666
37656
37672
37651
37657
37673
37646
37664
37644
37662
37664
37646
37669
37662
37650
37649
37663
37657
37665
37660
37646
37659
37658
37655
37661
37659
37653
37665
37652
37658
37657
37663
37651
37658
37661
37656
37655
37658
37671
37662
37652
37665
37664
37657
37670
37662
37666
37660
37667
37648
37653
37668
37661
37646
37658
37654
37659
37672
37656
37653
37662
37651
37665
37656
37663
37651
37664
37668
37666
37653
37649
37662
37659
37668
37653
37658
37657
37670
37659
37669
37668
37651
37660
37656
37662
37653
37662
37653
37650
37662
37662
37659
37660
37662
37659
37666
37672
37657
37667
37666
37651
37671
37661
37665
37662
37662
37657
37674
37666
37650
37671
37669
37668
37659
37648
37664
37661
37663
37653
37672
37657
37651
37666
37653
37666
37669
37668
37651
37670
37657
37650
37668
37659
37671
