18553
18596
19053
19263
19311
19303
19291
19283
19278
19280
19282
19274
19280
19281
19279
19283
19279
19278
19276
19270
19278
19285
19276
19273
19276
19277
19276
19276
19282
19276
19284
19276
19266
19274
19277
19274
19285
19276
19271
19275
19274
19279
19277
19275
19279
19277
19278
19279
19278
19284
19284
19281
19279
19276
19281
19281
19278
19284
19276
19268
19280
19275
19275
19275
19281
19279
19277
19281
19278
19276
19278
19274
19274
19278
19279
19271
19279
19282
19279
19278
19279
19278
19278
19282
19275
19277
19281
19278
19276
19276
19277
19279
19277
19274
19279
19424
20301
20135
19744
19484
19485
19518
19509
19515
19518
19515
19521
19514
19511
19514
19514
19518
19518
19501
19526
19506
19517
19516
19512
19518
19512
19524
19496
19523
19515
19505
19514
19521
19508
19514
19516
19515
19524
19503
19525
19515
19523
19508
19518
19514
19512
19510
19521
19521
19520
19512
19530
19507
19529
19506
19520
19518
19519
19517
19508
19529
19525
19507
19522
19519
19518
19508
19521
19522
19506
19526
19503
19526
19512
19512
19516
19519
19515
19513
19508
19530
19512
19525
19511
19523
19517
19512
19528
19508
19526
19517
19531
19511
19527
19520
18608
18572
19040
19265
19311
19299
19296
19281
19276
19284
19279
19277
19287
19285
19283
19283
19280
19277
19283
19278
19273
19279
19279
19274
19284
19281
19274
19275
19275
19283
19288
19283
19285
19283
19280
19284
19280
19285
19278
19278
19282
19276
19276
19279
19277
19284
19281
19275
19275
19286
19279
19279
19279
19281
19292
19282
19288
19273
19280
19283
19279
19277
19286
19278
19277
19285
19281
19292
19285
19280
19282
19281
19287
19280
19285
19282
19278
19282
19281
19283
19281
19279
19272
19281
19274
19280
19284
19288
19278
19281
19289
19281
19283
19281
19282
19392
20291
20119
19731
19502
19492
19524
19515
19526
19518
19522
19521
19509
19532
19507
19530
19507
19521
19520
19515
19510
19518
19522
19532
19512
19522
19523
19520
19515
19512
19513
19517
19525
19513
19521
19516
19519
19515
19514
19520
19514
19520
19517
19518
19515
19514
19520
19509
19523
19512
19505
19524
19519
19513
19518
19518
19519
19512
19524
19515
19511
19526
19519
19509
19520
19522
19505
19513
19528
19518
19518
19517
19519
19513
19527
19505
19521
19517
19521
19517
19508
19521
19514
19519
19531
19511
19521
19518
19514
19511
19525
19506
19518
19519
19520
18689
18546
19015
19254
19324
19306
19289
19287
19278
19280
19282
19283
19277
19283
19280
19277
19283
19285
19277
19282
19281
19280
19292
19280
19275
19268
19271
19282
19282
19279
19280
19278
19278
19277
19279
19281
19278
19280
19278
19274
19275
19277
19271
19278
19281
19274
19283
19282
19275
19276
19284
19284
19273
19278
19279
19275
19281
19280
19276
19280
19281
19278
19280
19277
19285
19282
19282
19280
19278
19281
19283
19275
19276
19281
19271
19279
19276
19270
19275
19282
19283
19276
19277
19280
19276
19292
19273
19276
19279
19275
19274
19275
19276
19271
19270
19350
20262
20149
19755
19504
19506
19511
19511
19513
19517
19524
19519
19516
19512
19513
19516
19502
19520
19524
19511
19521
19505
19528
19511
19507
19520
19503
19518
19519
19515
19510
19518
19509
19521
19516
19510
19514
19509
19531
19505
19520
19521
19504
19526
19513
19515
19519
19520
19521
19522
19523
19507
19526
19518
19511
19524
19510
19506
19529
19501
19518
19526
19513
19515
19512
19517
19518
19524
19514
19515
19522
19511
19510
19516
19520
19513
19511
19516
19521
19512
19517
19511
19516
19521
19519
19508
19509
19512
19508
19512
19517
19520
19508
19522
19517
18753
18515
18995
19247
19308
19306
19287
19284
19275
19273
19275
19279
19274
19278
19283
19275
19273
19275
19283
19271
19272
19276
19273
19274
19274
19276
19276
19276
19280
19271
19273
19275
19276
19279
19279
19271
19275
19275
19276
19279
19275
19269
19272
19274
19271
19275
19276
19272
19292
19274
19273
19275
19272
19270
19272
19281
19278
19273
19278
19272
19274
19279
19282
19277
19276
19275
19275
19284
19283
19274
19280
19284
19280
19274
19276
19278
19280
19279
19275
19274
19277
19268
19274
19279
19272
19272
19284
19282
19276
19277
19279
19279
19282
19278
19274
19296
20218
20207
19807
19524
19486
19515
19510
19508
19507
19519
19517
19521
19518
19518
19517
19513
19522
19524
19516
19518
19519
19513
19517
19508
19517
19509
19529
19504
19516
19517
19516
19515
19505
19516
19513
19513
19519
19509
19516
19506
19514
19520
19511
19511
19516
19517
19517
19518
19516
19515
19512
19506
19521
19506
19520
19517
19511
19511
19519
19524
19526
19507
19529
19513
19521
19521
19517
19514
19512
19520
19507
19527
19505
19518
19519
19524
19506
19520
19516
19514
19517
19512
19518
19517
19515
19519
19526
19514
19515
19517
19516
19512
19521
19522
19512
19510
19510
19509
19515
19522
19513
19513
19514
19510
19513
19513
19519
19512
19518
19520
19496
19526
19518
19515
19513
19510
19512
19509
19521
19511
19508
19511
19524
19506
19517
19518
19512
19512
19506
19521
19504
19516
19515
19515
19515
19503
19515
19516
19513
19524
19509
19513
19519
19501
19523
19513
19513
19514
19519
19515
19525
19519
19521
19501
19515
19516
19515
19509
19521
19510
19521
19510
19514
19523
19509
19519
19507
19506
19527
19520
19517
19518
19498
19514
19515
19528
19512
19509
19511
19512
19522
19515
19510
19512
19532
19510
19523
19502
19525
19517
19518
19522
19506
19514
19513
19513
19522
19503
19522
19506
19518
19510
19513
19519
19516
19522
19508
19516
19522
19508
19525
19519
19518
19507
19512
19517
19530
19512
19509
19522
19518
19510
19513
19516
19515
19501
19514
19522
19523
19513
19510
19521
19513
19515
19524
19506
19514
19519
19519
19517
19513
19511
19516
19509
19511
19509
19517
19519
19511
19510
19515
19521
19503
19520
19511
19517
19511
19520
19514
19502
19525
19516
19512
19516
19522
19503
19521
19521
19504
19516
19515
19511
19519
19516
19513
19517
19520
19510
19518
19518
19509
19511
19512
19526
19510
19513
19514
19514
19514
19519
19522
19506
19529
19519
19521
19511
19527
19516
19505
19519
19517
19503
19518
19513
19518
19515
19511
19516
19524
19518
19513
19520
19508
19516
19517
19526
19518
19509
19524
19502
19522
19511
19518
19521
19510
19504
19513
19531
19505
19519
19511
19527
19508
19509
19513
19521
19514
19506
19522
19522
19523
19517
19517
19522
19507
19468
19519
19511
19529
19502
19524
19509
19516
19517
19513
19519
19510
19515
