2300
2268
2245
2230
2218
2213
2212
2213
2213
2222
2229
2237
2245
2254
2262
2271
2277
2285
2292
2297
2302
2307
2312
2314
2316
2312
2322
2323
2324
2326
2328
2328
2328
2329
2330
2329
2329
2330
2329
2328
2328
2329
2328
2328
2326
2328
2328
2326
2327
2327
2326
2324
2327
2325
2325
2325
2325
2327
2325
2327
2325
2326
2324
2325
2325
2327
2325
2325
2326
2325
2325
2324
2326
2326
2324
2323
2324
2325
2324
2324
2326
2325
2325
2325
2325
2326
2324
2324
2326
2325
2324
2325
2325
2325
2324
2325
2369
2406
2425
2439
2446
2451
2454
2456
2455
2452
2450
2448
2441
2430
2422
2414
2407
2400
2394
2391
2383
2379
2374
2369
2365
2360
2357
2349
2348
2355
2354
2349
2353
2357
2360
2354
2351
2355
2357
2354
2357
2359
2352
2350
2354
2357
2360
2355
2348
2352
2355
2358
2359
2356
2349
2352
2354
2357
2359
2360
2357
2349
2352
2355
2356
2359
2360
2356
2349
2352
2354
2357
2359
2360
2355
2357
2358
2360
2352
2348
2352
2355
2358
2358
2359
2354
2357
2359
2353
2355
2357
2358
2351
2338
2287
2259
2238
2225
2217
2213
2212
2214
2220
2228
2234
2242
2251
2260
2267
2275
2283
2289
2294
2298
2304
2309
2312
2313
2318
2321
2322
2323
2326
2327
2326
2328
2329
2329
2328
2328
2330
2329
2328
2331
2329
2329
2328
2329
2329
2327
2326
2326
2327
2326
2325
2327
2327
2326
2325
2326
2325
2325
2326
2326
2325
2324
2324
2327
2324
2324
2324
2325
2325
2323
2324
2325
2324
2324
2325
2326
2325
2324
2325
2326
2325
2325
2326
2327
2324
2324
2325
2324
2324
2324
2324
2324
2323
2321
2325
2330
2384
2412
2430
2441
2448
2452
2455
2455
2454
2453
2449
2447
2437
2425
2419
2412
2407
2399
2393
2388
2383
2378
2373
2369
2364
2359
2355
2351
2350
2355
2353
2358
2356
2351
2354
2358
2354
2349
2355
2356
2358
2354
2357
2359
2354
2359
2359
2354
2357
2354
2355
2359
2359
2355
2348
2353
2354
2358
2359
2360
2354
2350
2353
2355
2359
2360
2360
2353
2349
2354
2355
2358
2357
2360
2355
2357
2359
2354
2356
2357
2353
2356
2357
2359
2359
2350
2351
2354
2356
2358
2359
2358
2350
2321
2278
2253
2234
2223
2216
2211
2213
2217
2222
2227
2236
2246
2253
2261
2269
2278
2284
2289
2295
2301
2306
2309
2312
2317
2319
2320
2322
2325
2326
2327
2329
2330
2330
2330
2330
2329
2330
2329
2330
2331
2329
2328
2329
2329
2327
2328
2328
2328
2327
2327
2328
2327
2325
2325
2327
2326
2324
2326
2326
2325
2323
2324
2325
2325
2323
2325
2327
2325
2325
2326
2326
2325
2326
2326
2326
2326
2325
2326
2326
2325
2324
2324
2325
2324
2324
2325
2325
2324
2325
2325
2326
2324
2326
2326
2327
2345
2396
2421
2435
2441
2450
2454
2454
2452
2454
2451
2448
2445
2435
2425
2418
2410
2404
2399
2396
2386
2381
2377
2369
2367
2363
2359
2354
2350
2351
2356
2351
2351
2356
2357
2356
2358
2352
2350
2353
2359
2359
2357
2350
2353
2356
2358
2358
2355
2356
2352
2355
2357
2352
2354
2357
2358
2336
2348
2352
2355
2357
2359
2360
2359
2351
2351
2355
2357
2358
2358
2351
2349
2353
2355
2357
2358
2361
2358
2355
2357
2352
2356
2357
2360
2355
2349
2351
2354
2356
2358
2359
2355
2356
2309
2272
2248
2232
2221
2213
2209
2214
2216
2221
2229
2238
2247
2253
2263
2270
2278
2283
2290
2296
2301
2304
2309
2314
2316
2319
2321
2324
2324
2325
2327
2328
2329
2328
2331
2330
2331
2328
2330
2330
2329
2327
2329
2328
2326
2327
2327
2325
2325
2327
2327
2326
2325
2327
2326
2325
2324
2326
2326
2325
2324
2325
2325
2324
2323
2324
2325
2323
2323
2324
2325
2324
2324
2326
2326
2325
2324
2325
2325
2324
2324
2324
2325
2325
2324
2325
2325
2323
2324
2326
2325
2324
2325
2326
2325
2324
2362
2405
2424
2438
2446
2451
2453
2455
2455
2453
2450
2448
2442
2432
2423
2416
2409
2403
2396
2391
2385
2381
2375
2371
2366
2363
2357
2352
2348
2353
2355
2349
2351
2357
2355
2349
2352
2356
2358
2353
2350
2353
2356
2359
2356
2349
2352
2355
2357
2358
2354
2356
2359
2358
2354
2357
2352
2355
2357
2358
2353
2356
2357
2353
2355
2359
2357
2349
2349
2352
2354
2356
2358
2361
2357
2349
2351
2354
2356
2358
2359
2355
2356
2358
2354
2354
2357
2358
2353
2348
2350
2353
2356
2358
2360
2354
2356
2357
2359
2353
2356
2357
2358
2354
2355
2358
2358
2350
2349
2352
2355
2356
2358
2357
2354
2356
2358
2360
2354
2348
2352
2355
2356
2359
2360
2354
2356
2359
2353
2356
2356
2358
2352
2344
2350
2353
2356
2357
2359
2359
2354
2357
2359
2353
2355
2358
2357
2354
2356
2358
2356
2348
2350
2353
2355
2357
2359
2360
2355
2349
2336
2354
2357
2358
2360
2354
2357
2358
2359
2354
2356
2357
2353
2353
2356
2358
2353
2355
2357
2358
2349
2348
2352
2355
2357
2359
2359
2353
2356
2357
2356
2353
2356
2358
2354
2354
2356
2358
2359
2351
2347
2351
2355
2355
2357
2359
2358
2349
2349
2353
2354
2356
2358
2360
2355
2353
2357
2358
2360
2352
2349
2352
2355
2356
2358
2359
2359
2349
2351
2353
2355
2357
2358
2360
2356
2355
2358
2359
2354
2356
2358
2358
2354
2355
2357
2352
2354
2356
2357
2352
2354
2355
2358
2357
2348
2349
2352
2354
2353
2357
2359
2359
2355
2356
2358
2352
2355
2357
2357
2353
2355
2356
2359
2356
2348
2349
2352
2354
2356
2357
2359
2355
2355
2357
2358
2354
2355
2357
2336
2353
2356
2357
2359
2357
2349
2349
2353
2354
2356
2357
2360
2354
2355
2358
2358
2353
2348
2350
2353
2355
2357
2358
2364
2358
2350
2350
2353
2355
2357
2358
2359
2355
2349
2351
2353
2356
2359
2359
2359
2353
2349
2351
2355
2356
2357
2360
2358
2351
2349
2353
2354
2356
2358
2360
2355
2355
2358
2354
2353
2356
2358
2358
2353
2356
2357
2352
2354
2356
2357
