73082
76198
76148
76143
76155
76139
76139
76151
76133
76133
76141
76146
76140
76143
76134
76137
76130
76128
76139
76122
76138
76137
76137
76135
76142
76145
76140
76142
76145
76141
76127
76125
76142
76137
76140
76127
76128
76128
76142
76141
76138
76146
76151
76141
76145
76142
76142
76135
76140
76146
76131
76132
76122
76148
76137
76139
76142
76145
76150
76143
76152
76138
76142
76148
76145
76143
76150
76139
76150
76150
76146
76145
76146
76145
76139
76139
76141
76128
76144
76147
76133
76140
76139
76143
76136
76135
76143
76143
76145
76143
76140
76137
76132
76140
76132
76133
76128
76108
82256
79122
78576
78775
78779
78762
78775
78777
78800
78785
78770
78783
78768
78782
78771
78763
78770
78774
78775
78759
78771
78786
78781
78765
78765
78762
78764
78768
78745
78767
78755
78766
78770
78735
78767
78752
78765
78753
78764
78765
78761
78777
78762
78762
78755
78766
78759
78758
78757
78755
78760
78772
78769
78782
78775
78775
78777
78764
78767
78750
78768
78756
78758
78763
78779
78763
78744
78766
78759
78769
78744
78764
78760
78753
78765
78766
78769
78770
78765
78747
78750
78751
78749
78758
78765
78747
78765
78760
78751
78755
78754
78764
78762
78750
74709
75813
76143
76111
76110
76115
76106
76121
76116
76104
76106
76116
76120
76106
76132
76130
76124
76130
76135
76126
76132
76135
76128
76135
76096
76123
76120
76132
76108
76116
76121
76111
76111
76112
76107
76107
76097
76113
76113
76113
76117
76116
76122
76115
76125
76115
76115
76117
76104
76112
76115
76107
76129
76123
76122
76128
76114
76114
76109
76114
76109
76114
76108
76109
76101
76116
76116
76109
76125
76115
76125
76119
76110
76117
76115
76118
76128
76124
76122
76115
76110
76109
76127
76124
76117
76109
76103
76107
76110
76113
76108
76122
76114
76124
76126
76132
76106
76119
79180
81217
78250
78770
78755
78743
78749
78744
78760
78737
78740
78742
78736
78753
78737
78762
78751
78744
78749
78746
78734
78754
78728
78739
78732
78738
78734
78732
78755
78743
78744
78747
78758
78733
78769
78739
78747
78736
78742
78743
78734
78756
78736
78747
78743
78738
78750
78730
78745
78739
78735
78736
78739
78746
78743
78738
78741
78749
78746
78730
78726
78742
78732
78734
78722
78745
78741
78741
78746
78751
78742
78761
78736
78732
78721
78741
78743
78741
78732
78739
78726
78739
78726
78734
78732
78741
78724
78747
78717
78743
78734
78746
78733
78742
78663
73034
76143
76096
76087
76078
76095
76094
76095
76091
76106
76092
76080
76110
76094
76091
76101
76084
76088
76090
76101
76098
76096
76089
76095
76095
76091
76099
76094
76087
76088
76098
76098
76100
76099
76088
76099
76096
76093
76106
76101
76110
76099
76097
76086
76094
76105
76096
76100
76098
76107
76107
76094
76100
76108
76095
76104
76092
76083
76100
76088
76097
76094
76103
76093
76094
76098
76093
76078
76102
76110
76093
76105
76097
76080
76085
76087
76082
76085
76092
76093
76098
76096
76088
76106
76093
76100
76102
76078
76098
76101
76093
76098
76100
76084
76104
76090
76098
76085
82253
79035
78557
78735
78735
78724
78737
78721
78721
78739
78740
78720
78728
78722
78731
78723
78732
78737
78712
78729
78731
78728
78700
78726
78716
78719
78725
78712
78721
78729
78714
78727
78715
78726
78723
78728
78728
78722
78737
78726
78731
78721
78738
78737
78743
78723
78739
78724
78738
78726
78745
78727
78735
78729
78734
78733
78728
78721
78716
78729
78725
78719
78732
78718
78711
78727
78718
78719
78701
78723
78723
78723
78735
78720
78739
78732
78733
78729
78733
78750
78743
78720
78737
78733
78749
78735
78730
78740
78707
78745
78716
78710
78734
78730
74652
75815
76127
76099
76104
76101
76090
76100
76101
76107
76101
76092
76087
76069
76079
76096
76089
76089
76095
76088
76088
76092
76095
76102
76105
76096
76101
76095
76093
76100
76092
76085
76101
76087
76086
76093
76091
76100
76076
76095
76097
76104
76087
76095
76098
76091
76094
76095
76100
76100
76092
76096
76093
76089
76096
76099
76082
76099
76091
76101
76103
76096
76094
76110
76097
76097
76103
76101
76109
76098
76101
76102
76090
76091
76085
76087
76084
76090
76097
76099
76089
76100
76101
76097
76095
76080
76091
76090
76088
76107
76088
76095
76086
76101
76081
76091
76086
76092
79149
81142
78265
78732
78731
78719
78743
78725
78738
78731
78722
78735
78724
78739
78728
78741
78719
78732
78735
78730
78736
78721
78719
78728
78729
78727
78716
78728
78724
78739
78728
78721
78740
78734
78717
78731
78718
78730
78724
78735
78720
78726
78722
78722
78727
78740
78728
78744
78723
78733
78727
78732
78736
78739
78737
78737
78719
78721
78735
78709
78721
78723
78719
78719
78719
78718
78706
78724
78718
78716
78716
78718
78722
78703
78716
78701
78714
78717
78699
78716
78692
78697
78716
78713
78715
78702
78714
78710
78719
78709
78723
78698
78727
78714
78712
78706
78723
78701
78719
78723
78713
78723
78724
78690
78722
78725
78731
78730
78713
78732
78722
78730
78725
78720
78705
78725
78722
78715
78721
78714
78707
78713
78718
78701
78714
78712
78710
78707
78706
78717
78703
78718
78701
78720
78699
78698
78725
78702
78696
78692
78701
78699
78699
78707
78708
78713
78696
78701
78705
78713
78705
78700
78709
78727
78723
78707
78732
78728
78709
78724
78707
78729
78716
78711
78708
78711
78716
78709
78716
78723
78714
78706
78710
78726
78702
78692
78715
78710
78692
78712
78701
78703
78721
78706
78709
78713
78708
78697
78726
78699
78728
78710
78715
78706
78737
78711
78727
78729
78711
78719
78702
78706
78720
78716
78712
78718
78710
78720
78722
78702
78715
78726
78716
78720
78702
78707
78714
78715
78726
78725
78712
78706
78713
78727
78706
78697
78708
78713
78714
78710
78726
78722
78731
78726
78701
78722
78698
78718
78724
78709
78733
78713
78725
78729
78726
78728
78730
78714
78733
78739
78719
78724
78733
78729
78717
78706
78733
78719
78726
78724
78724
78723
78728
78727
78721
78730
78731
78726
78717
78735
78719
78722
78738
78726
78725
78723
78734
78847
78716
78738
78709
78704
78738
78719
78717
78727
78724
78697
78722
78706
78724
78731
78711
78725
78713
78721
78719
78740
78720
78713
78734
78727
78707
78716
78737
78703
78720
78727
78726
78705
78710
78709
78728
78712
78721
78714
78715
78717
78716
78719
78710
78703
78710
78708
78715
78704
78713
78718
78717
78709
78721
78711
78719
78719
78722
78710
78717
78716
78726
78718
78707
78734
78713
78743
78735
78711
78726
78707
78710
