69169
73163
73116
73106
73106
73112
73111
73117
73111
73104
73109
73124
73108
73114
73108
73095
73105
73118
73140
73116
73114
73106
73109
73100
73096
73113
73107
73097
73094
73106
73108
73115
73111
73116
73102
73117
73107
73113
73105
73104
73119
73110
73117
73119
73110
73124
73113
73121
73122
73123
73117
73110
73107
73101
73108
73109
73104
73112
73115
73116
73109
73105
73108
73104
73107
73107
73103
73104
73109
73107
73109
73110
73099
73116
73111
73109
73122
73109
73126
73112
73106
73107
73113
73114
73104
73106
73113
73100
73108
73121
73112
73105
73097
73107
73105
73101
73100
73095
73095
79222
79811
76284
76695
76770
76750
76771
76774
76759
76758
76749
76748
76755
76775
76760
76757
76750
76756
76744
76744
76771
76751
76758
76765
76764
76769
76756
76747
76760
76742
76759
76754
76743
76735
76737
76743
76728
76740
76746
76747
76749
76755
76763
76758
76765
76745
76767
76752
76774
76757
76751
76789
76751
76769
76749
76749
76743
76748
76739
76746
76751
76752
76766
76759
76758
76759
76756
76781
76763
76771
76760
76757
76763
76746
76757
76742
76745
76757
76744
76751
76751
76758
76752
76750
76756
76758
76750
76750
76743
76743
76741
76760
76770
76754
74405
70776
73151
73110
73111
73108
73108
73108
73109
73112
73106
73112
73116
73097
73114
73105
73114
73111
73094
73114
73102
73105
73112
73102
73115
73108
73105
73104
73114
73120
73103
73103
73106
73103
73105
73108
73103
73111
73110
73089
73096
73103
73112
73112
73109
73117
73101
73110
73120
73111
73117
73108
73110
73101
73113
73115
73112
73117
73119
73118
73109
73111
73096
73116
73109
73104
73120
73124
73109
73120
73102
73109
73108
73119
73103
73106
73101
73095
73107
73111
73108
73103
73104
73093
73111
73095
73098
73102
73096
73102
73097
73110
73104
73093
73096
73086
73105
73103
73105
73100
80913
79015
76057
76771
76758
76765
76762
76764
76760
76773
76760
76758
76760
76760
76765
76756
76751
76750
76768
76751
76761
76779
76771
76762
76746
76767
76763
76760
76764
76763
76775
76759
76772
76749
76757
76758
76743
76755
76747
76757
76741
76747
76760
76756
76749
76751
76768
76753
76743
76771
76745
76745
76736
76732
76752
76754
76738
76750
76738
76769
76746
76741
76754
76751
76737
76760
76744
76747
76755
76764
76746
76757
76751
76754
76745
76738
76761
76759
76766
76763
76748
76770
76774
76757
76775
76756
76751
76753
76751
76758
76759
76750
76755
76751
72189
72223
73133
73076
73091
73090
73085
73080
73079
73083
73085
73084
73090
73092
73093
73089
73090
73100
73099
73098
73101
73088
73090
73088
73095
73101
73089
73152
73108
73091
73093
73098
73092
73105
73095
73116
73093
73103
73092
73100
73109
73094
73099
73081
73089
73089
73103
73102
73083
73107
73091
73103
73098
73108
73099
73095
73084
73093
73103
73091
73092
73101
73096
73096
73097
73098
73091
73099
73090
73100
73099
73098
73100
73097
73095
73101
73098
73100
73092
73086
73088
73097
73086
73080
73101
73098
73104
73101
73103
73110
73104
73112
73103
73094
73100
73097
73082
73082
73108
73099
82568
78303
75931
76865
76756
76760
76746
76760
76754
76746
76741
76752
76735
76756
76755
76740
76746
76742
76737
76741
76739
76751
76750
76728
76734
76734
76752
76748
76721
76733
76743
76747
76746
76732
76756
76738
76748
76759
76743
76738
76742
76746
76749
76734
76757
76745
76750
76744
76750
76767
76755
76745
76759
76751
76741
76745
76736
76736
76753
76741
76756
76747
76749
76744
76751
76729
76747
76748
76740
76756
76745
76753
76733
76747
76744
76733
76745
76739
76735
76748
76746
76745
76744
76734
76737
76744
76752
76738
76758
76743
76740
76747
76750
76752
70782
72874
73102
73092
73087
73093
73090
73083
73102
73096
73097
73085
73080
73094
73091
73101
73097
73168
73102
73089
73096
73103
73109
73101
73099
73087
73084
73103
73090
73087
73096
73081
73080
73089
73100
73086
73092
73099
73091
73094
73091
73078
73076
73074
73082
73085
73090
73074
73088
73074
73078
73093
73085
73104
73089
73103
73098
73107
73106
73107
73097
73097
73087
73111
73098
73100
73087
73091
73093
73095
73087
73086
73087
73098
73088
73098
73100
73098
73097
73093
73093
73095
73112
73093
73093
73093
73090
73101
73095
73091
73094
73085
73100
73091
73101
73099
73088
73092
73089
75202
81824
77509
76150
76769
76762
76758
76734
76757
76738
76735
76729
76730
76751
76742
76734
76738
76742
76730
76752
76742
76747
76750
76745
76728
76733
76738
76746
76733
76745
76672
76731
76745
76751
76748
76752
76737
76743
76736
76740
76727
76730
76753
76746
76736
76728
76726
76730
76741
76712
76737
76741
76751
76721
76751
76737
76725
76736
76733
76746
76743
76734
76748
76738
76738
76754
76733
76752
76743
76742
76740
76741
76727
76745
76742
76733
76733
76737
76740
76745
76764
76737
76735
76754
76725
76738
76741
76734
76732
76742
76737
76740
76741
76739
76737
76734
76749
76736
76746
76750
76746
76753
76747
76745
76743
76725
76740
76726
76734
76727
76751
76733
76731
76752
76737
76742
76751
76737
76746
76746
76752
76744
76751
76757
76757
76754
76740
76739
76751
76741
76748
76754
76745
76740
76742
76743
76742
76737
76741
76739
76742
76758
76735
76720
76741
76731
76734
76735
76724
76743
76745
76745
76750
76756
76749
76737
76753
76748
76742
76747
76744
76741
76742
76749
76757
76740
76739
76740
76733
76755
76747
76746
76734
76750
76731
76741
76739
76747
76754
76743
76733
76748
76731
76725
76729
76745
76730
76750
76747
76734
76725
76739
76728
76720
76740
76722
76732
76715
76730
76731
76727
76738
76743
76740
76737
76730
76733
76731
76731
76734
76731
76716
76743
76732
76724
76744
76744
76742
76730
76744
76741
76750
76731
76742
76731
76742
76748
76749
76722
76727
76740
76746
76748
76746
76738
76720
76737
76716
76724
76734
76746
76707
76728
76733
76716
76736
76737
76736
76707
76717
76727
76739
76739
76729
76728
76731
76731
76743
76722
76726
76722
76721
76719
76723
76716
76737
76715
76718
76737
76732
76751
76724
76726
76730
76714
76735
76735
76728
76718
76731
76729
76733
76732
76738
76724
76725
76735
76725
76721
76745
76721
76741
76737
76734
76721
76741
76739
76742
76726
76723
76726
76741
76724
76737
76733
76739
76731
76720
76720
76735
76718
76725
76718
76724
76728
76715
76733
76728
76729
76729
76736
76727
76721
76732
76754
76731
76732
76729
76757
76723
76745
76744
76741
76738
76733
76729
76726
76717
76732
76727
76744
76743
76735
76753
