4576
4475
4431
4419
4435
4462
4499
4528
4561
4583
4606
4620
4636
4640
4650
4654
4657
4655
4655
4653
4655
4654
4653
4654
4652
4650
4648
4649
4648
4648
4647
4648
4650
4648
4648
4649
4648
4648
4648
4649
4646
4647
4645
4645
4645
4647
4647
4651
4647
4650
4647
4649
4647
4650
4647
4648
4647
4649
4646
4647
4646
4649
4646
4647
4646
4647
4644
4647
4645
4648
4647
4648
4645
4649
4647
4649
4647
4648
4646
4646
4645
4648
4648
4650
4649
4651
4648
4648
4647
4647
4647
4647
4645
4647
4648
4653
4798
4875
4904
4912
4909
4899
4865
4833
4807
4785
4765
4747
4730
4713
4698
4697
4696
4706
4698
4707
4710
4707
4700
4714
4703
4707
4716
4711
4699
4706
4717
4709
4708
4713
4710
4705
4703
4715
4709
4704
4715
4709
4717
4702
4709
4714
4700
4711
4717
4700
4712
4711
4715
4699
4708
4712
4709
4712
4702
4714
4710
4708
4711
4707
4715
4699
4709
4718
4701
4709
4712
4698
4710
4715
4710
4708
4715
4699
4710
4716
4700
4711
4711
4712
4708
4705
4710
4708
4714
4699
4710
4705
4700
4706
4563
4469
4430
4421
4437
4465
4500
4531
4562
4585
4606
4620
4635
4642
4650
4653
4640
4655
4658
4657
4657
4653
4652
4651
4650
4649
4649
4649
4648
4646
4646
4645
4647
4648
4646
4645
4646
4645
4646
4648
4647
4647
4647
4648
4647
4647
4646
4647
4647
4647
4645
4647
4648
4648
4646
4649
4646
4647
4645
4646
4645
4649
4645
4649
4646
4645
4647
4649
4646
4645
4645
4648
4646
4648
4648
4648
4646
4648
4648
4649
4646
4650
4647
4649
4646
4647
4647
4648
4646
4648
4646
4647
4648
4650
4647
4659
4804
4875
4903
4911
4908
4897
4865
4832
4807
4786
4765
4746
4729
4713
4697
4686
4703
4703
4706
4700
4707
4709
4709
4708
4708
4714
4700
4712
4708
4709
4699
4711
4707
4713
4710
4705
4702
4714
4709
4688
4714
4710
4711
4699
4711
4714
4710
4709
4715
4701
4711
4710
4715
4698
4706
4713
4710
4706
4716
4710
4707
4715
4703
4705
4716
4705
4705
4716
4710
4705
4713
4700
4707
4713
4710
4714
4700
4712
4706
4703
4714
4713
4709
4713
4709
4701
4715
4703
4705
4717
4706
4707
4715
4696
4540
4459
4425
4422
4444
4472
4511
4541
4570
4589
4612
4625
4637
4641
4650
4653
4660
4658
4660
4657
4656
4652
4650
4648
4650
4649
4650
4649
4650
4649
4650
4649
4649
4650
4649
4649
4647
4649
4649
4649
4648
4649
4648
4648
4646
4647
4647
4646
4646
4648
4646
4649
4649
4649
4648
4648
4645
4647
4645
4649
4647
4648
4648
4650
4648
4649
4647
4651
4647
4648
4644
4648
4647
4648
4646
4648
4646
4651
4647
4648
4646
4645
4644
4648
4647
4649
4647
4648
4647
4650
4647
4648
4645
4645
4646
4670
4815
4881
4905
4911
4907
4891
4853
4823
4799
4776
4758
4740
4723
4706
4699
4704
4706
4709
4700
4710
4708
4706
4711
4700
4712
4708
4711
4708
4711
4701
4704
4716
4705
4706
4715
4710
4719
4700
4713
4705
4716
4702
4708
4714
4709
4707
4715
4700
4710
4710
4712
4698
4705
4716
4702
4705
4716
4704
4706
4716
4706
4707
4715
4709
4706
4715
4700
4708
4716
4710
4714
4701
4712
4711
4708
4712
4709
4702
4714
4709
4711
4713
4708
4712
4709
4706
4713
4698
4709
4710
4713
4708
4709
4676
4534
4457
4425
4424
4446
4477
4512
4543
4572
4591
4611
4625
4639
4646
4650
4652
4656
4655
4657
4655
4656
4653
4653
4652
4652
4650
4651
4649
4648
4647
4647
4646
4646
4646
4649
4649
4648
4649
4649
4649
4646
4648
4649
4648
4647
4647
4648
4648
4647
4648
4646
4648
4647
4647
4646
4647
4646
4651
4647
4649
4648
4649
4646
4649
4640
4646
4645
4648
4647
4649
4646
4649
4648
4649
4645
4648
4647
4649
4646
4648
4647
4647
4647
4648
4648
4648
4648
4650
4647
4647
4645
4647
4646
4647
4646
4678
4823
4883
4907
4913
4907
4890
4852
4824
4798
4777
4758
4739
4722
4706
4692
4705
4700
4709
4711
4701
4708
4710
4703
4717
4705
4708
4711
4715
4710
4711
4700
4714
4709
4708
4712
4708
4709
4713
4708
4703
4710
4710
4708
4711
4697
4708
4714
4698
4709
4715
4699
4711
4716
4701
4709
4717
4703
4708
4714
4699
4710
4716
4706
4711
4708
4699
4711
4719
4702
4711
4712
4699
4711
4710
4706
4711
4706
4701
4714
4710
4700
4712
4712
4701
4712
4708
4713
4696
4709
4715
4700
4710
4718
4701
4710
4719
4703
4709
4713
4699
4710
4715
4700
4711
4711
4713
4708
4705
4709
4711
4711
4700
4712
4714
4701
4711
4710
4712
4708
4705
4707
4710
4709
4700
4712
4712
4700
4712
4709
4707
4711
4705
4703
4713
4708
4715
4698
4709
4711
4708
4707
4713
4698
4709
4716
4697
4710
4716
4700
4711
4717
4701
4710
4718
4702
4710
4713
4700
4710
4711
4713
4708
4711
4707
4710
4710
4699
4712
4708
4711
4697
4708
4718
4705
4708
4715
4699
4709
4710
4713
4708
4704
4714
4709
4706
4711
4708
4714
4699
4708
4715
4699
4707
4715
4699
4706
4716
4709
4710
4713
4708
4709
4697
4709
4712
4710
4712
4698
4710
4715
4711
4702
4702
4712
4714
4699
4710
4714
4699
4710
4715
4698
4707
4717
4707
4707
4714
4709
4710
4713
4698
4704
4713
4711
4700
4713
4712
4697
4711
4708
4715
4708
4708
4696
4708
4714
4708
4714
4697
4709
4715
4698
4708
4714
4709
4706
4698
4711
4710
4712
4707
4709
4711
4710
4699
4711
4712
4712
4699
4703
4714
4709
4705
4712
4713
4700
4710
4714
4712
4703
4703
4713
4711
4714
4698
4707
4716
4708
4704
4714
4705
4715
4698
4707
4710
4710
4709
4698
4710
4712
4713
4700
4702
4713
4713
4701
4711
4715
4699
4709
4715
4698
4708
4714
4710
4710
4705
4710
4709
4705
4708
4716
4699
4708
4711
4712
4707
4715
4700
4706
4715
4701
4704
4715
4715
4701
4713
4713
4700
4710
4715
4698
4709
4716
4711
4706
4700
4711
4710
4713
4708
4709
4712
4698
4688
4713
4712
4700
