4441
4266
4208
4226
4277
4344
4402
4454
4490
4523
4543
4564
4574
4583
4586
4593
4594
4597
4597
4598
4595
4594
4595
4592
4589
4589
4590
4591
4591
4593
4590
4592
4591
4591
4590
4590
4589
4589
4590
4591
4591
4589
4587
4591
4590
4590
4589
4588
4590
4592
4591
4591
4591
4589
4589
4588
4588
4588
4590
4589
4591
4592
4594
4591
4589
4590
4590
4589
4590
4587
4591
4589
4590
4590
4590
4591
4593
4591
4592
4589
4591
4588
4591
4588
4591
4589
4591
4589
4591
4591
4589
4589
4592
4589
4590
4590
4591
4755
4967
5017
5027
5019
5001
4965
4927
4899
4874
4852
4833
4815
4797
4781
4765
4751
4735
4720
4705
4690
4675
4662
4651
4664
4682
4686
4699
4704
4689
4702
4709
4711
4698
4709
4712
4712
4708
4715
4703
4706
4713
4709
4709
4709
4708
4705
4713
4698
4706
4711
4710
4712
4700
4712
4709
4715
4704
4706
4717
4707
4706
4715
4711
4709
4701
4713
4709
4717
4703
4708
4714
4711
4706
4708
4711
4707
4708
4712
4699
4707
4715
4702
4705
4712
4708
4710
4712
4707
4708
4712
4707
4708
4698
4448
4264
4206
4221
4279
4343
4403
4450
4490
4521
4547
4560
4575
4582
4588
4593
4594
4594
4595
4595
4595
4593
4595
4594
4592
4592
4593
4591
4591
4590
4591
4591
4591
4589
4589
4591
4591
4590
4592
4589
4588
4589
4588
4589
4590
4590
4587
4589
4589
4590
4589
4591
4591
4592
4585
4589
4589
4588
4586
4589
4589
4588
4584
4589
4586
4589
4588
4590
4589
4592
4591
4591
4586
4590
4590
4592
4588
4590
4588
4588
4586
4589
4587
4592
4589
4589
4588
4589
4589
4591
4589
4593
4590
4590
4588
4592
4589
4737
4961
5017
5027
5021
5002
4957
4923
4895
4871
4848
4828
4811
4794
4778
4761
4746
4730
4715
4700
4686
4671
4657
4652
4673
4689
4688
4698
4706
4691
4700
4710
4709
4705
4708
4709
4706
4707
4708
4698
4710
4712
4712
4713
4697
4712
4703
4703
4713
4711
4713
4699
4708
4716
4700
4710
4717
4702
4708
4718
4703
4707
4708
4713
4706
4704
4715
4709
4704
4715
4710
4703
4714
4701
4705
4716
4704
4705
4716
4707
4705
4714
4709
4706
4714
4700
4706
4716
4703
4707
4714
4709
4705
4714
4460
4267
4206
4222
4274
4340
4399
4449
4491
4521
4541
4562
4573
4586
4588
4594
4595
4596
4595
4596
4593
4593
4592
4592
4591
4594
4594
4593
4592
4593
4592
4591
4590
4590
4589
4591
4590
4591
4591
4588
4589
4590
4589
4589
4590
4591
4590
4589
4591
4588
4590
4591
4591
4591
4589
4590
4590
4589
4587
4588
4590
4589
4591
4590
4591
4591
4592
4590
4590
4588
4590
4588
4589
4587
4591
4587
4589
4588
4590
4588
4592
4589
4590
4589
4590
4587
4590
4587
4589
4589
4591
4591
4593
4590
4592
4589
4590
4714
4957
5015
5027
5021
5003
4965
4928
4899
4873
4851
4833
4814
4797
4780
4765
4749
4733
4718
4703
4688
4674
4659
4650
4668
4686
4695
4693
4701
4699
4703
4704
4706
4709
4707
4697
4710
4711
4712
4707
4710
4708
4706
4712
4697
4708
4715
4710
4706
4715
4698
4708
4716
4711
4707
4709
4710
4711
4700
4713
4709
4707
4711
4708
4709
4712
4699
4705
4716
4709
4706
4714
4702
4705
4715
4705
4705
4716
4707
4705
4715
4710
4701
4714
4709
4711
4699
4711
4714
4710
4708
4709
4712
4696
4497
4279
4209
4217
4269
4333
4395
4444
4486
4518
4541
4560
4574
4581
4586
4588
4593
4591
4593
4594
4596
4594
4596
4593
4594
4591
4595
4592
4593
4590
4591
4590
4590
4589
4590
4589
4591
4591
4591
4590
4589
4588
4589
4590
4590
4591
4589
4591
4589
4590
4589
4590
4590
4590
4590
4591
4591
4592
4591
4590
4588
4591
4585
4589
4587
4589
4588
4589
4587
4590
4589
4592
4590
4590
4588
4588
4586
4591
4589
4591
4590
4590
4586
4590
4589
4591
4589
4589
4590
4590
4588
4591
4588
4591
4587
4589
4589
4694
4942
5009
5024
5021
5004
4973
4933
4903
4879
4854
4835
4816
4799
4782
4766
4750
4734
4721
4705
4690
4676
4662
4651
4663
4682
4672
4691
4702
4701
4704
4703
4711
4700
4702
4712
4709
4706
4711
4696
4700
4711
4710
4713
4708
4704
4713
4699
4705
4711
4709
4712
4698
4711
4709
4711
4708
4706
4700
4712
4711
4708
4710
4710
4700
4711
4713
4700
4712
4710
4713
4697
4709
4716
4699
4708
4716
4700
4708
4718
4702
4707
4717
4704
4707
4714
4710
4707
4702
4714
4711
4703
4714
4709
4709
4698
4710
4714
4698
4710
4715
4699
4709
4710
4712
4699
4705
4715
4712
4696
4715
4703
4706
4715
4706
4707
4714
4710
4705
4709
4711
4707
4711
4696
4709
4715
4697
4708
4715
4698
4710
4716
4699
4709
4717
4700
4709
4712
4712
4713
4700
4712
4704
4688
4713
4705
4709
4712
4708
4710
4708
4708
4712
4698
4711
4715
4700
4710
4710
4713
4697
4707
4715
4700
4706
4711
4710
4707
4715
4703
4706
4713
4698
4708
4716
4710
4709
4700
4713
4711
4701
4713
4702
4703
4713
4705
4704
4714
4708
4702
4712
4712
4707
4709
4709
4698
4710
4717
4700
4705
4710
4710
4711
4698
4710
4706
4713
4701
4688
4712
4688
4702
4712
4709
4712
4706
4714
4697
4708
4708
4712
4708
4697
4711
4711
4708
4708
4710
4712
4698
4703
4713
4708
4710
4709
4711
4698
4709
4712
4711
4705
4711
4708
4701
4711
4707
4713
4698
4708
4715
4697
4708
4715
4708
4710
4706
4708
4709
4712
4706
4708
4711
4706
4714
4701
4704
4714
4708
4711
4707
4704
4712
4708
4713
4698
4709
4714
4709
4705
4707
4710
4705
4700
4711
4716
4699
4709
4709
4709
4711
4707
4710
4709
4707
4708
4710
4707
4705
4710
4710
4711
4699
4710
4712
4699
4711
4707
4712
4708
4706
4711
4709
4706
4709
4710
4711
4707
4708
4712
4707
4700
4712
4707
4715
4699
4706
4715
4711
4702
4713
4712
4701
4711
4713
4698
4710
4719
4704
4707
4714
4709
4714
4699
4710
4716
4698
4709
4716
4709
4705
4714
4698
4707
4715
