2249
2186
2136
2119
2106
2101
2107
2118
2132
2148
2164
2183
2197
2209
2220
2233
2243
2251
2256
2264
2270
2275
2278
2284
2287
2288
2289
2292
2294
2295
2294
2296
2297
2297
2296
2297
2299
2298
2298
2298
2298
2298
2296
2297
2297
2297
2296
2296
2297
2296
2295
2297
2297
2296
2296
2295
2298
2296
2295
2293
2296
2295
2294
2295
2295
2294
2294
2295
2296
2295
2293
2294
2293
2295
2294
2295
2297
2295
2294
2295
2296
2297
2295
2296
2297
2296
2294
2295
2296
2295
2294
2295
2295
2294
2293
2293
2294
2311
2416
2466
2492
2504
2511
2513
2515
2511
2508
2504
2500
2490
2479
2470
2462
2455
2447
2441
2435
2430
2425
2420
2415
2410
2406
2402
2398
2393
2389
2384
2381
2377
2374
2370
2366
2362
2358
2355
2351
2348
2343
2340
2337
2333
2329
2325
2322
2324
2330
2335
2339
2342
2346
2348
2351
2353
2353
2349
2352
2353
2349
2352
2355
2353
2351
2354
2357
2359
2353
2347
2351
2353
2357
2358
2355
2348
2351
2354
2356
2359
2356
2355
2356
2352
2355
2359
2357
2349
2349
2353
2356
2357
2347
2235
2176
2138
2114
2103
2101
2107
2119
2134
2149
2165
2183
2197
2210
2223
2234
2240
2251
2258
2266
2271
2275
2280
2285
2288
2289
2291
2294
2295
2295
2296
2297
2297
2297
2297
2299
2298
2297
2297
2298
2299
2296
2297
2298
2299
2296
2297
2298
2296
2297
2295
2297
2296
2294
2294
2295
2295
2294
2294
2294
2293
2294
2294
2296
2296
2296
2295
2296
2296
2294
2294
2295
2296
2296
2294
2296
2297
2296
2295
2295
2295
2296
2294
2295
2295
2294
2294
2294
2294
2295
2294
2295
2295
2294
2294
2296
2296
2327
2428
2472
2494
2506
2512
2514
2514
2511
2508
2503
2495
2482
2472
2464
2456
2448
2442
2436
2431
2426
2421
2415
2411
2406
2402
2398
2395
2389
2385
2381
2377
2374
2370
2366
2362
2359
2355
2351
2347
2344
2340
2337
2333
2329
2326
2323
2330
2333
2339
2343
2347
2349
2353
2350
2343
2345
2349
2336
2353
2357
2358
2353
2347
2350
2353
2355
2358
2354
2354
2357
2355
2353
2357
2358
2355
2348
2351
2354
2357
2359
2356
2348
2351
2354
2356
2359
2358
2349
2351
2354
2355
2358
2329
2227
2172
2135
2113
2102
2102
2110
2121
2135
2150
2167
2185
2198
2210
2224
2236
2245
2251
2260
2266
2271
2275
2279
2284
2287
2287
2289
2291
2295
2294
2295
2297
2296
2296
2298
2299
2298
2297
2297
2297
2298
2298
2297
2298
2298
2296
2296
2299
2297
2296
2296
2297
2296
2295
2295
2297
2296
2294
2294
2296
2296
2296
2295
2297
2296
2294
2294
2297
2293
2296
2294
2296
2297
2294
2295
2296
2295
2295
2294
2295
2294
2294
2292
2295
2295
2293
2294
2293
2295
2294
2293
2295
2296
2294
2295
2295
2295
2341
2436
2477
2497
2507
2512
2515
2513
2511
2507
2502
2499
2488
2477
2468
2459
2452
2446
2439
2435
2428
2423
2418
2415
2410
2405
2401
2397
2392
2388
2380
2380
2376
2373
2369
2365
2362
2357
2355
2350
2346
2342
2339
2336
2332
2328
2325
2322
2324
2331
2335
2339
2343
2346
2349
2350
2351
2344
2343
2347
2350
2349
2354
2356
2358
2352
2347
2350
2353
2356
2358
2354
2355
2357
2354
2353
2357
2355
2353
2356
2358
2355
2348
2352
2354
2356
2356
2353
2355
2357
2353
2356
2357
2310
2208
2159
2127
2109
2101
2104
2114
2126
2140
2157
2174
2190
2202
2213
2227
2237
2245
2253
2262
2268
2273
2276
2283
2286
2288
2289
2292
2295
2294
2295
2296
2297
2297
2297
2298
2299
2297
2297
2298
2299
2297
2296
2298
2298
2296
2293
2297
2298
2297
2296
2297
2297
2296
2295
2295
2296
2295
2294
2295
2296
2296
2295
2296
2297
2295
2294
2295
2295
2295
2293
2295
2297
2295
2294
2295
2296
2295
2294
2295
2297
2295
2295
2295
2296
2296
2294
2295
2297
2295
2294
2294
2296
2294
2294
2294
2296
2295
2362
2445
2483
2498
2508
2513
2515
2512
2511
2506
2501
2491
2479
2470
2462
2453
2446
2440
2435
2429
2425
2419
2415
2411
2405
2401
2397
2392
2388
2384
2381
2376
2372
2369
2365
2360
2357
2355
2349
2346
2343
2338
2335
2332
2328
2325
2324
2330
2336
2340
2343
2346
2349
2352
2348
2349
2352
2354
2356
2348
2346
2349
2352
2355
2356
2359
2352
2355
2357
2350
2347
2349
2355
2356
2359
2353
2356
2357
2359
2336
2348
2352
2357
2358
2354
2354
2357
2354
2354
2357
2355
2353
2357
2356
2345
2351
2353
2355
2357
2352
2355
2357
2352
2355
2357
2358
2350
2351
2352
2356
2358
2352
2348
2351
2353
2356
2358
2354
2355
2358
2354
2347
2350
2353
2356
2358
2356
2354
2356
2352
2356
2357
2358
2349
2349
2354
2356
2357
2353
2356
2357
2352
2347
2350
2354
2356
2358
2354
2355
2355
2352
2356
2358
2355
2348
2350
2354
2356
2358
2357
2349
2350
2354
2356
2359
2359
2350
2350
2354
2357
2353
2354
2356
2358
2352
2349
2351
2355
2357
2356
2354
2356
2356
2353
2356
2359
2356
2348
2351
2354
2356
2359
2356
2349
2350
2354
2355
2358
2358
2349
2349
2353
2352
2356
2359
2350
2348
2352
2354
2357
2359
2354
2356
2357
2359
2350
2349
2352
2356
2357
2359
2352
2348
2352
2355
2357
2359
2360
2352
2350
2354
2356
2359
2355
2347
2351
2354
2356
2358
2360
2354
2349
2352
2354
2357
2360
2355
2348
2352
2353
2356
2358
2356
2353
2357
2357
2348
2351
2353
2354
2359
2359
2357
2349
2351
2354
2356
2358
2357
2349
2350
2353
2356
2357
2358
2351
2349
2352
2355
2357
2359
2351
2348
2352
2356
2357
2358
2352
2348
2351
2354
2357
2358
2354
2355
2357
2360
2353
2348
2352
2355
2357
2355
2354
2356
2355
2353
2356
2355
2352
2355
2356
2352
2356
2355
2351
2355
2357
2356
2347
2349
2353
2355
2357
2357
2353
2356
2356
2353
2354
2357
2352
2355
2356
2352
2355
2356
2358
2349
2348
2352
2355
2357
2357
2355
2355
2351
2353
2356
2357
2351
2347
2351
2354
