16313
17136
18119
18499
18620
18647
18649
18642
18633
18632
18624
18634
18631
18620
18630
18636
18630
18630
18629
18626
18634
18631
18631
18633
18632
18630
18628
18633
18636
18634
18627
18622
18628
18632
18631
18626
18627
18625
18623
18634
18630
18629
18629
18629
18633
18626
18627
18625
18631
18628
18623
18628
18632
18632
18628
18631
18630
18629
18633
18629
18627
18633
18636
18631
18625
18625
18629
18631
18628
18627
18629
18631
18626
18624
18629
18629
18633
18630
18629
18630
18627
18625
18629
18629
18624
18627
18628
18626
18626
18630
18633
18627
18623
18631
18630
18635
18633
18627
18636
18628
18931
22121
21612
21130
20832
20583
20353
20125
19904
19682
19461
19311
19508
19665
19751
19745
19708
19705
19702
19702
19706
19703
19693
19709
19696
19700
19697
19703
19711
19699
19716
19696
19711
19703
19706
19701
19705
19707
19705
19703
19689
19702
19715
19697
19705
19700
19700
19712
19694
19706
19700
19714
19699
19707
19704
19699
19693
19702
19705
19695
19711
19700
19699
19707
19703
19700
19699
19708
19698
19706
19694
19709
19697
19702
19699
19713
19701
19706
19699
19700
19703
19699
19696
19712
19703
19706
19697
19713
19700
19696
19709
19696
19705
19703
19177
16127
17426
18240
18539
18635
18654
18651
18645
18633
18628
18626
18632
18627
18634
18629
18629
18623
18626
18635
18633
18625
18631
18632
18633
18626
18630
18627
18631
18634
18632
18631
18629
18627
18635
18633
18638
18627
18638
18631
18627
18635
18640
18635
18630
18623
18631
18629
18628
18633
18630
18632
18630
18628
18625
18629
18631
18629
18630
18628
18630
18630
18629
18627
18636
18631
18629
18623
18626
18626
18633
18628
18628
18627
18627
18636
18634
18628
18628
18630
18628
18630
18627
18628
18635
18637
18633
18627
18627
18630
18630
18630
18626
18630
18630
18632
18627
18628
18631
18628
18631
19663
22119
21472
21057
20777
20531
20299
20073
19852
19630
19413
19332
19557
19694
19768
19717
19708
19707
19712
19704
19702
19708
19709
19701
19702
19700
19697
19704
19707
19701
19697
19702
19703
19706
19695
19709
19716
19700
19707
19701
19702
19706
19708
19708
19694
19716
19694
19708
19698
19707
19699
19701
19705
19694
19704
19700
19694
19716
19700
19701
19692
19700
19708
19702
19704
19698
19699
19697
19716
19697
19695
19705
19714
19694
19694
19709
19706
19690
19705
19696
19695
19708
19690
19708
19693
19706
19702
19689
19705
19700
19705
19703
19691
19703
18372
16307
17708
18333
18575
18632
18649
18640
18635
18628
18624
18624
18622
18631
18630
18627
18631
18630
18623
18623
18626
18625
18632
18628
18627
18633
18631
18627
18629
18627
18623
18633
18632
18623
18630
18626
18636
18628
18631
18629
18637
18634
18629
18622
18627
18633
18625
18626
18628
18630
18628
18631
18627
18631
18631
18630
18627
18632
18628
18629
18627
18632
18627
18628
18626
18626
18624
18630
18625
18635
18628
18629
18629
18634
18628
18630
18629
18632
18628
18630
18623
18629
18630
18631
18627
18632
18629
18632
18628
18629
18624
18620
18626
18632
18625
18629
18631
18636
18627
18622
18626
20424
22004
21360
20992
20721
20482
20253
20029
19806
19584
19364
19367
19591
19708
19767
19718
19705
19708
19694
19702
19692
19701
19700
19707
19692
19699
19703
19706
19694
19697
19703
19688
19710
19697
19704
19691
19703
19705
19703
19700
19703
19690
19703
19706
19691
19700
19689
19706
19703
19690
19703
19696
19700
19698
19700
19709
19689
19701
19707
19697
19698
19703
19701
19696
19699
19699
19703
19697
19704
19702
19701
19701
19693
19688
19702
19697
19692
19705
19697
19705
19703
19694
19699
19702
19704
19697
19694
19711
19685
19701
19700
19700
19685
19710
17547
16597
17855
18406
18592
18635
18638
18643
18633
18625
18621
18630
18625
18626
18619
18623
18629
18629
18625
18621
18628
18620
18627
18629
18621
18624
18623
18620
18624
18616
18625
18628
18624
18625
18622
18617
18623
18626
18619
18626
18624
18631
18625
18625
18629
18627
18621
18626
18629
18630
18627
18626
18622
18626
18626
18625
18623
18626
18628
18632
18624
18623
18622
18627
18631
18626
18619
18626
18623
18623
18628
18630
18625
18630
18624
18626
18623
18621
18628
18625
18627
18621
18633
18626
18621
18622
18627
18626
18627
18619
18627
18629
18630
18628
18623
18625
18631
18627
18622
18625
18625
21207
21855
21261
20924
20663
20429
20200
19977
19753
19531
19317
19428
19629
19732
19756
19718
19696
19705
19704
19687
19701
19707
19700
19694
19702
19699
19707
19697
19704
19699
19707
19703
19703
19701
19698
19699
19698
19701
19688
19706
19702
19703
19703
19689
19708
19708
19701
19702
19708
19703
19694
19699
19703
19708
19697
19694
19706
19700
19700
19698
19706
19708
19700
19696
19710
19694
19696
19711
19693
19703
19706
19705
19696
19711
19690
19702
19699
19695
19702
19697
19695
19701
19697
19698
19701
19700
19702
19695
19704
19694
19708
19703
19699
19700
19699
19705
19694
19702
19703
19703
19691
19705
19707
19691
19709
19700
19698
19693
19700
19694
19691
19701
19705
19698
19707
19690
19703
19707
19695
19705
19702
19697
19703
19695
19700
19701
19695
19699
19687
19707
19701
19689
19700
19697
19697
19702
19693
19690
19697
19697
19693
19697
19697
19687
19697
19697
19697
19701
19694
19696
19706
19692
19693
19693
19683
19693
19702
19692
19707
19698
19691
19690
19705
19697
19705
19684
19700
19697
19700
19688
19702
19701
19695
19703
19689
19699
19704
19699
19699
19701
19689
19698
19684
19696
19694
19690
19693
19694
19708
19696
19696
19700
19697
19693
19685
19694
19701
19697
19694
19689
19695
19691
19699
19699
19681
19702
19689
19683
19697
19693
19705
19683
19699
19691
19693
19697
19691
19694
19687
19703
19694
19687
19708
19683
19706
19695
19695
19693
19697
19694
19700
19694
19700
19686
19695
19713
19689
19697
19693
19692
19691
19694
19700
19688
19705
19695
19704
19687
19690
19698
19703
19692
19693
19702
19686
19709
19694
19690
19697
19704
19700
19695
19690
19706
19699
19704
19692
19692
19692
19706
19694
19696
19694
19692
19705
19698
19693
19697
19684
19702
19685
19704
19702
19687
19702
19685
19704
19703
19693
19696
19688
19697
19697
19684
19694
19697
19702
19703
19689
19694
19690
19703
19689
19696
19703
19692
19699
19692
19700
19691
19696
19686
19691
19708
19692
19695
19697
19694
19689
19701
19690
19694
19701
19690
19692
19689
19694
19699
19698
19702
19690
19703
19689
19704
19692
19689
19693
19700
19694
