4531
4350
4291
4310
4362
4431
4491
4545
4582
4615
4636
4659
4667
4676
4679
4686
4687
4691
4691
4692
4689
4689
4688
4687
4681
4686
4684
4685
4685
4687
4683
4686
4686
4685
4684
4683
4683
4685
4684
4685
4683
4682
4682
4684
4684
4683
4684
4681
4684
4685
4686
4684
4685
4682
4682
4682
4682
4682
4684
4682
4685
4684
4687
4686
4684
4684
4683
4683
4682
4681
4683
4682
4683
4683
4684
4682
4686
4684
4684
4683
4685
4683
4684
4682
4685
4683
4685
4682
4686
4684
4683
4683
4686
4682
4684
4682
4685
4849
5068
5184
5128
5120
5102
5065
5027
4998
4972
4950
4930
4910
4893
4877
4860
4844
4828
4813
4798
4782
4768
4753
4743
4763
4774
4779
4791
4798
4782
4794
4805
4804
4790
4803
4807
4805
4801
4809
4795
4799
4806
4803
4801
4807
4801
4798
4806
4791
4800
4804
4804
4806
4795
4805
4803
4809
4796
4736
4809
4799
4799
4808
4803
4802
4794
4807
4802
4810
4796
4800
4807
4803
4756
4802
4804
4800
4803
4806
4792
4797
4809
4795
4798
4807
4801
4803
4807
4803
4803
4805
4801
4802
4792
4537
4350
4290
4307
4365
4431
4493
4541
4581
4614
4639
4654
4668
4675
4683
4686
4687
4689
4690
4689
4691
4688
4689
4688
4687
4672
4677
4687
4685
4685
4685
4686
4686
4684
4684
4681
4685
4685
4687
4686
4684
4685
4681
4684
4684
4684
4682
4682
4683
4685
4683
4685
4685
4686
4683
4683
4682
4683
4681
4685
4681
4685
4682
4684
4681
4684
4683
4685
4684
4686
4686
4685
4680
4685
4684
4686
4683
4685
4683
4683
4680
4681
4682
4687
4683
4683
4681
4685
4683
4686
4685
4688
4683
4685
4682
4687
4683
4835
5060
5120
5130
5123
5102
5060
5023
4994
4969
4946
4926
4908
4891
4873
4857
4841
4824
4809
4794
4780
4765
4749
4745
4767
4783
4783
4793
4801
4785
4795
4805
4803
4799
4802
4804
4801
4801
4803
4791
4804
4806
4806
4807
4794
4806
4797
4797
4808
4804
4808
4791
4802
4810
4794
4802
4811
4795
4802
4812
4797
4802
4802
4813
4799
4797
4809
4803
4798
4808
4804
4796
4808
4794
4799
4810
4797
4799
4809
4797
4799
4808
4802
4799
4808
4793
4799
4809
4795
4800
4807
4802
4799
4808
4551
4341
4290
4308
4361
4428
4487
4541
4581
4612
4635
4655
4667
4679
4682
4689
4691
4691
4690
4691
4687
4687
4687
4687
4687
4688
4688
4689
4686
4685
4686
4686
4685
4683
4683
4685
4684
4684
4684
4684
4683
4685
4684
4683
4684
4686
4684
4683
4685
4682
4685
4684
4684
4683
4683
4683
4684
4683
4683
4683
4685
4684
4687
4684
4685
4686
4687
4684
4685
4682
4684
4683
4684
4682
4684
4682
4684
4682
4684
4682
4686
4683
4685
4683
4685
4682
4685
4681
4684
4683
4686
4685
4687
4684
4686
4683
4685
4809
5058
5116
5129
5122
5104
5066
5028
4998
4972
4950
4929
4910
4893
4876
4860
4843
4828
4811
4796
4782
4767
4751
4742
4761
4778
4789
4786
4794
4793
4797
4798
4797
4802
4803
4791
4803
4805
4806
4803
4805
4802
4799
4807
4790
4801
4808
4803
4799
4813
4791
4801
4810
4804
4800
4804
4804
4805
4793
4806
4803
4801
4804
4801
4802
4805
4792
4798
4809
4802
4799
4808
4795
4798
4809
4798
4799
4810
4801
4798
4808
4803
4797
4809
4803
4805
4792
4805
4812
4804
4803
4802
4807
4790
4587
4366
4294
4302
4354
4421
4484
4534
4579
4610
4635
4653
4669
4675
4680
4684
4687
4685
4688
4690
4691
4689
4691
4688
4690
4685
4688
4687
4687
4684
4685
4685
4684
4684
4685
4684
4686
4685
4686
4685
4683
4683
4684
4685
4684
4684
4683
4686
4685
4685
4684
4685
4686
4685
4685
4687
4686
4687
4686
4685
4683
4680
4682
4681
4682
4684
4683
4681
4682
4685
4683
4677
4685
4684
4682
4682
4681
4683
4682
4685
4684
4684
4680
4683
4683
4686
4683
4686
4685
4684
4681
4686
4683
4685
4681
4684
4682
4790
5043
5112
5128
5124
5107
5075
5034
5002
4976
4953
4932
4914
4896
4879
4863
4846
4831
4815
4801
4785
4771
4756
4742
4759
4776
4784
4786
4797
4796
4800
4796
4807
4793
4797
4806
4803
4801
4805
4799
4795
4806
4806
4808
4803
4789
4808
4793
4801
4806
4804
4806
4794
4805
4803
4806
4802
4800
4793
4806
4806
4801
4804
4804
4793
4806
4807
4794
4806
4804
4807
4791
4802
4810
4793
4802
4811
4794
4802
4812
4793
4801
4812
4797
4801
4808
4804
4800
4796
4807
4804
4796
4808
4803
4807
4793
4804
4809
4793
4804
4810
4793
4804
4805
4806
4792
4799
4810
4807
4797
4809
4796
4752
4809
4797
4800
4809
4803
4800
4803
4805
4801
4805
4791
4803
4808
4792
4803
4810
4792
4804
4811
4794
4804
4809
4796
4802
4807
4807
4807
4796
4807
4798
4798
4807
4802
4804
4807
4802
4804
4802
4803
4806
4793
4805
4811
4794
4807
4805
4813
4797
4800
4810
4794
4801
4806
4805
4802
4810
4797
4800
4809
4792
4803
4811
4805
4804
4795
4807
4807
4795
4807
4796
4798
4808
4800
4798
4809
4803
4796
4806
4806
4801
4804
4803
4792
4805
4811
4795
4800
4804
4805
4805
4792
4804
4800
4808
4795
4797
4807
4797
4796
4806
4803
4806
4800
4807
4791
4802
4803
4805
4800
4794
4805
4804
4801
4803
4804
4807
4792
4796
4807
4803
4804
4804
4805
4792
4803
4806
4805
4801
4805
4801
4797
4806
4800
4807
4791
4802
4809
4791
4802
4809
4803
4804
4800
4802
4804
4805
4801
4803
4804
4799
4809
4793
4798
4808
4802
4805
4802
4798
4806
4803
4807
4792
4802
4808
4803
4799
4800
4804
4799
4795
4805
4810
4793
4803
4801
4806
4805
4802
4803
4805
4801
4802
4804
4802
4801
4804
4805
4806
4792
4805
4807
4793
4801
4803
4807
4803
4799
4803
4803
4756
4802
4803
4805
4800
4802
4804
4801
4792
4805
4799
4808
4789
4799
4808
4805
4794
4806
4805
4792
4804
4805
4792
4802
4813
4796
4800
4807
4803
4807
4792
4802
4809
4791
4802
4808
4803
4798
4808
4790
4800
4808
