2204
2057
1978
1943
1936
1946
1968
1996
2023
2050
2077
2102
2123
2144
2164
2182
2197
2209
2222
2233
2242
2250
2258
2266
2270
2274
2284
2285
2286
2289
2292
2300
2296
2296
2298
2301
2301
2299
2301
2303
2302
2302
2303
2303
2308
2303
2302
2303
2558
2302
2301
2303
2308
2302
2301
2301
2301
2300
2301
2302
2303
2301
2301
2301
2300
2299
2299
2301
2302
2298
2299
2301
2302
2299
2298
2300
2302
2301
2300
2300
2301
2299
2299
2296
2301
2300
2300
2300
2301
2300
2299
2300
2302
2301
2296
2301
2302
2301
2300
2300
2301
2300
2396
2627
2720
2761
2774
2775
2770
2761
2750
2740
2725
2710
2695
2683
2673
2665
2656
2649
2641
2635
2628
2623
2618
2612
2607
2602
2598
2593
2589
2584
2578
2575
2571
2567
2564
2559
2555
2551
2547
2548
2539
2536
2531
2529
2524
2521
2516
2513
2509
2505
2501
2498
2495
2491
2487
2480
2479
2476
2472
2468
2464
2461
2457
2454
2450
2446
2443
2439
2435
2436
2427
2425
2420
2417
2414
2408
2407
2403
2399
2395
2392
2388
2385
2381
2384
2390
2396
2399
2404
2407
2411
2229
2056
1974
1937
1929
1941
1964
1989
2017
2046
2075
2099
2121
2143
2163
2181
2195
2208
2222
2232
2241
2251
2260
2267
2271
2276
2281
2284
2285
2289
2293
2292
2292
2297
2299
2301
2301
2302
2308
2304
2304
2303
2305
2305
2303
2302
2303
2316
2303
2302
2303
2303
2302
2301
2303
2303
2302
2301
2302
2303
2302
2301
2301
2302
2302
2301
2296
2301
2300
2299
2300
2301
2300
2296
2301
2301
2301
2300
2300
2300
2300
2300
2300
2301
2300
2299
2300
2301
2301
2299
2296
2301
2300
2299
2299
2300
2301
2300
2299
2301
2301
2299
2351
2606
2714
2756
2774
2776
2771
2762
2753
2742
2727
2710
2696
2684
2674
2665
2656
2650
2642
2635
2629
2623
2617
2613
2607
2603
2598
2593
2589
2585
2580
2588
2571
2564
2563
2560
2555
2556
2547
2544
2536
2540
2528
2540
2520
2520
2517
2513
2509
2505
2503
2499
2494
2491
2487
2483
2479
2476
2473
2469
2466
2461
2458
2454
2450
2447
2443
2439
2436
2432
2429
2425
2421
2418
2415
2411
2406
2403
2399
2396
2392
2388
2385
2381
2385
2393
2397
2401
2404
2408
2411
2285
2081
1987
1936
1929
1940
1964
1983
2010
2041
2069
2093
2116
2139
2160
2175
2190
2206
2219
2229
2238
2249
2259
2264
2268
2275
2281
2283
2285
2289
2292
2294
2295
2297
2300
2300
2300
2301
2303
2302
2300
2302
2303
2303
2302
2302
2303
2302
2301
2302
2303
2303
2301
2302
2303
2558
2302
2301
2303
2302
2301
2301
2301
2302
2300
2301
2302
2302
2301
2296
2301
2300
2300
2299
2300
2300
2300
2300
2301
2302
2299
2300
2300
2301
2299
2299
2300
2298
2299
2298
2298
2300
2299
2299
2300
2301
2300
2300
2301
2302
2301
2299
2313
2573
2695
2751
2773
2777
2771
2762
2755
2743
2733
2716
2702
2689
2678
2668
2659
2651
2645
2638
2636
2625
2620
2615
2610
2605
2600
2596
2591
2587
2582
2578
2574
2570
2565
2562
2557
2553
2550
2546
2541
2538
2534
2530
2527
2523
2519
2515
2512
2504
2508
2500
2496
2493
2489
2486
2482
2478
2475
2470
2466
2463
2460
2456
2452
2449
2445
2442
2437
2434
2431
2427
2423
2419
2420
2408
2409
2405
2401
2397
2394
2390
2386
2383
2381
2384
2394
2396
2402
2405
2408
2323
2097
1994
1941
1927
1935
1953
1977
2006
2035
2062
2087
2113
2140
2154
2172
2188
2204
2218
2228
2239
2248
2257
2263
2269
2275
2278
2282
2284
2289
2293
2294
2295
2298
2299
2298
2299
2302
2301
2300
2300
2302
2303
2302
2302
2304
2305
2303
2300
2303
2302
2302
2302
2303
2302
2302
2302
2303
2303
2301
2299
2301
2302
2301
2301
2301
2301
2301
2299
2300
2301
2300
2298
2299
2299
2299
2298
2299
2302
2300
2299
2300
2301
2299
2299
2299
2300
2299
2299
2299
2300
2300
2299
2300
2300
2300
2300
2300
2302
2301
2300
2300
2301
2526
2678
2746
2771
2777
2773
2766
2757
2747
2735
2716
2702
2690
2679
2669
2661
2652
2645
2638
2631
2626
2620
2615
2609
2605
2598
2594
2590
2586
2581
2578
2573
2569
2564
2561
2557
2552
2549
2545
2541
2537
2533
2530
2524
2522
2518
2514
2510
2507
2502
2500
2494
2493
2488
2485
2481
2478
2474
2470
2466
2463
2458
2456
2451
2452
2444
2441
2437
2433
2429
2426
2423
2418
2415
2412
2408
2404
2401
2398
2393
2390
2387
2383
2381
2389
2394
2398
2403
2405
2409
2408
2415
2418
2422
2425
2427
2430
2432
2434
2436
2438
2439
2439
2441
2442
2443
2444
2446
2447
2448
2450
2450
2447
2439
2442
2444
2445
2447
2441
2444
2440
2442
2439
2440
2443
2444
2439
2443
2440
2439
2443
2441
2434
2435
2439
2441
2443
2440
2434
2432
2439
2441
2442
2439
2441
2444
2445
2437
2435
2438
2442
2444
2438
2441
2445
2441
2434
2437
2439
2443
2442
2439
2442
2443
2439
2442
2437
2440
2442
2444
2437
2433
2436
2442
2443
2445
2439
2434
2438
2440
2444
2441
2444
2442
2441
2439
2442
2441
2433
2435
2438
2440
2443
2443
2439
2440
2443
2437
2440
2443
2443
2433
2435
2439
2441
2443
2444
2435
2434
2438
2441
2443
2444
2439
2441
2437
2439
2442
2443
2444
2437
2434
2438
2441
2443
2438
2440
2442
2438
2436
2442
2439
2438
2442
2439
2438
2441
2440
2439
2433
2436
2439
2441
2443
2441
2432
2436
2438
2441
2443
2445
2441
2434
2438
2440
2442
2443
2434
2434
2438
2441
2442
2445
2440
2435
2436
2440
2442
2444
2444
2440
2443
2444
2439
2442
2444
2436
2433
2438
2441
2442
2444
2439
2440
2444
2445
2437
2435
2438
2442
2443
2439
2440
2443
2445
2438
2433
2437
2440
2443
2445
2439
2434
2437
2439
2442
2445
2442
2440
2444
2445
2441
2434
2438
2440
2443
2442
2439
2442
2444
2442
2434
2437
2444
2441
2444
2443
2435
2432
2439
2441
2442
2444
2432
2435
2438
2440
2443
2444
2439
2442
2437
