67749
72320
72283
72284
72285
72285
72280
72275
72283
72299
72291
72270
72270
72284
72280
72266
72274
72285
72292
72282
72287
72286
72292
72276
72278
72287
72279
72277
72277
72279
72286
72292
72279
72290
72267
72283
72271
72279
72283
72278
72293
72276
72275
72277
72283
72280
72271
72269
72274
72270
72272
72284
72291
72273
72272
72272
72289
72277
72280
72276
72265
72267
72266
72275
72275
72269
72266
72283
72272
72268
72266
72274
72271
72263
72274
72260
72274
72277
72280
72283
72274
72274
72274
72251
72268
72266
72273
72268
72272
72267
72276
72283
72279
72282
72260
72267
72260
72264
72259
72273
76828
81778
77480
76060
76887
76795
76778
76796
76778
76776
76784
76783
76793
76782
76772
76769
76774
76776
76792
76774
76764
76771
76788
76790
76791
76780
76789
76787
76788
76779
76770
76781
76774
76777
76786
76786
76779
76768
76786
76778
76793
76757
76769
76781
76772
76774
76783
76769
76776
76758
76779
76782
76790
76772
76769
76773
76775
76797
76780
76780
76785
76776
76765
76792
76759
76774
76777
76769
76768
76784
76772
76786
76779
76776
76788
76770
76787
76784
76783
76766
76802
76778
76783
76779
76773
76787
76779
76787
76794
76786
76785
76787
76801
76782
76601
67771
72306
72262
72259
72249
72249
72249
72271
72258
72269
72265
72267
72272
72267
72289
72286
72276
72265
72268
72283
72276
72281
72264
72261
72286
72269
72280
72285
72281
72282
72278
72283
72285
72281
72266
72265
72263
72257
72263
72271
72262
72256
72268
72270
72274
72265
72262
72269
72258
72268
72259
72259
72260
72244
72256
72259
72265
72251
72255
72243
72247
72255
72261
72257
72260
72252
72256
72254
72256
72248
72263
72253
72245
72262
72261
72266
72261
72250
72245
72242
72244
72244
72242
72249
72247
72231
72222
72236
72243
72247
72244
72192
72249
72243
72249
72247
72250
72250
72248
72246
77118
81638
77361
76050
76856
76767
76782
76762
76788
76766
76776
76771
76761
76766
76770
76770
76764
76755
76765
76788
76751
76769
76751
76783
76754
76771
76789
76758
76772
76760
76762
76774
76780
76761
76769
76766
76770
76770
76780
76760
76765
76764
76753
76764
76757
76772
76757
76754
76744
76760
76757
76758
76763
76742
76762
76764
76762
76762
76757
76764
76777
76764
76766
76758
76745
76761
76749
76769
76768
76782
76766
76776
76758
76748
76769
76751
76758
76769
76758
76771
76757
76764
76780
76766
76754
76764
76769
76752
76765
76753
76750
76766
76760
76779
76388
67875
72292
72240
72247
72247
72249
72239
72250
72237
72234
72232
72238
72239
72242
72240
72237
72239
72244
72250
72242
72250
72252
72253
72251
72249
72244
72253
72238
72258
72244
72251
72249
72267
72258
72247
72253
72243
72232
72254
72251
72254
72240
72251
72244
72248
72244
72253
72255
72256
72251
72255
72262
72248
72249
72262
72246
72250
72253
72264
72259
72263
72261
72263
72249
72259
72242
72257
72242
72242
72250
72245
72256
72251
72276
72253
72246
72244
72248
72240
72237
72238
72239
72238
72244
72244
72236
72247
72247
72245
72237
72237
72235
72245
72238
72232
72237
72241
72239
72242
72245
77418
81432
77211
76135
76858
76786
76776
76753
76764
76773
76782
76770
76772
76755
76759
76746
76776
76748
76739
76748
76754
76773
76755
76765
76747
76737
76748
76753
76764
76761
76747
76740
76763
76739
76755
76746
76772
76756
76775
76746
76760
76759
76763
76747
76769
76785
76772
76753
76770
76750
76765
76754
76770
76766
76765
76784
76753
76765
76747
76754
76740
76766
76751
76758
76776
76755
76763
76746
76771
76754
76746
76774
76748
76779
76761
76762
76781
76748
76755
76758
76745
76766
76752
76758
76771
76762
76751
76776
76762
76756
76772
76748
76777
76768
76037
68096
72298
72241
72240
72235
72235
72247
72245
72252
72226
72238
72234
72224
72236
72240
72223
72247
72231
72239
72239
72251
72238
72238
72242
72245
72240
72257
72238
72240
72249
72229
72248
72248
72242
72237
72240
72230
72249
72242
72249
72254
72242
72251
72230
72236
72242
72249
72244
72253
72248
72238
72242
72239
72241
72237
72228
72239
72237
72231
72246
72253
72237
72244
72242
72247
72257
72257
72242
72245
72237
72233
72233
72236
72241
72247
72238
72244
72255
72241
72241
72246
72240
72242
72230
72256
72228
72242
72249
72240
72244
72248
72238
72240
72238
72244
72250
72248
72247
72252
72235
77788
81280
77089
76165
76848
76748
76769
76761
76764
76749
76748
76759
76747
76741
76754
76734
76752
76745
76775
76766
76733
76767
76740
76765
76748
76739
76761
76743
76767
76749
76744
76762
76763
76746
76754
76744
76742
76744
76737
76768
76749
76760
76784
76762
76755
76749
76751
76753
76741
76756
76755
76753
76733
76743
76752
76731
76741
76754
76749
76728
76763
76741
76733
76750
76759
76747
76750
76752
76741
76745
76733
76750
76743
76746
76755
76749
76755
76753
76742
76750
76770
76752
76762
76745
76773
76757
76759
76733
76749
76757
76754
76756
76756
76750
76758
76763
76736
76755
76761
76755
76763
76749
76766
76760
76753
76752
76746
76735
76748
76734
76748
76757
76757
76741
76755
76771
76740
76767
76756
76749
76761
76742
76760
76767
76751
76764
76767
76759
76758
76742
76733
76750
76727
76754
76744
76772
76752
76750
76753
76757
76770
76751
76745
76751
76754
76761
76760
76753
76738
76737
76740
76743
76745
76724
76745
76745
76743
76757
76745
76762
76746
76746
76740
76762
76745
76758
76742
76756
76766
76741
76757
76759
76757
76778
76755
76766
76765
76762
76747
76761
76764
76764
76765
76742
76759
76743
76763
76753
76751
76772
76766
76748
76770
76757
76749
76765
76775
76767
76770
76772
76774
76780
76758
76774
76769
76755
76768
76758
76758
76739
76757
76759
76767
76751
76748
76770
76770
76765
76751
76768
76758
76760
76739
76763
76745
76763
76770
76753
76737
76767
76771
76761
76763
76769
76757
76760
76759
76760
76764
76749
76783
76767
76757
76765
76767
76728
76759
76744
76758
76733
76755
76754
76751
76761
76749
76759
76762
76750
76766
76745
76744
76739
76736
76746
76746
76745
76751
76747
76754
76757
76748
76751
76743
76755
76764
76757
76755
76765
76767
76751
76752
76760
76744
76753
76746
76756
76749
76761
76773
76749
76765
76752
76766
76763
76767
76770
76760
76768
76762
76780
76756
76759
76767
76764
76758
76759
76756
76772
76755
76774
76752
76758
76779
76758
76745
76779
76751
76769
76762
76753
76760
76778
76777
76762
76752
76778
76782
76788
76772
76754
76779
76778
76772
76772
76759
76777
76763
76757
76757
