2158
2042
1973
1938
1930
1941
1959
1978
2003
2028
2051
2070
2090
2111
2126
2137
2154
2166
2176
2183
2192
2201
2208
2211
2216
2222
2224
2226
2229
2232
2233
2234
2236
2239
2240
2239
2232
2240
2239
2239
2240
2240
2242
2240
2241
2242
2241
2240
2241
2241
2241
2239
2238
2239
2240
2239
2239
2240
2240
2238
2237
2239
2240
2238
2239
2239
2240
2238
2237
2239
2237
2239
2238
2239
2238
2237
2237
2238
2239
2238
2237
2239
2240
2239
2238
2239
2239
2237
2236
2236
2238
2237
2236
2237
2239
2238
2239
2238
2239
2236
2246
2459
2560
2605
2620
2625
2623
2617
2610
2603
2594
2581
2568
2556
2546
2537
2529
2522
2514
2508
2502
2496
2492
2487
2482
2476
2472
2468
2463
2460
2455
2452
2447
2443
2440
2435
2416
2427
2424
2420
2416
2413
2409
2405
2402
2398
2394
2391
2387
2384
2381
2377
2373
2371
2366
2362
2359
2353
2351
2348
2345
2341
2337
2334
2330
2327
2323
2319
2317
2312
2309
2306
2302
2308
2314
2318
2322
2326
2328
2331
2335
2333
2337
2341
2342
2343
2346
2348
2349
2351
2352
2354
2290
2101
2010
1958
1937
1939
1955
1973
1994
2018
2044
2066
2084
2103
2121
2136
2149
2161
2173
2182
2188
2197
2204
2211
2215
2218
2222
2227
2229
2230
2232
2234
2236
2236
2239
2239
2238
2239
2241
2241
2241
2237
2241
2241
2239
2238
2241
2242
2241
2240
2240
2241
2240
2239
2240
2240
2240
2238
2240
2239
2238
2239
2239
2239
2239
2238
2238
2238
2239
2238
2239
2240
2239
2237
2236
2238
2238
2237
2236
2238
2238
2237
2237
2239
2238
2235
2237
2237
2236
2236
2236
2237
2239
2237
2237
2238
2238
2238
2237
2239
2239
2328
2509
2582
2613
2623
2624
2621
2615
2608
2599
2587
2572
2560
2549
2540
2532
2524
2516
2510
2504
2498
2493
2488
2483
2478
2474
2469
2464
2459
2456
2452
2432
2444
2440
2437
2432
2428
2424
2421
2418
2413
2409
2406
2402
2398
2395
2392
2388
2384
2380
2377
2373
2370
2367
2362
2358
2354
2352
2349
2344
2343
2337
2334
2331
2326
2323
2320
2316
2312
2310
2306
2302
2304
2311
2317
2317
2323
2327
2330
2332
2335
2339
2341
2343
2345
2347
2348
2350
2351
2352
2354
2355
2203
2057
1984
1948
1937
1942
1959
1983
2005
2027
2051
2074
2093
2109
2125
2142
2155
2166
2176
2187
2195
2202
2207
2212
2217
2220
2223
2228
2230
2230
2232
2235
2237
2237
2238
2239
2237
2239
2240
2242
2242
2240
2239
2240
2241
2239
2224
2241
2242
2242
2240
2242
2240
2238
2239
2238
2239
2239
2238
2239
2238
2238
2237
2239
2239
2238
2237
2239
2239
2238
2237
2238
2240
2237
2239
2238
2239
2238
2237
2239
2239
2238
2236
2238
2238
2238
2237
2237
2238
2238
2237
2238
2238
2237
2237
2238
2237
2238
2235
2237
2239
2421
2544
2598
2619
2608
2622
2618
2612
2604
2595
2585
2570
2559
2548
2538
2530
2523
2516
2511
2504
2498
2493
2488
2483
2479
2473
2470
2465
2461
2456
2453
2448
2444
2441
2437
2432
2429
2425
2422
2417
2413
2410
2406
2403
2399
2396
2392
2388
2384
2380
2377
2374
2370
2367
2363
2359
2356
2353
2349
2345
2343
2338
2335
2331
2327
2324
2321
2317
2313
2310
2307
2303
2301
2310
2317
2321
2324
2327
2330
2332
2335
2337
2339
2341
2344
2347
2346
2344
2350
2351
2352
2319
2118
2019
1962
1939
1938
1948
1967
1991
2015
2038
2060
2081
2100
2117
2131
2148
2160
2170
2179
2189
2197
2203
2208
2214
2219
2222
2226
2229
2232
2235
2234
2235
2237
2239
2238
2239
2240
2240
2239
2239
2242
2240
2239
2239
2239
2240
2238
2236
2242
2240
2239
2238
2240
2239
2238
2238
2240
2241
2239
2238
2240
2239
2238
2238
2240
2240
2238
2237
2239
2238
2237
2236
2238
2238
2236
2237
2237
2238
2237
2238
2239
2237
2238
2238
2238
2238
2238
2239
2239
2240
2238
2238
2238
2239
2238
2237
2238
2238
2238
2237
2297
2498
2578
2611
2623
2626
2621
2616
2611
2600
2592
2578
2564
2554
2536
2535
2527
2519
2513
2507
2501
2496
2491
2485
2481
2476
2471
2467
2463
2459
2454
2450
2447
2442
2438
2435
2431
2427
2423
2420
2413
2411
2408
2404
2401
2398
2393
2391
2386
2383
2379
2375
2372
2368
2364
2360
2358
2354
2350
2347
2343
2340
2352
2332
2329
2325
2322
2319
2315
2312
2305
2304
2303
2310
2315
2319
2324
2326
2329
2332
2334
2336
2339
2341
2342
2344
2346
2348
2349
2351
2352
2353
2355
2356
2357
2359
2360
2362
2362
2363
2357
2360
2355
2356
2359
2360
2353
2350
2353
2357
2359
2353
2348
2351
2354
2356
2357
2353
2356
2357
2349
2348
2353
2355
2357
2358
2354
2356
2358
2352
2348
2349
2355
2358
2354
2348
2350
2354
2355
2359
2356
2354
2357
2356
2354
2357
2357
2348
2349
2353
2356
2357
2358
2351
2348
2353
2356
2358
2359
2352
2349
2353
2355
2359
2354
2347
2351
2354
2356
2359
2356
2349
2351
2354
2356
2358
2357
2349
2351
2355
2356
2358
2353
2356
2358
2360
2351
2349
2353
2356
2358
2353
2354
2356
2353
2346
2350
2352
2356
2357
2354
2354
2356
2354
2353
2356
2354
2347
2348
2336
2355
2355
2358
2356
2348
2350
2353
2355
2358
2357
2353
2356
2357
2348
2348
2352
2355
2356
2359
2352
2354
2350
2353
2355
2357
2358
2349
2349
2353
2355
2357
2358
2350
2348
2336
2355
2356
2353
2355
2355
2358
2351
2347
2351
2353
2357
2353
2352
2355
2357
2354
2354
2357
2353
2346
2350
2352
2355
2357
2355
2353
2356
2358
2355
2347
2351
2353
2356
2358
2356
2347
2350
2353
2355
2358
2359
2356
2349
2351
2354
2356
2357
2352
2355
2358
2357
2349
2349
2353
2355
2357
2358
2354
2350
2352
2354
2356
2352
2354
2356
2358
2351
2347
2351
2354
2356
2358
2352
2347
2350
2353
2356
2357
2355
2354
2357
2353
2353
2356
2358
2354
2347
2350
2353
2356
2358
2354
2347
2350
2353
2355
2358
2355
2348
2349
2353
