8886
8599
8790
9030
9196
9292
9345
9369
9380
9379
9379
9376
9376
9370
9372
9375
9369
9372
9371
9366
9361
9368
9374
9372
9368
9369
9367
9368
9369
9369
9371
9374
9371
9366
9367
9369
9367
9370
9368
9370
9367
9368
9369
9370
9374
9369
9372
9369
9369
9371
9368
9374
9371
9369
9371
9368
9366
9364
9366
9370
9372
9365
9372
9366
9367
9367
9365
9368
9371
9368
9369
9369
9365
9369
9366
9369
9368
9370
9369
9370
9372
9370
9368
9369
9366
9368
9370
9369
9369
9371
9371
9367
9368
9366
9367
9368
9366
9968
10252
10219
10075
9959
9872
9799
9733
9670
9609
9550
9496
9541
9573
9580
9599
9596
9611
9596
9602
9614
9600
9614
9610
9602
9596
9612
9596
9613
9601
9605
9608
9603
9609
9601
9596
9609
9605
9608
9601
9604
9607
9606
9602
9604
9613
9557
9602
9604
9601
9601
9611
9600
9615
9599
9601
9605
9607
9601
9606
9613
9599
9615
9612
9598
9599
9614
9604
9598
9613
9608
9606
9598
9614
9598
9608
9610
9599
9604
9608
9595
9607
9610
9594
9609
9606
9601
9609
9594
9608
9607
9594
9615
9606
8995
8591
8759
9005
9179
9284
9339
9363
9375
9379
9377
9377
9375
9373
9369
9371
9374
9366
9368
9365
9368
9368
9373
9367
9367
9366
9369
9366
9366
9369
9368
9367
9367
9366
9367
9367
9371
9367
9367
9367
9369
9368
9369
9372
9372
9369
9368
9364
9364
9367
9369
9367
9364
9366
9365
9368
9368
9365
9368
9373
9370
9369
9368
9365
9365
9368
9366
9366
9369
9368
9368
9369
9365
9363
9366
9366
9367
9370
9370
9368
9367
9367
9366
9368
9364
9364
9368
9366
9368
9369
9368
9366
9362
9359
9364
9366
9369
9852
10245
10231
10092
9971
9881
9808
9739
9675
9614
9557
9497
9530
9572
9587
9598
9601
9600
9602
9601
9609
9596
9609
9609
9605
9610
9594
9612
9596
9611
9606
9604
9610
9609
9603
9606
9601
9607
9592
9612
9612
9602
9596
9600
9608
9606
9598
9611
9598
9607
9598
9613
9597
9615
9593
9611
9607
9607
9605
9605
9597
9612
9606
9607
9608
9597
9611
9593
9604
9609
9603
9608
9600
9603
9613
9600
9601
9616
9601
9599
9605
9605
9600
9613
9610
9598
9601
9615
9599
9599
9612
9607
9610
9597
9148
8601
8717
8970
9159
9273
9330
9361
9375
9380
9382
9377
9374
9372
9369
9371
9365
9369
9370
9372
9369
9365
9364
9365
9366
9366
9369
9371
9372
9370
9367
9369
9370
9370
9371
9374
9369
9367
9366
9368
9367
9367
9371
9368
9367
9368
9367
9369
9371
9371
9369
9373
9372
9367
9365
9366
9364
9365
9371
9368
9367
9369
9367
9363
9363
9365
9368
9371
9370
9367
9365
9364
9368
9366
9367
9371
9372
9370
9365
9365
9365
9366
9367
9368
9367
9368
9368
9367
9368
9364
9367
9364
9366
9364
9366
9368
9368
9741
10234
10239
10113
9983
9891
9815
9746
9684
9621
9563
9501
9518
9565
9592
9680
9588
9608
9599
9613
9598
9597
9611
9604
9605
9605
9607
9600
9610
9592
9607
9608
9604
9611
9589
9608
9610
9606
9603
9608
9602
9606
9607
9599
9606
9601
9607
9597
9612
9604
9603
9598
9606
9599
9610
9596
9605
9593
9608
9609
9595
9612
9601
9605
9607
9595
9606
9607
9595
9604
9606
9601
9602
9610
9598
9609
9600
9606
9600
9603
9610
9599
9597
9609
9608
9604
9607
9608
9595
9597
9606
9607
9607
9594
9262
8620
8694
8945
9138
9256
9327
9359
9374
9378
9380
9379
9373
9374
9367
9365
9368
9365
9365
9368
9371
9370
9369
9365
9367
9363
9363
9368
9367
9365
9364
9368
9369
9365
9366
9365
9366
9366
9369
9367
9362
9369
9368
9362
9363
9367
9364
9364
9368
9367
9367
9366
9365
9368
9367
9366
9373
9368
9369
9368
9368
9367
9368
9369
9368
9368
9368
9369
9369
9368
9370
9367
9367
9366
9371
9371
9368
9367
9367
9365
9366
9370
9370
9369
9366
9368
9367
9368
9367
9366
9368
9372
9366
9367
9368
9368
9367
9637
10216
10249
10137
10001
9907
9828
9758
9695
9633
9573
9514
9508
9568
9582
9577
9607
9603
9609
9604
9596
9611
9597
9612
9596
9612
9603
9604
9607
9608
9595
9612
9609
9596
9604
9608
9601
9603
9607
9607
9602
9605
9610
9602
9606
9601
9609
9601
9611
9607
9601
9606
9604
9598
9607
9598
9611
9593
9611
9611
9600
9607
9604
9603
9607
9592
9608
9604
9607
9598
9608
9602
9601
9606
9600
9604
9606
9597
9612
9596
9607
9605
9610
9596
9610
9606
9594
9611
9604
9609
9604
9593
9608
9609
9593
9611
9592
9614
9609
9603
9607
9605
9597
9612
9598
9601
9608
9609
9598
9615
9598
9596
9609
9595
9607
9607
9593
9610
9602
9593
9609
9607
9593
9607
9608
9597
9611
9601
9607
9664
9602
9605
9607
9598
9606
9605
9607
9587
9611
9604
9609
9599
9595
9609
9601
9604
9604
9594
9608
9611
9594
9611
9607
9594
9609
9599
9612
9605
9606
9598
9605
9608
9596
9607
9597
9611
9596
9598
9608
9609
9610
9594
9607
9610
9598
9613
9593
9606
9614
9598
9603
9610
9607
9598
9601
9608
9598
9601
9614
9596
9610
9592
9610
9597
9611
9603
9557
9609
9592
9604
9608
9594
9612
9589
9614
9594
9604
9613
9597
9605
9602
9608
9597
9609
9593
9604
9604
9610
9593
9607
9603
9605
9606
9587
9608
9609
9603
9599
9607
9602
9598
9596
9607
9606
9601
9595
9608
9593
9610
9606
9600
9599
9611
9591
9605
9596
9611
9595
9613
9595
9606
9602
9597
9607
9606
9605
9602
9604
9604
9609
9602
9593
9610
9599
9606
9593
9611
9598
9611
9595
9609
9609
9594
9606
9605
9604
9606
9592
9607
9603
9610
9590
9610
9596
9611
9594
9612
9609
9592
9603
9611
9595
9609
9601
9607
9609
9608
9597
9606
9604
9605
9591
9609
9607
9591
9612
9605
9605
9597
9596
9610
9599
9604
9609
9594
9612
9605
9593
9606
9587
9612
9597
9607
9598
9597
9607
9590
9611
9606
9606
9594
9611
9613
9594
9601
9612
9596
9609
9598
9614
9597
9604
9606
9596
9607
9604
9596
9605
9601
9601
9600
9600
9605
9598
