33444
36609
37248
37269
37246
37247
37237
37242
37245
37248
37249
37248
37252
37244
37248
37253
37246
37251
37237
37254
37237
37243
37243
37248
37249
37249
37241
37245
37241
37250
37236
37246
37242
37256
37247
37239
37252
37249
37249
37246
37242
37242
37249
37240
37245
37250
37244
37237
37235
37236
37244
37238
37249
37239
37238
37250
37245
37238
37255
37253
37241
37246
37244
37244
37247
37244
37250
37246
37250
37252
37253
37249
37252
37255
37240
37256
37249
37247
37244
37253
37257
37241
37259
37246
37253
37253
37242
37254
37247
37258
37240
37247
37254
37251
37246
37243
37247
37245
37250
37245
38606
43429
41697
40688
39762
38857
39023
39482
39417
39391
39392
39395
39384
39400
39394
39382
39388
39393
39381
39400
39380
39386
39394
39399
39393
39399
39391
39394
39396
39400
39387
39402
39396
39398
39380
39407
39381
39400
39382
39385
39396
39393
39396
39380
39389
39390
39382
39385
39389
39378
39375
39388
39384
39391
39387
39379
39391
39378
39379
39392
39396
39379
39378
39399
39377
39405
39381
39403
39386
39403
39393
39377
39397
39383
39399
39394
39383
39395
39377
39385
39383
39386
39390
39400
39379
39391
39379
39387
39395
39392
39398
39382
39383
39405
39255
33421
36666
37253
37269
37254
37241
37236
37249
37245
37239
37249
37237
37240
37237
37241
37242
37251
37239
37246
37253
37239
37249
37249
37242
37251
37250
37248
37238
37242
37246
37238
37245
37244
37253
37242
37246
37242
37237
37249
37240
37241
37236
37241
37242
37243
37253
37241
37250
37243
37246
37244
37243
37248
37236
37249
37238
37242
37249
37244
37238
37242
37241
37236
37240
37248
37238
37236
37241
37249
37244
37251
37236
37245
37232
37237
37250
37238
37240
37243
37238
37235
37240
37235
37238
37236
37239
37241
37242
37241
37241
37243
37244
37239
37247
37240
37239
37232
37243
37240
37225
38855
43315
41624
40617
39694
38815
39076
39460
39399
39378
39399
39387
39379
39377
39395
39382
39386
39389
39375
39380
39396
39371
39393
39383
39365
39381
39388
39382
39377
39397
39379
39378
39386
39382
39375
39384
39398
39375
39403
39374
39381
39384
39378
39385
39391
39372
39392
39401
39377
39383
39393
39388
39385
39387
39388
39380
39379
39400
39388
39385
39380
39377
39389
39385
39378
39376
39398
39374
39383
39390
39388
39372
39392
39383
39384
39380
39390
39395
39387
39385
39379
39379
39385
39383
39384
39381
39380
39385
39383
39382
39384
39389
39383
39388
39106
33439
36715
37254
37257
37232
37236
37241
37226
37235
37231
37244
37237
37231
37233
37232
37228
37230
37240
37236
37247
37238
37239
37234
37233
37244
37229
37241
37237
37241
37234
37239
37241
37233
37243
37238
37239
37234
37231
37240
37238
37242
37238
37235
37236
37233
37241
37234
37236
37234
37225
37240
37236
37233
37237
37235
37236
37234
37228
37236
37238
37240
37234
37234
37239
37233
37240
37243
37242
37240
37228
37235
37240
37238
37244
37226
37235
37233
37244
37235
37236
37237
37243
37225
37230
37242
37232
37240
37230
37247
37238
37233
37239
37230
37233
37239
37239
37240
37239
37251
37235
39180
43211
41560
40567
39642
38778
39111
39464
39411
39381
39381
39365
39396
39391
39369
39391
39383
39380
39365
39379
39377
39376
39389
39376
39375
39374
39389
39382
39371
39368
39397
39372
39369
39386
39374
39365
39396
39370
39378
39374
39373
39383
39378
39374
39385
39383
39371
39390
39373
39369
39384
39376
39376
39372
39370
39387
39377
39377
39369
39373
39383
39383
39371
39374
39373
39378
39381
39382
39376
39363
39382
39376
39362
39379
39373
39385
39371
39367
39377
39371
39377
39370
39379
39358
39369
39375
39367
39366
39379
39360
39371
39371
39361
39394
38894
33510
36736
37249
37254
37236
37222
37222
37222
37232
37228
37220
37236
37225
37234
37225
37225
37226
37221
37222
37235
37231
37234
37230
37225
37235
37228
37229
37240
37225
37236
37231
37232
37240
37227
37231
37228
37229
37233
37231
37232
37232
37240
37227
37232
37242
37235
37236
37230
37231
37237
37234
37227
37237
37236
37240
37232
37236
37237
37233
37235
37227
37238
37235
37231
37238
37230
37241
37220
37231
37235
37226
37226
37227
37235
37223
37227
37224
37230
37230
37235
37232
37224
37233
37233
37233
37225
37226
37229
37227
37228
37226
37224
37233
37228
37236
37231
37232
37233
37221
37230
39330
43173
41557
40557
39627
38764
39099
39460
39384
39385
39378
39360
39387
39368
39392
39370
39375
39383
39381
39376
39383
39378
39374
39372
39369
39373
39380
39378
39365
39370
39369
39367
39383
39373
39355
39370
39378
39367
39366
39368
39368
39368
39376
39369
39357
39375
39377
39367
39361
39369
39355
39381
39374
39363
39376
39367
39356
39373
39357
39358
39374
39367
39374
39357
39365
39373
39354
39370
39357
39377
39371
39370
39365
39385
39368
39359
39375
39356
39371
39376
39369
39373
39377
39384
39364
39371
39361
39378
39374
39363
39371
39372
39370
39353
39385
39368
39370
39366
39370
39374
39374
39364
39375
39365
39374
39364
39377
39377
39377
39376
39361
39378
39383
39370
39373
39374
39370
39376
39362
39375
39369
39369
39367
39373
39383
39352
39364
39375
39360
39379
39365
39355
39371
39370
39371
39377
39364
39368
39369
39368
39360
39378
39359
39366
39359
39367
39371
39348
39370
39371
39367
39364
39371
39374
39350
39368
39370
39366
39374
39370
39362
39376
39360
39378
39363
39374
39380
39363
39371
39375
39362
39362
39375
39377
39363
39381
39377
39370
39382
39374
39369
39367
39381
39352
39360
39386
39362
39378
39369
39363
39377
39361
39372
39379
39364
39367
39361
39354
39363
39370
39364
39377
39346
39379
39363
39373
39365
39380
39355
39360
39381
39351
39373
39352
39373
39376
39354
39374
39366
39359
39396
39373
39363
39369
39365
39349
39367
39370
39363
39366
39360
39359
39369
39357
39362
39360
39368
39404
39363
39367
39360
39359
39359
39369
39361
39352
39371
39365
39361
39374
39376
39383
39371
39381
39361
39361
39379
39370
39358
39371
39363
39365
39383
39362
39361
39371
39366
39379
39371
39374
39356
39365
39373
39369
39363
39352
39363
39361
39381
39359
39362
39359
39372
39363
39370
39367
39350
39352
39352
39359
39355
39367
39355
39354
39363
39366
39363
39363
39364
39358
39362
39370
39357
39366
39366
39351
39366
39364
39371
39365
39364
39362
39377
39363
39350
39374
39369
39366
39362
39351
39380
39366
39368
39360
39378
39367
39392
39375
39364
39373
39371
39374
39357
39375
39365
39359
39374
39360
39371
