76300
77946
77857
77850
77855
77848
77859
77849
77858
77849
77856
77851
77854
77865
77844
77853
77854
77853
77858
77876
77852
77856
77866
77871
77862
77871
77859
77855
77856
77864
77862
77857
77858
77850
77854
77857
77867
77858
77863
77869
77869
77866
77871
77870
77874
77875
77872
77865
77879
77869
77869
77872
77868
77872
77879
77892
77885
77881
77890
77887
77879
77879
77872
77888
77883
77876
77873
77874
77886
77886
77880
77876
77886
77886
77892
77889
77875
77884
77871
77889
77869
77882
77872
77872
77875
77870
77872
77873
77878
77875
77867
77859
77874
77859
77859
78977
79490
78794
78792
78783
78794
78779
78804
78797
78785
78788
78800
78782
78794
78786
78794
78781
78800
78783
78796
78786
78797
78785
78800
78795
78793
78793
78788
78817
78785
78762
78783
78789
78801
78780
78783
78777
78795
78787
78794
78783
78794
78781
78798
78784
78793
78787
78795
78791
78785
78801
78792
78771
78784
78783
78778
78764
78788
78782
78780
78773
78781
78789
78783
78761
78776
78773
78786
78773
78783
78762
78768
78779
78787
78779
78782
78788
78772
78801
78786
78799
78783
78790
78785
78791
78784
78784
78773
78805
78790
78809
78795
78793
78798
78791
76382
77949
77881
77865
77868
77852
77861
77879
77868
77877
77876
77877
77863
77873
77875
77856
77866
77867
77855
77859
77873
77876
77868
77866
77868
77868
77866
77874
77859
77865
77869
77857
77860
77867
77866
77865
77863
77864
77860
77861
77864
77871
77873
77879
77877
77873
77861
77883
77870
77874
77867
77877
77890
77875
77876
77877
77870
77867
77875
77876
77871
77872
77873
77871
77864
77872
77872
77888
77868
77871
77873
77874
77876
77872
77881
77872
77874
77866
77884
77871
77857
77862
77861
77883
77864
77880
77855
77873
77871
77871
77878
77878
77877
77870
77877
78608
79780
78781
78818
78794
78795
78801
78780
78793
78794
78776
78779
78784
78790
78779
78784
78769
78772
78782
78786
78790
78783
78774
78779
78797
78776
78774
78776
78787
78793
78771
78787
78777
78777
78777
78784
78786
78779
78774
78798
78776
78790
78809
78799
78798
78789
78797
78773
78798
78793
78793
78792
78790
78804
78775
78786
78790
78772
78791
78783
78787
78776
78778
78776
78786
78777
78780
78779
78780
78782
78772
78778
78765
78769
78779
78785
78768
78787
78787
78776
78794
78796
78801
78784
78783
78811
78790
78786
78782
78800
78773
78785
78783
78786
78787
76464
77928
77861
77853
77871
77853
77842
77853
77872
77861
77867
77865
77863
77871
77864
77875
77871
77872
77879
77868
77874
77865
77872
77861
77860
77866
77864
77862
77858
77862
77862
77868
77878
77863
77855
77877
77873
77869
77863
77876
77875
77880
77867
77862
77865
77857
77875
77867
77852
77864
77866
77873
77877
77867
77878
77861
77877
77855
77867
77865
77860
77871
77868
77857
77856
77851
77854
77858
77858
77857
77858
77855
77844
77852
77844
77858
77861
77850
77851
77859
77856
77851
77857
77854
77848
77851
77838
77843
77856
77847
77850
77855
77856
77848
77867
78242
80057
78765
78789
78781
78778
78781
78789
78786
78776
78787
78783
78785
78792
78788
78775
78768
78785
78778
78776
78795
78791
78772
78792
78775
78786
78788
78801
78772
78791
78796
78772
78772
78793
78799
78785
78792
78772
78787
78793
78783
78783
78776
78783
78792
78779
78781
78794
78792
78772
78785
78781
78776
78780
78780
78772
78769
78769
78778
78788
78795
78774
78772
78775
78770
78762
78768
78777
78766
78785
78782
78784
78781
78775
78770
78787
78775
78768
78770
78778
78780
78764
78785
78777
78783
78791
78777
78792
78768
78783
78775
78788
78780
78785
78778
76549
77924
77867
77873
77862
77866
77863
77868
77836
77862
77858
77865
77879
77879
77878
77853
77866
77873
77861
77875
77871
77876
77882
77887
77887
77871
77872
77861
77877
77871
77871
77860
77869
77869
77868
77858
77871
77862
77845
77863
77847
77849
77853
77850
77851
77849
77860
77860
77853
77852
77865
77855
77866
77859
77871
77862
77857
77864
77857
77863
77856
77856
77858
77867
77855
77860
77856
77849
77854
77854
77854
77853
77851
77851
77856
77852
77851
77854
77849
77858
77851
77883
77860
77868
77875
77851
77872
77854
77873
77874
77870
77866
77858
77875
77866
77943
80330
78747
78780
78803
78801
78788
78773
78788
78770
78795
78768
78778
78791
78781
78785
78783
78773
78796
78777
78795
78771
78789
78765
78762
78780
78777
78765
78780
78788
78775
78780
78780
78784
78775
78782
78772
78779
78797
78778
78762
78782
78764
78773
78755
78779
78758
78770
78783
78765
78760
78774
78771
78784
78766
78771
78781
78753
78777
78764
78770
78772
78747
78777
78773
78757
78761
78776
78775
78778
78775
78772
78780
78769
78773
78791
78776
78765
78764
78765
78784
78758
78779
78787
78779
78766
78816
78793
78774
78762
78781
78769
78777
78781
78788
78776
78762
78769
78778
78763
78769
78759
78779
78758
78760
78768
78760
78764
78774
78774
78780
78773
78779
78787
78765
78775
78772
78772
78764
78782
78783
78783
78773
78773
78772
78768
78770
78783
78778
78764
78767
78765
78760
78769
78764
78760
78751
78765
78764
78770
78769
78761
78740
78756
78720
78754
78755
78758
78755
78754
78755
78757
78754
78754
78757
78773
78751
78758
78779
78749
78773
78778
78768
78773
78767
78757
78768
78776
78778
78761
78756
78757
78780
78771
78772
78764
78768
78816
78779
78757
78775
78772
78760
78772
78781
78759
78762
78768
78754
78763
78772
78759
78767
78767
78763
78765
78778
78753
78768
78774
78761
78787
78753
78769
78771
78758
78766
78763
78764
78743
78772
78768
78780
78758
78764
78759
78761
78760
78754
78758
78757
78781
78756
78763
78766
78773
78778
78772
78762
78778
78759
78764
78763
78768
78750
78762
78765
78751
78771
78790
78758
78750
78771
78749
78759
78768
78776
78754
78781
78755
78773
78765
78779
78766
78769
78775
78779
78766
78781
78768
78773
78749
78769
78768
78758
78763
78778
78753
78786
78765
78777
78769
78769
78768
78756
78767
78757
78758
78752
78781
78763
78758
78760
78767
78771
78760
78781
78760
78765
78780
78753
78740
78765
78775
78757
78779
78760
78759
78780
78769
78771
78776
78766
78761
78771
78765
78763
78763
78761
78758
78767
78746
78758
78772
78754
78763
78775
78752
78769
78757
78766
78767
78786
78773
78762
78770
78764
78767
78779
78754
78768
78758
78752
78760
78769
78752
78754
78769
78769
78777
78766
78783
78767
78754
78769
78749
78777
78762
78766
78762
78773
78766
78755
78754
78769
78773
78785
78759
78786
