69039
73650
73616
73618
73626
73625
73618
73615
73610
73621
73608
73608
73614
73619
73611
73608
73613
73614
73619
73613
73609
73618
73628
73626
73622
73627
73622
73620
73621
73609
73616
73618
73607
73619
73603
73619
73608
73620
73629
73615
73622
73603
73596
73676
73618
73612
73601
73594
73597
73592
73603
73597
73606
73600
73608
73616
73622
73618
73619
73610
73603
73610
73609
73614
73618
73609
73611
73624
73614
73619
73622
73619
73613
73604
73613
73602
73621
73613
73613
73622
73613
73615
73618
73605
73613
73594
73606
73588
73596
73676
73606
73610
73604
73604
73595
73600
73586
73590
73601
73602
78133
83035
78747
77341
78154
78067
78056
78078
78066
78054
78054
78047
78063
78052
78056
78048
78049
78052
78055
78047
78036
78032
78042
78041
78050
78036
78053
78041
78039
78046
78045
78054
78041
78042
78049
78038
78039
78028
78050
78033
78052
78024
78049
78047
78040
78050
78051
78034
78043
78026
78052
78043
78051
78038
78044
78038
78044
78053
78038
78038
78046
78035
78022
78059
78037
78041
78044
78032
78026
78045
78024
78048
78044
78033
78046
78037
78053
78044
78042
78028
78056
78037
78044
78037
78033
78045
78030
78041
78052
78041
78041
78046
78059
78041
77862
69069
73638
73584
73584
73578
73588
73583
73593
73582
73591
73584
73593
73598
73586
73594
73585
73591
73585
73588
73594
73595
73605
73592
73582
73610
73592
73604
73597
73602
73604
73598
73596
73607
73609
73596
73594
73588
73592
73587
73601
73592
73586
73588
73587
73592
73585
73581
73580
73582
73591
73580
73588
73585
73581
73588
73587
73587
73583
73584
73571
73575
73579
73589
73590
73594
73588
73585
73578
73583
73574
73589
73567
73573
73584
73592
73592
73585
73590
73586
73582
73582
73583
73577
73579
73582
73569
73559
73565
73564
73580
73570
73571
73573
73570
73584
73578
73575
73576
73568
73572
78415
82893
78630
77317
78111
78028
78036
78008
78036
78014
78024
78025
78018
78008
78009
78012
78009
77995
78005
78013
77998
78018
77997
78038
78002
78012
78038
78012
78027
78012
78015
78022
78031
78020
78021
78014
78025
78032
78031
78018
78020
78011
78014
78017
78009
78030
78018
78016
78011
78044
78027
78012
78022
78003
78033
78033
78018
78017
78011
78014
78025
78020
78028
78012
77996
78022
78004
78027
78008
78023
78008
78019
77997
77999
78025
78000
78010
78017
78012
78018
77999
78005
78029
78015
77998
78006
78017
78006
78028
78015
78007
78021
78011
78027
77637
69164
73598
73551
73565
73560
73564
73563
73569
73557
73555
73559
73562
73562
73563
73559
73545
73556
73562
73563
73546
73551
73551
73558
73561
73565
73561
73567
73556
73568
73560
73559
73554
73564
73555
73548
73554
73541
73484
73555
73553
73554
73546
73556
73552
73560
73552
73545
73557
73564
73553
73549
73562
73537
73547
73551
73549
73551
73552
73552
73557
73556
73553
73551
73535
73551
73541
73563
73545
73554
73555
73555
73561
73541
73572
73545
73540
73543
73542
73529
73532
73538
73542
73540
73548
73553
73541
73549
73553
73548
73544
73553
73558
73554
73547
73549
73553
73556
73551
73554
73559
78707
82676
78447
77375
78100
78018
78007
77989
78004
78007
78016
77996
78009
77999
78000
77990
78018
77997
77994
77999
77999
78006
77989
78005
77990
77983
77997
77996
78007
78002
77990
77997
78019
77988
78001
77987
77996
77977
77998
77974
77989
77986
77983
77968
77989
78015
77999
77982
78001
77983
77997
77986
77997
77988
77977
78000
77980
77998
77978
77976
77959
77994
77980
77995
78014
77996
78005
77989
78017
77998
77986
78010
77978
78008
77990
77986
78001
77970
77990
77997
77982
77995
77983
77985
77997
77998
77981
78001
77993
77993
78001
77974
78004
77990
77271
69359
73585
73542
73539
73549
73546
73554
73550
73543
73532
73543
73541
73538
73542
73547
73532
73560
73540
73539
73537
73545
73530
73537
73539
73549
73535
73555
73527
73535
73543
73528
73543
73554
73546
73536
73547
73542
73538
73541
73537
73547
73543
73541
73531
73535
73532
73540
73543
73544
73541
73533
73543
73542
73560
73549
73531
73554
73553
73540
73546
73545
73531
73536
73537
73534
73544
73547
73532
73538
73534
73537
73540
73537
73541
73550
73533
73538
73553
73548
73545
73550
73554
73558
73549
73565
73555
73557
73564
73540
73535
73540
73539
73533
73542
73548
73557
73540
73532
73547
73538
79066
82526
78327
77410
78088
77981
78002
77998
78005
77990
77988
77989
77983
77990
77984
77968
77982
77971
78002
78001
77972
78004
77987
78017
77997
77973
78007
77976
78003
77992
77983
77997
78002
77978
77979
77974
77978
77994
77980
78005
77983
77982
78000
77989
77993
77982
77980
77980
77973
77986
77976
77981
77974
77981
77988
77975
77989
77999
77990
77970
78001
77984
77968
77985
77994
77980
77990
77991
77991
77995
77986
78006
77994
77989
78005
78001
78000
77998
77989
77985
78005
77985
77997
77978
78000
77990
78002
77981
77990
78000
77997
78009
78001
77994
77989
77994
77973
77990
77989
77977
77996
77976
78002
77985
77990
77986
77986
77979
77994
77982
77991
77992
77999
77988
77992
78005
77984
78017
77994
77984
77995
77981
77997
78000
77982
77993
77995
78001
78002
77994
77985
78001
77964
78006
77981
78012
77990
77995
77992
77991
78010
77992
77974
77978
77986
77992
77997
77993
77983
77993
77988
77998
78001
77965
77983
77991
77989
78004
77984
77994
77993
78012
77989
78006
77992
78008
77985
77999
78010
77977
77992
77987
77986
78004
77992
78000
77990
77984
77976
77987
78000
77991
77997
77978
77993
77982
78006
77998
77996
78005
78004
77979
77996
77983
77994
78006
78011
77994
77987
78003
78014
78005
77987
78007
77997
77991
78012
77996
77999
77988
78002
77994
78008
77988
77991
78000
77998
77983
77986
78001
77995
78005
77996
77999
77978
77992
78006
78001
77981
77997
78001
77997
77991
78010
78008
77990
77987
77997
78002
77972
78000
77993
77987
77997
77998
77969
77990
77980
77994
77973
77995
77982
77993
78007
77991
78001
78001
77992
77998
77980
77989
77982
77989
77998
77989
77995
77990
77991
78006
78005
77972
77985
77977
77993
78007
78002
77998
78001
78014
77993
77991
78004
78002
78005
78003
78006
77999
78001
78030
77996
78014
78001
78005
78006
78002
77993
77984
77997
77996
78019
77990
77990
78003
78007
77997
77996
77998
78005
77991
78013
77991
77983
78007
77983
77977
78009
77984
78003
77998
77987
78003
78019
78018
78004
77990
78013
78016
78025
78011
78000
78018
78013
78021
78022
78004
78016
78003
78001
78001
