71056
73494
73450
73444
73455
73438
73442
73440
73445
73440
73435
73429
73463
73458
73447
73448
73438
73443
73463
73451
73456
73445
73433
73441
73445
73447
73437
73442
73436
73442
73432
73433
73442
73428
73435
73436
73439
73443
73438
73443
73433
73443
73435
73441
73459
73433
73421
73424
73438
73444
73447
73429
73422
73425
73438
73430
73419
73433
73432
73431
73431
73427
73439
73445
73438
73437
73432
73435
73430
73439
73437
73444
73443
73429
73434
73445
73436
73437
73436
73437
73430
73432
73429
73428
73443
73445
73439
73439
73453
73442
73450
73440
73444
73440
73439
73449
73864
78063
75052
75345
75331
75319
75322
75322
75321
75318
75335
75321
75337
75333
75331
75332
75350
75334
75354
75350
75341
75339
75328
75341
75324
75326
75338
75345
75337
75345
75337
75341
75346
75329
75339
75333
75333
75322
75331
75331
75342
75335
75338
75329
75312
75342
75332
75344
75316
75335
75337
75347
75335
75350
75323
75345
75335
75337
75331
75352
75338
75334
75345
75339
75317
75338
75338
75340
75342
75334
75331
75343
75332
75327
75335
75345
75330
75357
75334
75358
75337
75333
75337
75336
75329
75343
75326
75345
75339
75353
75341
75343
75335
75348
75343
71662
73446
73449
73441
73447
73448
73431
73438
73446
73444
73453
73424
73441
73452
73449
73439
73450
73438
73442
73438
73442
73436
73448
73454
73454
73445
73443
73444
73446
73450
73445
73444
73446
73450
73434
73443
73443
73441
73445
73435
73442
73438
73444
73439
73442
73453
73434
73446
73440
73442
73443
73440
73442
73445
73436
73444
73450
73444
73447
73428
73443
73444
73438
73444
73449
73424
73448
73451
73459
73459
73448
73466
73432
73443
73454
73451
73459
73470
73433
73449
73448
73452
73450
73450
73454
73436
73450
73450
73446
73443
73448
73455
73438
73441
73450
73448
73459
77694
75373
75340
75347
75342
75344
75352
75342
75341
75341
75342
75355
75350
75347
75351
75356
75353
75338
75348
75344
75343
75354
75357
75345
75347
75345
75332
75343
75335
75353
75339
75354
75350
75348
75335
75365
75351
75339
75347
75345
75356
75345
75349
75343
75333
75344
75348
75333
75351
75357
75330
75344
75344
75334
75337
75339
75356
75344
75335
75335
75340
75350
75340
75336
75355
75342
75335
75335
75334
75336
75311
75346
75339
75327
75336
75357
75337
75362
75340
75351
75349
75342
75323
75347
75338
75337
75347
75357
75337
75353
75340
75351
75340
75354
72654
73015
73475
73461
73449
73458
73458
73459
73454
73459
73452
73443
73459
73462
73460
73457
73447
73448
73459
73450
73444
73455
73447
73459
73456
73455
73456
73460
73441
73448
73454
73448
73461
73457
73449
73445
73457
73457
73451
73448
73451
73461
73449
73444
73462
73460
73451
73459
73451
73443
73455
73443
73463
73455
73457
73436
73459
73435
73454
73452
73442
73449
73450
73446
73448
73456
73452
73449
73448
73445
73457
73429
73443
73443
73450
73438
73441
73430
73448
73439
73435
73437
73438
73437
73442
73445
73433
73450
73452
73459
73453
73450
73450
73453
73450
73437
73451
76480
76126
75223
75349
75365
75343
75359
75350
75357
75340
75348
75346
75356
75359
75331
75349
75337
75343
75353
75341
75336
75339
75337
75333
75351
75340
75332
75345
75349
75347
75337
75339
75353
75342
75353
75355
75341
75348
75354
75342
75345
75359
75344
75353
75357
75351
75354
75343
75346
75350
75353
75355
75367
75348
75340
75350
75339
75359
75340
75350
75338
75356
75336
75335
75355
75322
75343
75341
75343
75334
75347
75342
75350
75337
75328
75346
75338
75332
75323
75332
75337
75327
75336
75335
75339
75343
75337
75344
75337
75314
75326
75338
75321
75349
74675
71517
73498
73450
73453
73463
73449
73443
73451
73450
73447
73452
73446
73457
73451
73452
73435
73438
73429
73445
73450
73444
73450
73448
73451
73446
73450
73453
73459
73445
73447
73443
73447
73452
73450
73443
73448
73434
73441
73452
73455
73449
73455
73457
73443
73448
73435
73447
73460
73454
73449
73454
73446
73436
73432
73452
73452
73445
73454
73453
73454
73459
73448
73450
73442
73451
73443
73431
73454
73452
73451
73454
73446
73445
73458
73456
73459
73450
73443
73444
73440
73436
73438
73453
73456
73447
73448
73451
73440
73443
73448
73449
73434
73451
73444
73446
73448
74623
77562
75042
75324
75332
75353
75343
75332
75342
75342
75346
75344
75346
75342
75349
75333
75346
75331
75346
75334
75343
75338
75341
75335
75336
75329
75348
75350
75349
75338
75335
75334
75342
75341
75344
75332
75352
75325
75337
75342
75327
75335
75315
75328
75334
75345
75341
75334
75340
75331
75339
75352
75328
75337
75349
75323
75325
75355
75346
75327
75335
75334
75343
75320
75334
75321
75333
75321
75339
75333
75331
75334
75342
75319
75334
75312
75337
75326
75339
75335
75339
75341
75340
75323
75339
75329
75318
75337
75338
75329
75353
75323
75341
75336
75337
75333
75343
75334
75333
75344
75342
75343
75338
75330
75327
75355
75335
75339
75338
75340
75330
75332
75349
75330
75358
75324
75350
75333
75342
75340
75347
75353
75341
75345
75343
75332
75360
75349
75352
75353
75370
75361
75374
75345
75363
75359
75328
75367
75343
75372
75346
75336
75344
75361
75353
75341
75347
75350
75355
75358
75356
75355
75348
75341
75342
75360
75362
75364
75350
75358
75337
75342
75338
75343
75354
75339
75360
75367
75359
75363
75366
75362
75355
75357
75373
75382
75365
75369
75374
75359
75368
75361
75373
75360
75353
75349
75350
75362
75373
75363
75351
75364
75351
75374
75366
75353
75371
75369
75356
75346
75354
75370
75352
75367
75354
75352
75337
75363
75346
75346
75354
75358
75349
75352
75352
75341
75357
75350
75344
75353
75338
75344
75352
75348
75343
75347
75350
75338
75350
75349
75345
75336
75365
75340
75343
75355
75339
75355
75335
75350
75359
75328
75353
75338
75357
75367
75348
75344
75344
75354
75366
75357
75368
75356
75366
75343
75343
75341
75342
75359
75358
75362
75348
75339
75353
75343
75351
75365
75357
75363
75342
75351
75360
75349
75360
75348
75334
75341
75340
75355
75341
75355
75357
75348
75348
75327
75353
75348
75338
75343
75348
75339
75331
75339
75346
75327
75345
75334
75356
75336
75345
75336
75346
75345
75349
75350
75354
75355
75344
75332
75350
75361
75346
75359
75361
75354
75375
75344
75330
75353
75334
75343
75330
75345
75329
75343
75352
75348
75350
75364
75339
75348
75329
75343
75340
75354
75345
75338
75344
75344
75329
75348
75360
75352
75368
75348
75341
75339
75361
75345
75342
75336
75323
75334
