4796
4696
4653
4641
4656
4684
4719
4749
4781
4804
4826
4841
4855
4861
4870
4874
4876
4874
4874
4872
4873
4872
4874
4873
4871
4869
4867
4868
4868
4868
4867
4868
4869
4864
4866
4866
4867
4867
4867
4867
4865
4866
4864
4865
4864
4866
4866
4868
4867
4868
4866
4868
4865
4868
4865
4864
4865
4868
4865
4866
4865
4867
4865
4865
4864
4866
4865
4867
4864
4866
4866
4868
4865
4868
4866
4869
4867
4868
4865
4865
4863
4867
4864
4869
4864
4869
4867
4867
4866
4867
4867
4867
4865
4866
4867
4872
5013
5087
5117
5124
5121
5111
5079
5048
5022
5000
4980
4962
4945
4929
4913
4913
4912
4923
4913
4923
4925
4922
4916
4930
4918
4922
4930
4926
4914
4922
4932
4926
4924
4928
4927
4920
4918
4930
4924
4919
4930
4924
4933
4917
4924
4929
4916
4925
4932
4916
4926
4926
4929
4915
4923
4927
4927
4928
4916
4928
4925
4923
4927
4922
4930
4914
4925
4933
4917
4925
4927
4914
4926
4930
4926
4923
4930
4914
4926
4931
4915
4925
4927
4929
4925
4921
4925
4923
4929
4915
4927
4921
4916
4922
4784
4692
4651
4643
4661
4685
4721
4751
4783
4804
4826
4839
4854
4861
4870
4872
4875
4875
4877
4876
4875
4872
4871
4870
4870
4868
4868
4867
4867
4866
4865
4866
4868
4866
4866
4865
4866
4865
4865
4866
4865
4867
4866
4868
4865
4866
4866
4866
4866
4866
4864
4867
4867
4868
4866
4868
4866
4867
4865
4866
4865
4869
4867
4869
4865
4867
4866
4868
4865
4867
4864
4867
4865
4868
4867
4868
4865
4867
4866
4869
4866
4867
4866
4868
4866
4867
4866
4867
4866
4868
4865
4866
4867
4869
4867
4877
5018
5088
5115
5124
5120
5109
5077
5046
5021
4999
4979
4962
4944
4928
4911
4900
4919
4918
4921
4915
4922
4925
4924
4924
4923
4930
4917
4929
4924
4925
4915
4928
4924
4928
4927
4921
4918
4929
4925
4919
4929
4923
4926
4914
4926
4928
4925
4923
4930
4914
4925
4926
4929
4913
4921
4932
4925
4921
4930
4925
4922
4928
4918
4920
4931
4922
4921
4931
4925
4918
4930
4915
4921
4927
4926
4929
4916
4927
4920
4918
4929
4928
4924
4927
4926
4916
4929
4917
4920
4930
4920
4921
4931
4911
4760
4684
4646
4643
4665
4693
4731
4761
4790
4809
4831
4843
4857
4862
4870
4872
4878
4877
4879
4875
4875
4871
4869
4867
4868
4867
4869
4868
4870
4868
4869
4869
4869
4868
4869
4868
4867
4868
4869
4869
4868
4869
4868
4867
4865
4867
4866
4866
4865
4866
4866
4868
4867
4870
4868
4868
4865
4867
4864
4868
4867
4868
4866
4867
4867
4868
4867
4870
4866
4868
4864
4867
4866
4868
4865
4868
4866
4869
4867
4869
4865
4865
4865
4867
4868
4868
4866
4867
4866
4870
4865
4867
4865
4866
4865
4887
5028
5093
5118
5125
5120
5116
5067
5037
5012
4991
4972
4955
4937
4922
4913
4919
4921
4924
4916
4925
4922
4920
4926
4915
4927
4923
4926
4922
4925
4916
4920
4931
4920
4921
4929
4925
4932
4917
4927
4922
4931
4918
4923
4929
4925
4922
4931
4914
4925
4926
4928
4913
4920
4930
4917
4920
4931
4919
4921
4931
4921
4921
4930
4924
4920
4930
4916
4922
4927
4926
4929
4916
4927
4927
4922
4926
4922
4917
4928
4923
4926
4927
4922
4926
4923
4921
4928
4913
4924
4925
4927
4923
4923
4893
4754
4676
4645
4643
4667
4697
4733
4762
4791
4811
4831
4843
4856
4864
4869
4870
4874
4874
4874
4873
4873
4871
4870
4871
4870
4869
4869
4868
4867
4865
4864
4864
4864
4865
4867
4868
4867
4868
4867
4867
4864
4866
4866
4866
4864
4866
4865
4867
4865
4867
4865
4866
4865
4867
4865
4866
4865
4868
4866
4869
4866
4867
4865
4866
4863
4865
4863
4867
4865
4866
4865
4868
4865
4868
4864
4866
4865
4868
4865
4866
4864
4866
4865
4867
4867
4866
4866
4868
4866
4866
4865
4866
4865
4866
4865
4895
5036
5094
5118
5124
5118
5101
5064
5035
5011
4990
4971
4954
4937
4920
4905
4920
4915
4924
4924
4916
4923
4924
4918
4931
4924
4923
4925
4928
4924
4926
4915
4929
4925
4923
4927
4923
4925
4929
4924
4919
4925
4925
4921
4925
4912
4923
4929
4913
4923
4929
4913
4923
4932
4917
4924
4932
4917
4923
4927
4913
4925
4930
4921
4924
4924
4914
4927
4934
4918
4925
4928
4915
4926
4924
4921
4925
4922
4916
4927
4925
4915
4927
4928
4917
4928
4924
4928
4913
4924
4931
4914
4925
4932
4915
4925
4932
4916
4923
4927
4913
4924
4930
4914
4925
4924
4927
4922
4920
4924
4926
4926
4915
4928
4929
4915
4926
4925
4928
4924
4920
4922
4925
4920
4914
4926
4926
4915
4927
4923
4922
4926
4924
4917
4927
4922
4929
4914
4923
4925
4924
4922
4927
4914
4925
4930
4914
4926
4931
4915
4925
4932
4916
4924
4932
4917
4923
4928
4914
4926
4925
4928
4924
4925
4922
4925
4925
4915
4929
4924
4927
4912
4924
4933
4920
4923
4930
4914
4924
4924
4928
4923
4919
4927
4923
4921
4925
4922
4928
4913
4923
4929
4913
4922
4929
4913
4921
4929
4923
4925
4927
4922
4924
4911
4923
4926
4925
4926
4914
4925
4928
4927
4916
4917
4926
4930
4915
4925
4929
4913
4924
4929
4912
4922
4931
4922
4920
4928
4923
4924
4927
4912
4917
4927
4926
4915
4927
4926
4913
4925
4923
4960
4923
4927
4910
4922
4928
4923
4929
4913
4922
4929
4911
4922
4929
4923
4920
4913
4924
4926
4926
4923
4924
4927
4924
4913
4925
4925
4927
4915
4918
4929
4923
4921
4926
4928
4914
4925
4929
4927
4918
4918
4929
4925
4928
4912
4922
4930
4922
4918
4929
4922
4930
4913
4921
4924
4924
4923
4913
4924
4926
4926
4915
4918
4927
4908
4914
4925
4928
4913
4923
4929
4912
4923
4929
4925
4924
4920
4925
4924
4921
4923
4930
4914
4922
4925
4926
4921
4929
4916
4920
4930
4916
4918
4928
4929
4916
4927
4928
4914
4925
4930
4913
4923
4930
4925
4920
4915
4925
4925
4927
4923
4924
4926
4912
4919
4928
4926
4915
