37592
38718
38998
38954
38946
38944
38943
38941
38940
38942
38936
38944
38931
38941
38939
38933
38948
38937
38939
38945
38954
38940
38945
38945
38944
38925
38947
38950
38937
38939
38947
38940
38943
38940
38948
38953
38947
38943
38952
38953
38944
38940
38940
38953
38947
38940
38951
38947
38948
38948
38945
38945
38940
38950
38940
38943
38948
38930
38935
38944
38942
38945
38938
38941
38947
38939
38949
38946
38952
38950
38947
38935
38946
38947
38947
38950
38947
38952
38952
38952
38946
38946
38945
38934
38947
38953
38947
38947
38940
38951
38943
38947
38942
38934
38940
39369
40587
39462
39400
39403
39411
39403
39407
39397
39397
39406
39410
39399
39415
39401
39420
39397
39393
39408
39408
39400
39401
39412
39404
39400
39398
39394
39412
39410
39401
39400
39408
39399
39394
39404
39400
39398
39401
39399
39406
39401
39390
39412
39392
39410
39401
39391
39416
39411
39382
39414
39408
39394
39416
39400
39400
39391
39407
39409
39387
39405
39404
39402
39404
39409
39393
39403
39416
39388
39408
39400
39401
39396
39396
39398
39411
39386
39406
39388
39401
39385
39397
39395
39398
39400
39398
39405
39409
39395
39407
39392
39408
39387
39409
39392
37710
38631
38999
38958
38944
38939
38943
38940
38935
38940
38947
38939
38936
38945
38943
38945
38948
38935
38941
38945
38942
38945
38953
38953
38943
38952
38945
38934
38944
38946
38939
38941
38954
38942
38941
38944
38937
38934
38947
38938
38929
38942
38937
38942
38943
38940
38940
38934
38943
38943
38944
38936
38944
38946
38947
38947
38940
38945
38935
38948
38942
38951
38945
38938
38935
38937
38932
38942
38937
38933
38934
38939
38934
38942
38939
38932
38935
38944
38928
38935
38942
38933
38931
38943
38939
38937
38945
38944
38935
38943
38945
38943
38935
38937
38933
39231
40658
39499
39395
39393
39396
39392
39401
39405
39391
39391
39409
39406
39389
39401
39404
39399
39404
39390
39409
39400
39394
39397
39398
39410
39393
39386
39410
39394
39401
39389
39407
39407
39397
39386
39401
39404
39403
39394
39387
39405
39401
39398
39400
39393
39393
39396
39387
39387
39397
39393
39398
39393
39391
39405
39379
39396
39404
39396
39390
39399
39396
39397
39396
39403
39399
39395
39417
39402
39406
39399
39413
39390
39407
39397
39400
39392
39398
39397
39390
39392
39404
39394
39399
39401
39396
39387
39387
39401
39399
39394
39402
39401
39390
39389
37791
38574
39004
38959
38936
38945
38933
38942
38933
38940
38933
38941
38934
38939
38948
38942
38939
38941
38938
38940
38949
38940
38933
38937
38934
38941
38938
38947
38941
38934
38953
38938
38941
38938
38939
38944
38945
38944
38950
38946
38943
38945
38952
38946
38944
38940
38939
38944
38944
38944
38952
38940
38943
38948
38934
38946
38953
38937
38945
38949
38947
38943
38949
38941
38952
38950
38951
38941
38950
38939
38943
38933
38943
38940
38944
38932
38933
38945
38941
38946
38945
38940
38941
38942
38946
38947
38938
38933
38947
38944
38936
38946
38938
38940
38943
39116
40719
39543
39396
39405
39402
39412
39394
39399
39407
39400
39387
39393
39397
39399
39405
39411
39392
39409
39413
39402
39404
39395
39402
39399
39402
39399
39417
39397
39402
39413
39404
39396
39400
39395
39402
39392
39398
39407
39394
39391
39410
39395
39394
39420
39392
39402
39414
39395
39417
39399
39406
39409
39415
39417
39408
39402
39388
39409
39407
39410
39408
39402
39410
39392
39404
39406
39386
39412
39407
39393
39402
39398
39407
39394
39406
39411
39384
39397
39395
39386
39408
39391
39415
39399
39396
39400
39394
39408
39397
39394
39405
39391
39399
39393
37902
38499
38998
38973
38935
38946
38946
38934
38946
38949
38951
38941
38952
38941
38940
38952
38941
38941
38948
38944
38941
38942
38947
38942
38948
38940
38945
38939
38946
38943
38940
38945
38942
38939
38942
38946
38943
38939
38949
38943
38940
38945
38942
38943
38938
38939
38940
38936
38939
38939
38943
38937
38943
38946
38944
38939
38933
38940
38943
38936
38939
38941
38930
38937
38939
38935
38940
38938
38945
38945
38939
38939
38938
38944
38945
38944
38945
38946
38939
38936
38943
38938
38937
38940
38939
38941
38942
38937
38944
38934
38937
38940
38939
38933
38916
39029
40720
39579
39382
39395
39393
39393
39401
39396
39401
39389
39396
39392
39398
39387
39394
39401
39409
39391
39395
39398
39400
39399
39381
39394
39402
39383
39389
39395
39394
39398
39391
39400
39398
39395
39390
39391
39387
39404
39389
39404
39407
39405
39394
39391
39395
39396
39403
39400
39398
39407
39397
39397
39393
39394
39384
39398
39391
39411
39392
39397
39404
39402
39396
39400
39399
39414
39401
39405
39389
39389
39401
39386
39401
39391
39400
39394
39387
39393
39398
39402
39387
39381
39395
39404
39383
39415
39377
39402
39384
39399
39407
39401
39401
39389
39407
39398
39402
39391
39394
39406
39415
39394
39403
39401
39398
39402
39399
39399
39401
39392
39405
39409
39399
39390
39409
39402
39395
39398
39403
39395
39405
39387
39406
39400
39399
39394
39392
39402
39395
39395
39412
39395
39397
39398
39389
39401
39409
39406
39392
39396
39393
39393
39396
39400
39394
39384
39394
39399
39388
39405
39406
39395
39403
39396
39387
39400
39397
39402
39377
39396
39397
39396
39386
39402
39390
39409
39389
39401
39403
39394
39394
39399
39395
39395
39398
39389
39385
39406
39386
39414
39387
39392
39404
39394
39397
39408
39410
39395
39400
39391
39392
39402
39396
39392
39383
39397
39400
39387
39396
39395
39397
39389
39409
39381
39399
39404
39400
39389
39397
39403
39398
39383
39401
39403
39392
39390
39397
39400
39385
39395
39397
39382
39384
39401
39396
39383
39402
39396
39383
39400
39381
39401
39384
39388
39395
39390
39392
39390
39398
39391
39399
39383
39401
39379
39386
39391
39383
39401
39394
39378
39404
39393
39393
39381
39395
39401
39391
39391
39377
39394
39402
39383
39385
39371
39389
39394
39368
39392
39394
39398
39373
39394
39393
39382
39400
39386
39398
39378
39405
39388
39398
39392
39378
39394
39380
39387
39391
39383
39385
39392
39384
39395
39382
39394
39387
39393
39374
39389
39392
39400
39405
39391
39390
39399
39393
39410
39388
39375
39402
39402
39388
39408
39388
39401
39383
39403
39380
39400
39398
39397
39398
39391
39411
39393
39384
39411
39385
39401
39407
39413
39385
39402
39392
39406
39387
39403
39379
39400
39402
39384
39402
39391
39399
39388
39393
39405
39397
39401
39388
39401
39401
39405
39381
39405
39386
39403
39392
39397
