2204
2085
2014
1979
1971
1982
1999
2020
2045
2070
2093
2113
2135
2154
2171
2185
2199
2212
2222
2230
2239
2253
2254
2259
2263
2269
2272
2273
2277
2279
2281
2282
2284
2287
2276
2276
2285
2288
2288
2286
2288
2289
2290
2288
2288
2290
2289
2288
2288
2289
2289
2286
2286
2287
2288
2287
2286
2288
2276
2286
2285
2287
2277
2287
2286
2288
2287
2286
2286
2288
2285
2287
2286
2287
2286
2286
2284
2286
2287
2286
2285
2277
2289
2287
2285
2286
2286
2285
2284
2285
2286
2286
2284
2285
2287
2286
2285
2286
2286
2285
2293
2508
2612
2658
2674
2679
2678
2672
2665
2658
2648
2634
2620
2608
2598
2589
2580
2572
2567
2559
2554
2548
2542
2538
2533
2528
2523
2518
2514
2510
2505
2501
2497
2493
2489
2485
2481
2478
2473
2469
2467
2461
2458
2454
2450
2446
2443
2439
2435
2429
2424
2424
2420
2417
2413
2409
2406
2402
2398
2395
2397
2387
2381
2381
2376
2373
2369
2365
2362
2358
2355
2351
2348
2353
2365
2364
2369
2368
2374
2377
2380
2382
2384
2387
2389
2391
2393
2395
2397
2397
2399
2401
2338
2145
2052
1999
1977
1979
1994
2014
2035
2060
2087
2110
2129
2147
2166
2182
2194
2207
2220
2229
2235
2244
2252
2259
2262
2266
2271
2275
2276
2278
2281
2283
2283
2285
2286
2287
2276
2288
2289
2289
2289
2288
2289
2288
2288
2286
2288
2291
2289
2288
2288
2289
2289
2287
2288
2288
2288
2286
2276
2288
2286
2286
2286
2288
2287
2286
2286
2287
2287
2287
2276
2289
2287
2285
2284
2285
2285
2285
2285
2286
2287
2285
2285
2286
2286
2283
2285
2286
2285
2284
2285
2286
2285
2285
2285
2277
2287
2286
2287
2288
2288
2376
2560
2636
2668
2678
2679
2677
2669
2662
2653
2641
2625
2612
2602
2592
2583
2576
2568
2562
2555
2549
2544
2538
2533
2528
2524
2519
2515
2510
2506
2502
2498
2495
2489
2486
2481
2479
2473
2470
2466
2462
2458
2455
2450
2447
2443
2439
2435
2432
2428
2424
2421
2416
2413
2409
2406
2402
2398
2395
2391
2385
2384
2380
2377
2373
2369
2366
2362
2359
2355
2352
2345
2350
2358
2362
2367
2369
2374
2375
2378
2382
2385
2388
2390
2392
2394
2395
2396
2398
2399
2400
2403
2250
2100
2025
1988
1976
1982
1997
2023
2047
2070
2094
2117
2137
2153
2170
2187
2200
2212
2223
2234
2242
2249
2254
2257
2265
2267
2271
2275
2278
2277
2280
2283
2286
2284
2287
2288
2287
2287
2287
2289
2291
2289
2287
2288
2288
2285
2288
2290
2290
2289
2288
2291
2289
2287
2286
2286
2286
2287
2286
2286
2287
2285
2286
2287
2287
2286
2285
2286
2287
2287
2285
2286
2288
2287
2286
2287
2287
2286
2285
2286
2287
2285
2285
2285
2287
2285
2284
2284
2286
2285
2285
2285
2286
2287
2285
2285
2286
2286
2281
2285
2285
2470
2597
2649
2673
2678
2677
2672
2666
2657
2648
2638
2623
2610
2601
2591
2582
2575
2568
2561
2555
2549
2543
2538
2534
2528
2524
2519
2513
2510
2506
2501
2498
2494
2490
2486
2483
2477
2475
2470
2467
2462
2459
2455
2451
2448
2444
2440
2437
2432
2430
2425
2422
2418
2414
2410
2407
2403
2400
2396
2392
2388
2384
2381
2378
2374
2370
2366
2364
2359
2356
2341
2349
2349
2357
2362
2367
2371
2374
2376
2378
2381
2381
2386
2388
2390
2392
2394
2395
2397
2398
2400
2366
2164
2062
2003
1978
1977
1988
2008
2032
2058
2081
2103
2125
2144
2162
2177
2193
2207
2216
2226
2235
2244
2251
2255
2261
2267
2270
2273
2277
2280
2280
2281
2283
2285
2286
2286
2288
2277
2288
2286
2287
2289
2289
2286
2285
2288
2285
2287
2287
2289
2288
2287
2286
2287
2287
2286
2286
2288
2289
2287
2286
2288
2286
2286
2286
2287
2287
2286
2286
2287
2287
2284
2284
2287
2287
2284
2285
2286
2286
2285
2285
2287
2288
2286
2285
2286
2286
2287
2286
2287
2288
2286
2285
2286
2286
2286
2285
2286
2286
2285
2287
2345
2549
2631
2665
2678
2680
2676
2671
2663
2654
2645
2631
2617
2606
2593
2587
2579
2572
2564
2558
2552
2547
2541
2536
2531
2526
2523
2517
2513
2508
2504
2500
2496
2492
2493
2483
2480
2476
2472
2468
2464
2461
2457
2453
2450
2446
2443
2438
2434
2431
2427
2423
2420
2415
2412
2408
2405
2401
2397
2394
2389
2387
2382
2378
2376
2372
2368
2364
2361
2357
2354
2350
2348
2356
2361
2365
2369
2373
2375
2378
2381
2382
2385
2387
2389
2391
2393
2394
2396
2398
2398
2400
2401
2403
2404
2406
2408
2408
2410
2409
2405
2407
2401
2404
2406
2405
2401
2397
2401
2403
2406
2402
2395
2399
2401
2401
2404
2400
2403
2405
2396
2395
2399
2403
2404
2406
2401
2403
2406
2398
2395
2398
2402
2404
2401
2393
2397
2400
2402
2407
2402
2401
2404
2403
2400
2404
2403
2395
2393
2400
2402
2404
2405
2397
2396
2400
2402
2405
2406
2399
2396
2400
2403
2405
2400
2394
2397
2400
2400
2405
2403
2395
2398
2401
2403
2406
2405
2396
2397
2401
2404
2404
2400
2402
2405
2406
2397
2396
2420
2402
2405
2399
2402
2403
2399
2392
2397
2399
2402
2404
2400
2400
2403
2401
2399
2403
2401
2393
2395
2398
2401
2403
2407
2402
2394
2397
2400
2403
2405
2403
2400
2403
2403
2395
2395
2399
2401
2403
2404
2421
2401
2397
2400
2402
2404
2405
2396
2395
2399
2402
2404
2405
2397
2395
2399
2402
2403
2400
2400
2403
2405
2398
2395
2398
2400
2403
2400
2399
2402
2404
2400
2401
2403
2400
2393
2396
2399
2403
2404
2402
2400
2403
2405
2402
2394
2397
2399
2402
2407
2403
2395
2396
2400
2402
2404
2406
2403
2395
2399
2401
2403
2401
2400
2402
2405
2401
2395
2395
2400
2401
2404
2405
2399
2397
2398
2402
2403
2399
2400
2404
2404
2398
2394
2397
2400
2403
2404
2399
2394
2398
2400
2404
2405
2400
2402
2404
2401
2400
2404
2405
2400
2394
2398
2400
2403
2406
2401
2394
2398
2400
2402
2405
2403
2394
2397
2400
