9048
8847
8890
9017
9140
9224
9279
9301
9311
9307
9308
9307
9304
9299
9297
9295
9298
9298
9296
9296
9293
9291
9292
9289
9293
9297
9294
9295
9294
9292
9295
9293
9296
9291
9292
9293
9296
9292
9293
9297
9296
9293
9293
9293
9294
9291
9291
9290
9296
9296
9295
9295
9295
9295
9294
9294
9296
9295
9294
9294
9297
9295
9293
9296
9296
9295
9294
9296
9297
9297
9296
9293
9292
9294
9297
9292
9294
9297
9293
9296
9294
9297
9295
9294
9293
9294
9298
9298
9293
9296
9296
9293
9296
9295
9299
9333
9712
9827
9813
9703
9607
9531
9466
9405
9374
9392
9405
9412
9424
9414
9416
9427
9418
9412
9417
9420
9417
9415
9413
9421
9415
9422
9413
9422
9422
9411
9419
9415
9417
9409
9417
9427
9412
9422
9419
9423
9425
9412
9411
9414
9422
9416
9419
9421
9413
9420
9424
9415
9424
9420
9415
9412
9425
9414
9416
9413
9421
9414
9415
9423
9412
9424
9409
9419
9423
9413
9422
9412
9417
9418
9420
9407
9415
9422
9417
9415
9422
9415
9419
9414
9423
9414
9416
9425
9411
9419
9427
9419
9410
9420
9044
8845
8892
9023
9139
9220
9274
9301
9311
9315
9306
9306
9303
9305
9299
9297
9295
9296
9298
9295
9295
9299
9294
9295
9295
9294
9295
9296
9294
9292
9293
9293
9280
9297
9299
9296
9298
9295
9297
9295
9295
9296
9295
9296
9297
9299
9297
9293
9293
9297
9298
9298
9297
9300
9296
9296
9299
9298
9297
9293
9293
9298
9301
9298
9296
9297
9297
9299
9294
9295
9296
9299
9297
9295
9296
9296
9296
9294
9293
9294
9294
9295
9299
9300
9295
9295
9295
9280
9294
9296
9294
9295
9295
9295
9295
9324
9703
9823
9807
9691
9595
9520
9456
9396
9392
9402
9415
9392
9416
9417
9417
9418
9415
9421
9416
9415
9416
9413
9422
9415
9415
9426
9411
9418
9414
9422
9413
9417
9413
9420
9418
9414
9419
9423
9422
9410
9414
9422
9411
9419
9426
9416
9409
9417
9421
9422
9410
9421
9418
9419
9415
9424
9418
9415
9414
9421
9419
9420
9410
9421
9422
9416
9416
9413
9424
9425
9412
9419
9414
9423
9415
9415
9425
9413
9419
9423
9406
9424
9415
9424
9425
9415
9418
9413
9423
9415
9415
9411
9419
9415
9056
8847
8884
9013
9133
9221
9271
9298
9309
9312
9307
9304
9302
9297
9297
9297
9294
9296
9297
9297
9299
9291
9293
9293
9294
9295
9295
9298
9299
9295
9294
9296
9299
9298
9294
9295
9296
9296
9300
9299
9296
9296
9295
9294
9299
9297
9300
9295
9295
9295
9297
9298
9299
9298
9296
9296
9295
9297
9298
9298
9280
9294
9295
9294
9299
9302
9297
9297
9296
9295
9293
9298
9297
9299
9297
9297
9299
9297
9289
9291
9293
9295
9297
9299
9298
9297
9297
9297
9298
9294
9295
9298
9293
9296
9280
9320
9703
9825
9813
9707
9606
9530
9466
9406
9384
9399
9411
9417
9420
9419
9414
9418
9426
9422
9415
9421
9419
9416
9416
9422
9415
9423
9413
9425
9417
9414
9422
9421
9419
9421
9422
9417
9414
9422
9418
9411
9421
9417
9425
9417
9418
9414
9423
9423
9416
9422
9417
9419
9414
9424
9417
9414
9426
9411
9426
9411
9416
9422
9420
9420
9418
9420
9418
9416
9420
9418
9421
9417
9419
9425
9414
9417
9415
9422
9418
9415
9411
9426
9414
9424
9421
9411
9415
9422
9427
9415
9411
9417
9415
9422
9095
8851
8881
9010
9134
9218
9274
9302
9310
9310
9309
9307
9303
9303
9300
9297
9298
9295
9293
9297
9295
9297
9298
9280
9291
9294
9294
9297
9297
9296
9298
9295
9294
9298
9296
9299
9296
9295
9299
9295
9295
9296
9294
9294
9299
9301
9299
9298
9295
9295
9280
9295
9293
9299
9301
9300
9296
9294
9292
9292
9295
9295
9300
9298
9280
9294
9293
9299
9297
9294
9298
9300
9297
9296
9280
9294
9296
9297
9298
9294
9296
9292
9294
9297
9296
9299
9298
9294
9294
9295
9294
9295
9280
9295
9294
9310
9690
9825
9818
9716
9614
9536
9470
9409
9373
9393
9407
9412
9414
9416
9413
9419
9420
9416
9413
9420
9426
9415
9418
9420
9409
9420
9419
9418
9418
9426
9415
9419
9424
9414
9410
9429
9416
9410
9417
9414
9423
9415
9413
9422
9428
9418
9413
9418
9423
9413
9413
9422
9418
9416
9421
9417
9423
9414
9423
9414
9414
9423
9419
9418
9411
9419
9424
9414
9420
9415
9411
9411
9418
9425
9416
9418
9411
9419
9423
9415
9422
9415
9423
9416
9416
9423
9406
9421
9422
9415
9421
9412
9420
9419
9412
9409
9417
9425
9417
9419
9414
9423
9419
9417
9423
9415
9418
9414
9418
9412
9420
9420
9409
9418
9413
9423
9415
9415
9423
9413
9418
9415
9421
9412
9416
9422
9425
9415
9412
9419
9414
9423
9412
9417
9424
9418
9412
9412
9417
9427
9415
9419
9412
9421
9423
9415
9409
9418
9426
9416
9410
9416
9423
9423
9413
9411
9420
9426
9418
9410
9417
9425
9419
9419
9424
9415
9419
9419
9415
9412
9421
9419
9414
9419
9427
9416
9412
9406
9427
9415
9425
9412
9419
9428
9419
9412
9416
9421
9421
9417
9422
9412
9421
9410
9417
9423
9421
9411
9415
9425
9409
9426
9414
9427
9415
9392
9414
9423
9417
9423
9411
9412
9418
9425
9416
9426
9409
9416
9422
9419
9419
9420
9413
9416
9424
9410
9428
9414
9416
9422
9423
9412
9414
9424
9406
9414
9420
9414
9424
9408
9425
9412
9417
9423
9412
9410
9424
9413
9421
9421
9417
9410
9418
9418
9416
9422
9418
9413
9411
9418
9417
9420
9411
9418
9421
9420
9417
9410
9415
9423
9405
9425
9413
9413
9428
9415
9421
9420
9411
9415
9421
9419
9412
9418
9425
9419
9411
9426
9425
9413
9407
9412
9420
9411
9417
9422
9420
9411
9415
9421
9413
9419
9411
9420
9415
9409
9423
9411
9416
9422
9410
9411
9417
9420
9417
9409
9422
9419
9415
9421
9406
9412
9426
9414
9417
9410
9420
9414
9420
9410
9420
9421
9412
9422
9421
9403
9423
9409
9421
9419
9416
9420
9417
9415
9411
9419
9413
9424
9408
9413
9418
9413
9419
9420
9422
9411
9420
9408
