18029
18363
19018
19224
19271
19279
19268
19260
19257
19260
19251
19256
19257
19259
19259
19253
19254
19254
19251
19254
19257
19254
19251
19254
19253
19260
19256
19257
19258
19254
19255
19252
19256
19254
19256
19246
19257
19255
19251
19256
19253
19251
19256
19251
19259
19255
19252
19258
19257
19255
19257
19252
19257
19261
19254
19257
19261
19255
19257
19256
19257
19257
19254
19249
19259
19255
19255
19253
19253
19252
19260
19253
19250
19258
19258
19254
19257
19253
19258
19248
19253
19262
19254
19257
19260
19252
19252
19259
19257
19253
19257
19257
19252
19262
19252
19252
19252
20718
20752
20306
20007
19758
19527
19617
19693
19709
19696
19695
19709
19708
19708
19714
19696
19695
19698
19701
19700
19705
19698
19701
19696
19704
19693
19702
19695
19700
19706
19702
19699
19701
19693
19704
19707
19696
19702
19688
19710
19700
19708
19684
19702
19696
19696
19696
19688
19705
19704
19699
19698
19698
19686
19693
19692
19705
19699
19709
19694
19692
19697
19697
19699
19692
19708
19691
19700
19702
19698
19704
19692
19697
19694
19696
19691
19706
19692
19701
19694
19707
19685
19701
19706
19705
19701
19689
19699
19701
19707
19692
19700
19700
19706
18565
18112
18888
19188
19270
19280
19269
19259
19242
19252
19255
19248
19251
19256
19251
19248
19246
19251
19252
19249
19246
19254
19254
19254
19248
19248
19256
19257
19253
19256
19250
19255
19249
19254
19253
19259
19253
19250
19254
19258
19253
19250
19254
19255
19254
19252
19257
19253
19251
19249
19261
19255
19258
19249
19247
19256
19253
19255
19260
19256
19257
19255
19251
19250
19250
19248
19258
19257
19253
19259
19248
19252
19255
19252
19250
19249
19248
19249
19254
19251
19247
19250
19253
19252
19257
19250
19249
19257
19253
19252
19252
19249
19254
19253
19249
19252
19258
20225
20850
20385
20063
19801
19564
19591
19675
19703
19693
19702
19698
19700
19705
19702
19705
19702
19697
19702
19707
19706
19708
19698
19707
19702
19698
19712
19699
19700
19698
19709
19688
19697
19708
19693
19701
19703
19709
19685
19707
19699
19700
19704
19705
19692
19700
19698
19705
19700
19693
19700
19708
19686
19697
19714
19696
19689
19708
19708
19690
19707
19690
19704
19697
19696
19703
19700
19696
19696
19699
19703
19706
19704
19698
19692
19696
19706
19706
19696
19702
19702
19701
19699
19703
19690
19701
19690
19691
19703
19714
19690
19692
19701
19708
19131
17906
18714
19139
19251
19282
19269
19258
19258
19256
19250
19253
19255
19251
19255
19255
19251
19255
19249
19248
19255
19259
19258
19254
19247
19258
19249
19255
19251
19253
19252
19261
19254
19252
19255
19257
19258
19260
19260
19251
19256
19257
19254
19252
19258
19261
19254
19253
19260
19254
19258
19248
19259
19256
19258
19254
19262
19260
19256
19253
19254
19253
19256
19257
19260
19251
19256
19257
19258
19255
19257
19257
19255
19254
19262
19257
19256
19257
19258
19256
19250
19257
19257
19253
19259
19256
19255
19260
19256
19252
19260
19254
19257
19257
19259
19256
19253
19757
20920
20536
20162
19887
19646
19526
19657
19680
19701
19700
19697
19694
19713
19694
19701
19694
19707
19700
19701
19696
19701
19697
19712
19693
19699
19696
19703
19695
19698
19692
19691
19699
19700
19707
19696
19697
19708
19695
19694
19702
19695
19704
19705
19704
19696
19706
19698
19695
19705
19697
19709
19701
19711
19703
19696
19707
19699
19702
19699
19706
19692
19698
19704
19707
19692
19697
19709
19706
19689
19698
19696
19700
19701
19700
19705
19699
19708
19697
19688
19706
19702
19701
19701
19692
19707
19702
19701
19702
19698
19692
19702
19710
19706
19579
17889
18490
19061
19245
19272
19273
19266
19263
19255
19254
19258
19255
19248
19258
19259
19254
19250
19259
19259
19259
19262
19257
19256
19256
19259
19251
19260
19254
19254
19251
19254
19258
19262
19251
19254
19263
19252
19256
19257
19260
19262
19249
19255
19255
19261
19258
19256
19258
19261
19258
19258
19259
19253
19254
19260
19262
19262
19252
19256
19259
19256
19257
19250
19257
19256
19255
19258
19257
19251
19258
19256
19258
19252
19253
19255
19258
19259
19254
19258
19268
19252
19252
19259
19261
19259
19251
19252
19258
19258
19254
19254
19255
19263
19255
19253
19250
19351
20859
20657
20228
19942
19694
19532
19644
19696
19687
19702
19692
19703
19706
19692
19705
19699
19690
19703
19707
19698
19698
19699
19697
19702
19695
19713
19700
19694
19709
19702
19703
19701
19694
19709
19699
19705
19693
19706
19707
19701
19699
19700
19705
19706
19703
19707
19700
19694
19706
19714
19693
19707
19701
19706
19705
19709
19701
19696
19704
19708
19698
19703
19702
19690
19706
19703
19695
19701
19703
19704
19705
19702
19708
19703
19701
19691
19705
19701
19694
19694
19707
19700
19709
19696
19690
19708
19697
19697
19700
19700
19706
19700
19693
19695
19704
19696
19692
19701
19700
19707
19695
19703
19697
19698
19707
19697
19693
19711
19694
19709
19696
19703
19708
19693
19704
19706
19692
19683
19707
19699
19693
19707
19695
19711
19700
19695
19701
19707
19690
19692
19703
19704
19695
19701
19690
19706
19704
19692
19701
19700
19693
19706
19698
19690
19697
19696
19701
19706
19696
19700
19697
19704
19699
19690
19709
19695
19705
19697
19702
19698
19693
19693
19707
19694
19700
19704
19697
19704
19688
19705
19692
19709
19684
19705
19696
19693
19705
19696
19686
19707
19707
19688
19697
19702
19711
19699
19698
19693
19691
19700
19703
19699
19693
19710
19702
19690
19696
19696
19695
19700
19698
19705
19690
19698
19705
19713
19702
19697
19710
19692
19700
19710
19703
19700
19686
19708
19707
19691
19693
19710
19699
19688
19697
19707
19693
19699
19695
19704
19689
19708
19704
19690
19702
19700
19693
19702
19683
19695
19697
19691
19707
19697
19700
19695
19702
19698
19699
19699
19690
19693
19704
19701
19698
19688
19696
19699
19688
19690
19711
19688
19705
19685
19703
19696
19693
19709
19695
19698
19693
19695
19711
19692
19706
19687
19697
19700
19692
19706
19702
19684
19704
19695
19700
19705
19698
19704
19696
19702
19706
19698
19691
19699
19704
19704
19683
19710
19696
19690
19699
19701
19707
19697
19691
19698
19690
19690
19710
19690
19704
19688
19707
19700
19704
19701
19696
19701
19683
19708
19691
19708
19685
19708
19697
19696
19691
19706
19697
19697
19704
19696
19698
19703
19697
19708
19696
19699
19694
19699
19714
19706
19683
19704
19705
19701
19690
19705
19702
19699
19686
19707
19692
19709
19701
