33211
36075
36591
36601
36580
36566
36568
36577
36574
36583
36583
36569
36573
36571
36578
36571
36573
36581
36567
36572
36580
36575
36575
36572
36577
36578
36576
36573
36574
36572
36578
36578
36571
36577
36575
36577
36577
36574
36574
36577
36585
36580
36581
36569
36572
36582
36569
36567
36575
36575
36573
36579
36566
36586
36575
36576
36580
36583
36572
36575
36583
36574
36578
36570
36578
36581
36573
36570
36572
36579
36566
36583
36570
36577
36573
36580
36582
36577
36577
36575
36577
36578
36576
36578
36579
36577
36580
36585
36581
36584
36580
36583
36568
36577
36584
36578
36588
36579
36580
39469
41319
39877
38862
37909
38140
38493
38437
38413
38409
38424
38423
38410
38427
38428
38411
38408
38422
38412
38410
38410
38412
38405
38416
38408
38418
38415
38410
38408
38417
38410
38412
38417
38413
38415
38423
38408
38420
38413
38415
38404
38432
38416
38411
38419
38424
38417
38421
38410
38423
38411
38412
38402
38427
38411
38418
38414
38397
38410
38414
38414
38418
38413
38408
38405
38411
38410
38410
38419
38401
38402
38414
38417
38406
38404
38409
38416
38411
38406
38410
38420
38402
38416
38414
38417
38416
38418
38395
38418
38408
38403
38424
38409
38411
37104
33775
36343
36612
36589
36573
36573
36567
36575
36573
36578
36582
36582
36572
36574
36579
36569
36576
36575
36568
36580
36576
36591
36581
36573
36582
36573
36565
36567
36569
36564
36585
36575
36582
36580
36561
36579
36575
36576
36569
36574
36566
36580
36585
36578
36574
36573
36568
36573
36572
36573
36562
36577
36576
36579
36576
36577
36561
36564
36573
36562
36573
36562
36576
36561
36567
36575
36573
36573
36556
36579
36568
36570
36569
36566
36574
36567
36564
36566
36575
36562
36577
36592
36574
36573
36570
36573
36568
36576
36567
36579
36578
36581
36570
36574
36586
36563
36576
36576
36578
40850
40847
39619
38625
37799
38276
38486
38432
38410
38405
38403
38412
38411
38409
38413
38405
38407
38402
38409
38423
38401
38417
38418
38413
38392
38419
38402
38403
38409
38401
38410
38416
38402
38424
38407
38412
38404
38414
38413
38393
38404
38403
38412
38410
38409
38401
38411
38412
38394
38408
38398
38401
38419
38411
38399
38408
38414
38407
38409
38410
38406
38425
38408
38408
38413
38419
38408
38423
38402
38417
38415
38408
38415
38401
38405
38416
38398
38421
38395
38413
38417
38398
38404
38409
38408
38395
38413
38406
38413
38398
38403
38402
38406
38410
35499
34788
36490
36606
36584
36563
36570
36567
36564
36572
36569
36573
36569
36570
36568
36573
36565
36574
36567
36572
36576
36559
36574
36564
36570
36568
36569
36571
36572
36572
36568
36570
36570
36571
36575
36572
36577
36569
36563
36562
36578
36556
36566
36567
36569
36565
36558
36568
36559
36577
36571
36574
36575
36571
36579
36569
36580
36561
36577
36577
36566
36572
36577
36581
36570
36571
36575
36567
36571
36568
36573
36567
36579
36576
36580
36569
36582
36569
36578
36572
36567
36572
36561
36574
36569
36575
36572
36577
36571
36560
36579
36566
36569
36563
36570
36560
36562
36564
36571
36570
42028
40443
39325
38345
37847
38387
38453
38419
38402
38412
38403
38411
38403
38409
38406
38402
38419
38411
38413
38415
38403
38400
38401
38421
38395
38412
38400
38400
38416
38393
38402
38392
38409
38395
38402
38420
38404
38401
38404
38394
38418
38396
38413
38411
38400
38401
38405
38404
38405
38410
38404
38406
38400
38397
38406
38397
38418
38407
38403
38407
38411
38415
38412
38397
38396
38403
38399
38395
38412
38400
38406
38403
38400
38411
38419
38395
38408
38391
38417
38403
38416
38407
38412
38409
38401
38407
38404
38418
38390
38412
38406
38405
38398
38416
34250
35529
36563
36601
36587
36569
36574
36566
36578
36574
36573
36570
36568
36569
36569
36581
36571
36569
36575
36572
36570
36565
36570
36568
36570
36581
36569
36570
36566
36563
36567
36566
36569
36571
36558
36576
36564
36566
36563
36571
36569
36566
36562
36557
36563
36552
36563
36571
36576
36559
36565
36565
36565
36554
36561
36575
36563
36559
36566
36561
36568
36569
36560
36562
36563
36572
36564
36576
36569
36567
36568
36563
36573
36564
36573
36569
36565
36571
36565
36572
36572
36571
36580
36569
36565
36566
36563
36570
36576
36565
36568
36561
36567
36568
36564
36560
36564
36573
36564
37807
41887
40167
39107
38133
37918
38469
38433
38410
38408
38411
38398
38423
38396
38422
38406
38402
38407
38394
38402
38410
38399
38413
38405
38392
38400
38414
38400
38397
38410
38408
38408
38414
38405
38405
38417
38402
38402
38399
38410
38421
38402
38396
38409
38415
38412
38405
38408
38408
38409
38411
38399
38414
38413
38404
38388
38416
38395
38390
38398
38411
38416
38413
38403
38402
38404
38410
38397
38407
38408
38397
38385
38412
38403
38413
38386
38411
38395
38401
38394
38402
38396
38399
38407
38410
38396
38406
38401
38387
38400
38398
38402
38399
38417
38397
38398
38402
38397
38402
38403
38404
38357
38391
38410
38389
38405
38405
38385
38417
38394
38394
38395
38407
38391
38400
38392
38417
38383
38410
38403
38390
38400
38411
38394
38410
38407
38405
38414
38399
38409
38390
38416
38391
38399
38404
38415
38396
38405
38404
38412
38396
38403
38405
38386
38415
38398
38406
38393
38391
38413
38393
38397
38388
38403
38392
38398
38389
38396
38403
38400
38398
38389
38403
38392
38398
38410
38405
38405
38396
38408
38395
38386
38400
38397
38392
38398
38414
38399
38393
38406
38406
38397
38385
38406
38408
38390
38396
38395
38406
38393
38400
38383
38397
38407
38390
38398
38401
38385
38419
38405
38398
38393
38400
38407
38391
38415
38402
38401
38410
38406
38399
38416
38407
38407
38386
38410
38392
38418
38403
38393
38417
38408
38388
38403
38406
38400
38412
38414
38399
38401
38407
38405
38388
38411
38400
38394
38401
38400
38390
38398
38409
38394
38401
38405
38396
38398
38404
38401
38409
38414
38404
38414
38399
38399
38406
38400
38408
38399
38408
38384
38405
38393
38410
38403
38414
38409
38406
38398
38413
38406
38399
38411
38413
38403
38405
38406
38408
38404
38407
38398
38401
38402
38396
38405
38411
38399
38406
38400
38389
38405
38397
38398
38400
38408
38394
38402
38391
38403
38393
38391
38396
38386
38404
38403
38392
38399
38390
38407
38413
38390
38399
38409
38396
38401
38403
38393
38416
38404
38403
38386
38404
38389
38393
38404
38392
38389
38406
38383
38413
38401
38405
38386
38401
38398
38394
38399
38383
38398
38394
38411
38403
38392
38406
38403
