8848
8557
8844
9122
9304
9417
9480
9512
9525
9529
9533
9527
9525
9526
9521
9519
9523
9524
9523
9519
9517
9517
9521
9520
9520
9519
9520
9525
9521
9519
9522
9525
9521
9520
9520
9520
9520
9519
9519
9518
9519
9520
9520
9520
9518
9515
9521
9522
9519
9517
9520
9522
9521
9519
9521
9522
9522
9522
9518
9517
9518
9518
9522
9521
9521
9520
9512
9514
9518
9520
9519
9518
9524
9522
9522
9521
9519
9518
9522
9523
9524
9522
9522
9520
9517
9518
9520
9519
9519
9523
9522
9517
9521
9520
9521
9519
9521
9523
9995
10667
10645
10508
10380
10280
10202
10133
10071
10011
9955
9898
9843
9786
9731
9699
9761
9806
9838
9843
9839
9849
9845
9857
9842
9855
9849
9852
9830
9858
9844
9848
9854
9852
9849
9844
9851
9844
9846
9851
9853
9841
9857
9843
9841
9856
9847
9850
9858
9847
9854
9846
9851
9846
9849
9843
9857
9852
9841
9845
9858
9842
9852
9855
9844
9859
9847
9855
9847
9849
9857
9846
9849
9853
9849
9852
9847
9845
9853
9857
9851
9841
9856
9856
9841
9851
9855
9851
9847
9855
9846
9854
9852
9850
9261
8533
8737
9038
9256
9391
9467
9503
9525
9534
9530
9528
9524
9524
9525
9524
9524
9520
9521
9520
9514
9518
9517
9519
9520
9523
9518
9519
9517
9521
9518
9521
9522
9522
9520
9520
9521
9519
9520
9521
9522
9523
9519
9518
9519
9517
9520
9518
9518
9520
9520
9522
9519
9522
9520
9516
9520
9522
9522
9522
9520
9522
9519
9518
9517
9519
9519
9514
9514
9517
9523
9521
9519
9518
9520
9517
9518
9517
9519
9520
9517
9519
9518
9521
9519
9518
9520
9518
9520
9520
9520
9519
9520
9518
9519
9516
9521
9523
9686
10610
10670
10547
10396
10296
10216
10147
10084
10025
9966
9908
9851
9796
9742
9695
9747
9796
9830
9857
9849
9853
9844
9851
9844
9856
9844
9857
9843
9850
9855
9838
9858
9845
9847
9853
9846
9849
9851
9854
9854
9840
9856
9838
9853
9854
9847
9843
9850
9847
9845
9851
9843
9855
9842
9855
9845
9843
9857
9849
9849
9851
9848
9852
9848
9842
9845
9854
9856
9841
9855
9848
9840
9854
9853
9841
9856
9844
9851
9853
9852
9849
9843
9856
9852
9850
9844
9858
9844
9857
9858
9844
9852
9856
9604
8607
8642
8953
9197
9355
9443
9493
9519
9527
9533
9529
9527
9526
9524
9526
9523
9523
9524
9521
9524
9520
9521
9520
9520
9520
9522
9521
9522
9522
9521
9521
9519
9522
9524
9522
9521
9517
9518
9520
9522
9521
9520
9517
9520
9517
9519
9517
9518
9519
9521
9521
9520
9521
9518
9517
9517
9519
9519
9519
9520
9519
9522
9519
9521
9517
9516
9522
9520
9520
9512
9516
9517
9519
9518
9522
9521
9520
9518
9521
9516
9522
9518
9516
9518
9522
9518
9517
9520
9519
9517
9520
9519
9519
9521
9520
9515
9519
9520
10390
10682
10603
10444
10330
10244
10173
10107
10046
9987
9930
9873
9818
9761
9707
9719
9780
9817
9847
9851
9846
9854
9837
9854
9852
9837
9859
9850
9854
9844
9858
9844
9843
9857
9844
9850
9857
9854
9837
9851
9852
9852
9845
9852
9853
9857
9840
9853
9840
9857
9848
9855
9841
9848
9856
9852
9844
9854
9853
9854
9841
9841
9857
9846
9850
9852
9848
9846
9851
9850
9850
9848
9837
9857
9855
9849
9843
9856
9842
9853
9856
9843
9851
9855
9846
9854
9854
9854
9837
9860
9844
9856
9848
9823
8803
8565
8858
9129
9310
9418
9480
9515
9527
9530
9533
9533
9532
9524
9520
9520
9521
9522
9522
9516
9520
9523
9522
9518
9519
9520
9519
9513
9518
9519
9522
9521
9517
9520
9519
9519
9517
9521
9522
9519
9520
9521
9515
9517
9519
9522
9524
9519
9524
9523
9522
9521
9521
9519
9521
9518
9517
9517
9519
9519
9520
9521
9522
9516
9521
9523
9527
9525
9523
9520
9519
9520
9520
9517
9519
9522
9524
9519
9521
9523
9518
9521
9520
9522
9521
9521
9517
9520
9520
9521
9519
9521
9518
9519
9519
9521
9517
9522
10047
10674
10642
10501
10370
10276
10201
10134
10073
10012
9954
9897
9841
9785
9731
9688
9744
9792
9828
9854
9877
9857
9856
9857
9849
9854
9845
9853
9852
9843
9859
9859
9845
9853
9849
9851
9840
9854
9848
9838
9861
9852
9847
9850
9858
9843
9854
9841
9855
9854
9849
9840
9864
9847
9856
9840
9849
9854
9856
9852
9848
9847
9845
9862
9851
9858
9846
9855
9840
9852
9854
9848
9851
9845
9856
9852
9845
9849
9845
9858
9852
9855
9845
9855
9840
9849
9861
9845
9854
9851
9849
9854
9840
9843
9857
9844
9842
9855
9858
9849
9852
9855
9838
9851
9858
9844
9846
9853
9855
9842
9851
9847
9855
9840
9855
9838
9851
9856
9847
9854
9849
9840
9846
9859
9845
9888
9840
9853
9846
9851
9850
9838
9853
9844
9850
9850
9844
9845
9854
9840
9855
9840
9853
9850
9854
9850
9846
9852
9846
9850
9840
9846
9853
9843
9857
9841
9856
9837
9853
9853
9853
9845
9854
9849
9846
9851
9845
9851
9845
9850
9850
9841
9843
9858
9846
9856
9848
9846
9851
9841
9846
9854
9843
9855
9841
9842
9850
9852
9851
9835
9850
9850
9836
9848
9850
9839
9855
9841
9853
9850
9847
9839
9860
9841
9841
9854
9845
9841
9853
9845
9840
9851
9837
9849
9852
9849
9847
9846
9855
9835
9857
9839
9855
9849
9852
9838
9851
9849
9853
9838
9847
9982
9853
9850
9844
9855
9841
9845
9857
9852
9848
9854
9856
9844
9856
9840
9853
9852
9858
9839
9858
9854
9838
9853
9843
9856
9842
9846
9859
9841
9849
9857
9850
9849
9854
9856
9842
9847
9858
9851
9851
9847
9849
9851
9849
9853
9840
9846
9857
9840
9847
9859
9847
9857
9840
9855
9849
9843
9849
9850
9847
9848
9849
9848
9848
9848
9846
9849
9839
9856
9843
9983
9850
9845
9852
9855
9846
9851
9855
9845
9845
9854
9850
9844
9841
9855
9849
9856
9847
9847
9848
9857
9838
9857
9888
9836
9856
9842
9856
9858
9844
9847
9853
9854
9852
9846
9855
9852
9850
9845
9847
9855
9838
9857
9853
9838
9859
9850
9853
