16475
17053
17810
18079
18145
18152
18145
18135
18128
18127
18127
18128
18128
18127
18130
18131
18128
18124
18125
18130
18112
18123
18123
18129
18133
18128
18118
18130
18122
18127
18127
18127
18125
18133
18130
18130
18129
18134
18127
18125
18124
18130
18129
18135
18123
18129
18112
18125
18135
18132
18127
18132
18126
18120
18130
18127
18131
18112
18131
18128
18132
18132
18137
18130
18130
18133
18129
18131
18125
18135
18130
18128
18123
18128
18129
18133
18130
18125
18134
18137
18128
18121
18126
18129
18129
18129
18129
18131
18125
18121
18129
18127
18132
18131
18127
18128
18127
18129
19714
20323
19799
19473
19217
18979
18749
18547
18687
18825
18845
18840
18822
18832
18822
18842
18833
18831
18832
18817
18840
18825
18824
18841
18830
18825
18834
18832
18834
18832
18830
18839
18825
18839
18832
18835
18836
18821
18839
18832
18829
18818
18839
18828
18838
18831
18829
18826
18833
18829
18830
18823
18830
18832
18831
18829
18826
18831
18829
18835
18828
18814
18830
18830
18840
18824
18824
18829
18823
18838
18819
18830
18831
18824
18826
18825
18829
18812
18839
18821
18839
18822
18830
18834
18833
18823
18830
18834
18830
18837
18830
18828
18824
18831
17474
16609
17598
18007
18133
18149
18140
18141
18135
18132
18128
18123
18132
18127
18123
18126
18127
18127
18130
18123
18129
18122
18129
18129
18126
18127
18128
18129
18127
18126
18120
18130
18134
18133
18123
18128
18126
18130
18131
18122
18125
18132
18125
18131
18129
18136
18129
18131
18129
18124
18132
18135
18126
18124
18133
18134
18135
18129
18136
18136
18129
18129
18130
18134
18135
18131
18132
18129
18132
18131
18128
18132
18137
18137
18124
18131
18131
18131
18129
18128
18128
18133
18126
18123
18136
18136
18134
18129
18133
18132
18125
18132
18129
18131
18129
18112
18112
18129
18812
20471
19983
19595
19321
19076
18848
18621
18603
18786
18856
18836
18840
18849
18832
18837
18830
18842
18830
18846
18839
18835
18826
18835
18836
18842
18832
18839
18834
18841
18842
18847
18837
18829
18842
18838
18829
18845
18830
18833
18847
18838
18841
18834
18835
18839
18830
18841
18843
18830
18839
18836
18832
18836
18843
18837
18837
18843
18835
18825
18837
18829
18837
18845
18830
18832
18842
18826
18833
18840
18831
18847
18825
18842
18842
18839
18831
18831
18844
18834
18848
18837
18834
18843
18821
18838
18840
18837
18835
18833
18831
18832
18839
18836
18452
16325
17298
17906
18103
18153
18143
18135
18138
18136
18137
18130
18131
18136
18133
18128
18129
18132
18131
18130
18126
18129
18134
18127
18132
18130
18132
18131
18128
18133
18134
18126
18112
18125
18131
18130
18128
18127
18132
18132
18135
18126
18132
18127
18132
18129
18131
18133
18124
18124
18130
18134
18130
18128
18129
18134
18130
18130
18131
18131
18131
18134
18134
18126
18135
18125
18130
18124
18134
18125
18124
18129
18135
18128
18126
18128
18132
18132
18126
18129
18132
18131
18133
18124
18131
18134
18122
18127
18133
18132
18123
18130
18127
18126
18131
18129
18127
18125
18134
20269
20201
19722
19422
19169
18935
18707
18548
18726
18832
18839
18826
18845
18828
18839
18833
18835
18825
18834
18825
18833
18829
18830
18835
18834
18837
18822
18843
18827
18836
18839
18825
18827
18837
18830
18828
18833
18837
18820
18831
18840
18830
18828
18837
18823
18836
18830
18833
18832
18842
18832
18821
18839
18825
18836
18823
18837
18827
18839
18826
18841
18833
18825
18834
18834
18831
18833
18832
18829
18824
18838
18830
18837
18830
18825
18840
18826
18841
18825
18831
18846
18831
18837
18828
18833
18834
18828
18831
18826
18821
18835
18832
18837
18833
16891
16871
17734
18054
18139
18159
18142
18133
18131
18130
18124
18130
18129
18122
18132
18123
18131
18128
18126
18129
18124
18133
18138
18131
18123
18129
18131
18131
18128
18125
18130
18125
18130
18133
18112
18128
18126
18127
18129
18130
18136
18126
18132
18132
18135
18130
18136
18135
18131
18133
18130
18137
18132
18135
18130
18131
18131
18132
18129
18131
18133
18130
18133
18132
18127
18133
18127
18132
18131
18131
18131
18129
18132
18126
18125
18128
18130
18131
18122
18126
18132
18131
18129
18129
18132
18130
18128
18132
18129
18121
18135
18130
18137
18130
18131
18128
18130
18129
19296
20409
19879
19532
19268
19028
18799
18574
18649
18806
18849
18838
18843
18825
18839
18842
18822
18840
18834
18836
18827
18839
18833
18832
18823
18839
18834
18839
18819
18839
18837
18820
18838
18821
18833
18837
18833
18841
18830
18823
18844
18822
18834
18830
18829
18832
18841
18838
18825
18835
18844
18819
18837
18841
18831
18838
18827
18825
18835
18829
18835
18836
18830
18831
18827
18834
18832
18836
18835
18829
18838
18835
18834
18825
18842
18824
18835
18840
18832
18838
18826
18844
18829
18836
18836
18823
18836
18845
18816
18821
18836
18840
18821
18835
18833
18844
18819
18847
18827
18838
18828
18835
18824
18836
18828
18834
18825
18836
18823
18831
18838
18836
18833
18834
18833
18828
18831
18827
18820
18838
18835
18828
18838
18826
18835
18831
18834
18831
18830
18839
18837
18823
18837
18839
18831
18840
18836
18828
18840
18832
18828
18836
18836
18834
18837
18840
18827
18842
18827
18842
18835
18829
18832
18838
18828
18843
18823
18834
18836
18834
18838
18834
18837
18834
18828
18840
18831
18842
18816
18848
18829
18834
18848
18834
18834
18834
18844
18828
18840
18836
18835
18833
18833
18831
18832
18844
18837
18827
18836
18831
18842
18824
18836
18826
18828
18836
18828
18825
18823
18838
18822
18835
18830
18827
18819
18831
18843
18831
18821
18832
18838
18827
18838
18835
18831
18833
18826
18832
18827
18828
18820
18838
18826
18823
18830
18828
18830
18823
18819
18828
18820
18836
18821
18838
18820
18833
18820
18827
18841
18821
18834
18830
18837
18826
18837
18826
18834
18824
18826
18833
18824
18829
18821
18837
18837
18822
18825
18836
18837
18822
18829
18841
18817
18834
18844
18830
18833
18832
18832
18821
18835
18825
18840
18826
18831
18836
18836
18823
18828
18840
18816
18836
18829
18835
18823
18837
18830
18832
18830
18830
18828
18825
18837
18831
18826
18831
18836
18821
18833
18840
18823
18834
18829
18833
18832
18836
18832
18841
18827
18838
18838
18826
18831
18838
18831
18826
18834
18839
18824
18823
18842
18840
18827
18832
18843
18834
18832
18835
18829
18836
18828
18837
18828
18823
18837
18829
18833
18828
18842
18822
18845
18830
18835
18830
18839
18821
18839
18831
18833
