17464
17809
18484
18695
18744
18751
18738
18729
18727
18732
18722
18727
18728
18730
18732
18725
18728
18726
18722
18724
18727
18726
18725
18731
18724
18728
18726
18729
18729
18723
18724
18720
18723
18724
18728
18717
18729
18726
18723
18727
18727
18726
18728
18721
18730
18724
18725
18727
18726
18727
18729
18721
18727
18732
18725
18727
18733
18725
18727
18730
18730
18730
18726
18720
18733
18727
18727
18725
18726
18726
18732
18726
18722
18730
18730
18723
18729
18727
18729
18722
18726
18736
18725
18729
18735
18727
18727
18727
18725
18723
18724
18729
18726
18736
18724
18724
18727
20260
20296
19826
19518
19255
19015
19110
19189
19203
19190
19187
19203
19204
19202
19209
19192
19193
19195
19199
19200
19203
19197
19199
19195
19202
19191
19202
19194
19264
19203
19264
19196
19200
19193
19201
19205
19196
19202
19191
19210
19200
19208
19185
19206
19196
19196
19193
19186
19203
19203
19198
19196
19197
19185
19192
19191
19204
19198
19210
19191
19191
19197
19198
19196
19186
19203
19189
19198
19198
19200
19202
19190
19197
19194
19198
19191
19204
19192
19204
19196
19208
19186
19202
19206
19202
19264
19186
19193
19200
19206
19189
19200
19198
19203
18019
17549
18346
18659
18746
18753
18744
18734
18719
18726
18727
18720
18725
18729
18727
18721
18723
18728
18730
18725
18722
18729
18730
18728
18722
18724
18728
18728
18724
18728
18724
18730
18724
18729
18727
18733
18725
18725
18728
18732
18728
18721
18729
18729
18727
18724
18732
18728
18726
18723
18733
18727
18729
18719
18716
18724
18724
18725
18728
18723
18729
18728
18723
18725
18725
18722
18731
18730
18726
18731
18719
18727
18729
18730
18725
18723
18722
18724
18728
18725
18725
18725
18728
18726
18730
18721
18722
18731
18727
18724
18726
18725
18730
18727
18727
18729
18731
19744
20400
19911
19573
19309
19057
19086
19173
19201
19189
19200
19195
19196
19204
19199
19204
19200
19192
19195
19200
19203
19203
19193
19201
19194
19192
19209
19192
19198
19196
19209
19185
19195
19208
19190
19199
19201
19208
19183
19204
19196
19199
19202
19207
19192
19200
19196
19203
19199
19194
19200
19209
19187
19197
19214
19195
19187
19204
19206
19188
19205
19189
19206
19197
19197
19200
19200
19195
19196
19199
19202
19208
19201
19200
19197
19197
19208
19208
19195
19202
19202
19203
19201
19201
19192
19203
19191
19193
19201
19214
19191
19192
19200
19211
18608
17341
18171
18611
18726
18757
18741
18731
18731
18731
18725
18726
18728
18730
18730
18729
18726
18728
18724
18721
18730
18735
18734
18730
18727
18733
18728
18720
18727
18728
18727
18735
18731
18727
18732
18730
18730
18735
18732
18725
18728
18730
18727
18727
18730
18732
18725
18725
18728
18727
18730
18721
18731
18729
18731
18729
18735
18733
18729
18728
18729
18728
18730
18730
18731
18725
18732
18730
18729
18731
18730
18733
18730
18727
18734
18728
18732
18732
18733
18730
18726
18733
18732
18726
18731
18726
18727
18735
18728
18727
18730
18729
18732
18732
18736
18734
18730
19257
20478
20074
19681
19399
19146
19022
19158
19183
19203
19202
19200
19197
19204
19195
19203
19194
19206
19199
19202
19196
19201
19196
19214
19195
19203
19198
19207
19197
19201
19197
19195
19204
19208
19211
19201
19202
19215
19201
19198
19205
19199
19208
19209
19207
19197
19210
19202
19198
19211
19284
19210
19202
19209
19203
19196
19207
19202
19204
19201
19207
19192
19198
19204
19209
19191
19195
19210
19205
19189
19200
19196
19205
19202
19199
19205
19198
19207
19198
19189
19206
19201
19200
19200
19192
19206
19202
19203
19202
19199
19193
19203
19208
19213
19076
17322
17941
18531
18725
18752
18750
18740
18739
18730
18730
18733
18733
18725
18734
18734
18731
18728
18733
18724
18735
18737
18732
18729
18734
18724
18728
18734
18734
18733
18726
18730
18734
18737
18727
18730
18735
18725
18729
18735
18736
18740
18727
18730
18731
18735
18733
18728
18734
18737
18732
18731
18733
18725
18729
18732
18734
18735
18724
18728
18730
18727
18729
18725
18733
18734
18731
18735
18732
18725
18735
18735
18724
18728
18728
18730
18735
18733
18730
18732
18740
18724
18725
18731
18731
18729
18724
18725
18731
18730
18726
18727
18727
18740
18732
18728
18724
18829
20410
20199
19750
19451
19190
19026
19140
19194
19183
19200
19190
19201
19207
19193
19206
19201
19190
19204
19209
19199
19196
19199
19198
19201
19193
19211
19198
19195
19209
19200
19201
19200
19193
19208
19199
19207
19190
19202
19204
19197
19194
19196
19203
19203
19204
19207
19195
19196
19204
19212
19191
19207
19198
19205
19203
19207
19201
19196
19203
19211
19197
19205
19203
19194
19205
19207
19196
19202
19205
19201
19207
19202
19209
19264
19200
19191
19206
19203
19198
19198
19212
19205
19212
19202
19197
19211
19203
19201
19201
19204
19211
19201
19196
19199
19209
19201
19195
19204
19201
19206
19194
19202
19195
19193
19207
19198
19193
19209
19193
19207
19193
19199
19207
19191
19201
19209
19196
19187
19210
19199
19194
19207
19195
19212
19203
19195
19203
19209
19191
19192
19203
19206
19195
19201
19188
19204
19202
19190
19200
19201
19192
19205
19197
19191
19196
19193
19198
19201
19191
19197
19194
19202
19196
19187
19209
19193
19203
19193
19203
19193
19190
19195
19205
19192
19200
19207
19199
19208
19193
19208
19197
19212
19188
19210
19200
19194
19207
19199
19187
19209
19210
19192
19199
19202
19212
19200
19201
19196
19197
19200
19202
19198
19192
19208
19201
19187
19195
19196
19194
19200
19198
19207
19190
19198
19203
19212
19198
19193
19206
19185
19192
19208
19202
19198
19184
19209
19206
19192
19191
19209
19196
19184
19193
19203
19188
19193
19191
19202
19187
19207
19204
19189
19203
19199
19191
19202
19184
19195
19197
19192
19206
19199
19197
19193
19200
19195
19197
19199
19187
19190
19201
19199
19198
19189
19196
19200
19188
19190
19210
19187
19202
19184
19202
19197
19191
19211
19194
19197
19193
19191
19209
19191
19201
19185
19195
19198
19188
19208
19201
19180
19201
19192
19196
19203
19194
19199
19192
19198
19204
19195
19188
19198
19203
19203
19179
19208
19195
19188
19196
19200
19208
19196
19186
19195
19188
19186
19207
19186
19264
19184
19205
19196
19200
19198
19190
19198
19177
19205
19187
19206
19180
19204
19194
19195
19189
19204
19192
19190
19198
19193
19194
19199
19194
19205
19199
19196
19190
19197
19211
19204
19180
19201
19205
19198
19185
19201
19199
19197
19182
19204
19186
19204
19196
