4186
3909
3868
3936
4030
4125
4202
4271
4321
4364
4394
4420
4437
4453
4460
4469
4474
4478
4478
4481
4483
4484
4482
4483
4480
4479
4479
4479
4478
4479
4478
4476
4475
4477
4477
4477
4478
4478
4477
4477
4474
4475
4475
4475
4477
4475
4476
4475
4476
4476
4478
4476
4475
4474
4478
4474
4479
4475
4477
4474
4475
4474
4477
4475
4477
4476
4477
4473
4476
4473
4475
4474
4478
4476
4472
4473
4476
4476
4477
4475
4475
4475
4476
4474
4478
4474
4478
4477
4477
4475
4477
4478
4474
4476
4479
4478
4478
4476
4477
4474
4904
5207
5247
5231
5201
5150
5099
5061
5029
5002
4979
4956
4935
4916
4899
4881
4864
4847
4830
4814
4798
4783
4767
4736
4736
4704
4704
4691
4673
4658
4644
4627
4611
4607
4628
4643
4656
4668
4679
4690
4696
4702
4708
4712
4716
4719
4723
4726
4722
4704
4714
4701
4715
4719
4699
4706
4714
4710
4713
4703
4699
4709
4716
4708
4715
4707
4714
4693
4701
4710
4714
4706
4716
4700
4703
4710
4715
4707
4707
4708
4714
4707
4710
4705
4720
4708
4708
4708
4714
4695
4703
4710
4713
4355
3951
3861
3915
4005
4102
4182
4253
4307
4353
4386
4415
4434
4450
4459
4468
4472
4477
4477
4482
4480
4483
4483
4482
4480
4483
4479
4481
4477
4479
4478
4477
4476
4479
4476
4478
4477
4478
4474
4477
4478
4478
4477
4477
4476
4475
4476
4474
4477
4474
4475
4475
4475
4474
4475
4472
4477
4474
4475
4474
4477
4476
4479
4476
4479
4476
4478
4474
4476
4474
4477
4474
4478
4472
4477
4474
4477
4475
4477
4475
4478
4474
4476
4475
4478
4475
4476
4473
4476
4474
4479
4475
4478
4478
4479
4476
4477
4475
4477
4476
4760
5178
5247
5237
5209
5166
5114
5072
5039
5011
4987
4961
4943
4925
4906
4888
4871
4855
4838
4822
4806
4790
4775
4759
4742
4727
4710
4695
4680
4665
4649
4633
4618
4607
4623
4640
4651
4661
4673
4682
4692
4698
4705
4707
4709
4714
4718
4723
4726
4723
4720
4713
4718
4702
4705
4714
4705
4712
4710
4697
4708
4714
4705
4699
4709
4715
4709
4713
4706
4712
4706
4706
4707
4713
4704
4711
4705
4710
4706
4713
4697
4701
4710
4713
4705
4705
4707
4710
4706
4714
4697
4703
4710
4499
4006
3867
3898
3982
4080
4164
4238
4296
4346
4380
4409
4429
4448
4458
4469
4472
4478
4477
4482
4481
4481
4464
4480
4480
4482
4478
4464
4476
4480
4478
4479
4475
4478
4475
4478
4476
4478
4474
4476
4476
4477
4476
4477
4476
4477
4476
4476
4475
4476
4475
4476
4476
4477
4477
4478
4475
4475
4477
4475
4477
4476
4478
4474
4478
4477
4477
4473
4476
4476
4477
4474
4478
4475
4477
4477
4479
4475
4479
4479
4480
4475
4475
4473
4478
4472
4476
4474
4476
4474
4478
4474
4473
4474
4480
4475
4477
4475
4477
4477
4631
5127
5241
5241
5217
5183
5130
5086
5050
5021
4996
4973
4951
4932
4913
4896
4878
4861
4844
4828
4812
4796
4781
4764
4749
4733
4717
4702
4686
4671
4640
4640
4624
4609
4616
4635
4649
4658
4671
4678
4688
4694
4700
4707
4709
4714
4717
4721
4724
4727
4718
4721
4703
4709
4716
4710
4700
4710
4717
4705
4702
4711
4717
4701
4701
4711
4717
4709
4708
4709
4707
4709
4712
4695
4705
4712
4711
4696
4706
4713
4717
4697
4706
4714
4713
4696
4705
4713
4711
4711
4706
4697
4707
4606
4072
3878
3883
3962
4060
4147
4221
4284
4335
4371
4403
4425
4445
4456
4465
4471
4477
4477
4481
4477
4481
4481
4481
4478
4482
4481
4482
4478
4480
4478
4482
4477
4479
4475
4478
4476
4478
4477
4477
4475
4477
4476
4478
4474
4473
4476
4478
4477
4475
4475
4476
4474
4475
4476
4477
4475
4475
4474
4476
4475
4476
4475
4476
4478
4478
4478
4476
4478
4476
4476
4477
4476
4476
4479
4478
4476
4475
4477
4477
4464
4477
4478
4476
4479
4477
4480
4477
4476
4475
4473
4475
4477
4475
4477
4477
4479
4476
4479
4475
4534
5064
5232
5245
5224
5188
5133
5087
5050
5021
4996
4972
4952
4932
4912
4895
4879
4861
4844
4827
4811
4794
4779
4762
4747
4729
4715
4701
4684
4669
4654
4638
4622
4608
4614
4634
4647
4661
4674
4683
4692
4700
4705
4711
4714
4719
4721
4724
4728
4725
4723
4706
4705
4716
4721
4703
4708
4716
4709
4714
4707
4715
4705
4707
4710
4707
4710
4711
4709
4704
4710
4715
4699
4704
4712
4715
4709
4712
4709
4706
4711
4711
4710
4709
4711
4708
4710
4707
4711
4711
4707
4703
4712
4707
4696
4707
4713
4714
4711
4711
4709
4710
4711
4708
4708
4707
4709
4705
4709
4705
4711
4708
4695
4704
4712
4715
4708
4712
4708
4710
4708
4715
4696
4703
4711
4715
4695
4705
4712
4717
4700
4704
4712
4710
4710
4714
4696
4705
4713
4712
4710
4710
4710
4708
4709
4707
4710
4707
4708
4702
4711
4710
4696
4706
4713
4715
4697
4707
4712
4714
4710
4711
4710
4709
4710
4714
4696
4705
4713
4713
4711
4710
4696
4706
4715
4716
4708
4713
4696
4706
4713
4711
4710
4709
4696
4706
4713
4716
4710
4712
4695
4703
4711
4716
4706
4701
4709
4716
4708
4712
4716
4697
4706
4709
4712
4709
4714
4707
4713
4705
4713
4707
4711
4704
4710
4704
4711
4707
4708
4711
4707
4714
4707
4709
4704
4712
4707
4711
4710
4710
4713
4695
4703
4709
4716
4707
4713
4708
4697
4707
4713
4713
4711
4715
4707
4712
4694
4702
4710
4714
4718
4700
4706
4712
4714
4708
4716
4706
4713
4706
4711
4705
4712
4706
4709
4704
4710
4706
4693
4705
4711
4716
4708
4714
4707
4697
4707
4713
4717
4708
4708
4708
4713
4706
4706
4706
4712
4706
4711
4706
4696
4706
4713
4712
4710
4713
4707
4700
4708
4715
4708
4712
4711
4695
4707
4712
4714
4709
4710
4708
4714
4696
4700
4709
4715
4714
4709
4716
4697
4688
4710
4718
4708
4714
4706
4712
4709
4712
4707
4710
4711
4711
4713
4696
4702
4709
4717
4707
4712
4705
4711
4715
4696
4705
4712
