70028
74498
74456
74463
74465
74465
74461
74458
74446
74469
74467
74462
74454
74470
74452
74458
74464
74460
74463
74450
74462
74461
74473
74467
74466
74475
74469
74458
74470
74460
74469
74481
74474
74480
74457
74475
74476
74478
74478
74469
74481
74467
74463
74473
74480
74475
74472
74464
74474
74468
74465
74466
74482
74457
74453
74455
74465
74460
74475
74462
74466
74463
74455
74466
74471
74467
74456
74469
74452
74471
74471
74469
74465
74461
74466
74460
74476
74466
74466
74476
74462
74462
74460
74453
74465
74455
74462
74449
74457
74454
74457
74459
74449
74458
74434
74439
74437
74448
74449
74447
78767
83469
79372
78026
78809
78727
78713
78732
78722
78707
78717
78705
78714
78713
78705
78706
78716
78701
78717
78709
78711
78703
78711
78721
78714
78702
78720
78711
78704
78696
78697
78709
78699
78704
78707
78711
78699
78699
78712
78700
78726
78696
78707
78708
78703
78709
78710
78693
78703
78682
78699
78699
78703
78688
78691
78690
78690
78699
78695
78686
78703
78688
78691
78720
78696
78696
78707
78692
78692
78709
78685
78703
78697
78693
78708
78691
78707
78703
78698
78682
78719
78695
78705
78694
78691
78700
78696
78704
78707
78703
78706
78702
78725
78694
78528
70042
74468
74429
74431
74430
74435
74423
74424
74414
74428
74426
74428
74426
74425
74436
74429
74430
74426
74422
74430
74420
74439
74421
74408
74430
74407
74422
74415
74404
74412
74406
74414
74413
74414
74401
74409
74404
74402
74410
74415
74409
74415
74424
74422
74424
74425
74414
74419
74409
74424
74417
74410
74411
74403
74414
74411
74423
74414
74414
74399
74409
74416
74418
74420
74422
74409
74409
74408
74416
74414
74430
74407
74403
74419
74415
74410
74406
74411
74416
74415
74417
74415
74413
74406
74405
74393
74398
74401
74380
74400
74402
74407
74402
74399
74405
74393
74393
74408
74406
74411
79037
83336
79264
78005
78775
78681
78684
78667
78690
78666
78681
78678
78668
78666
78663
78668
78665
78650
78664
78676
78657
78684
78656
78690
78658
78664
78680
78665
78685
78665
78666
78680
78680
78667
78673
78677
78677
78673
78673
78654
78656
78649
78646
78652
78641
78668
78654
78653
78659
78676
78675
78661
78662
78648
78669
78668
78667
78673
78668
78671
78680
78667
78665
78660
78641
78680
78662
78670
78664
78671
78662
78670
78654
78654
78676
78652
78655
78671
78660
78668
78659
78665
78676
78666
78655
78663
78671
78662
78668
78654
78650
78670
78668
78684
78307
70122
74436
74392
74403
74400
74399
74394
74409
74404
74402
74400
74404
74402
74412
74409
74406
74394
74399
74403
74399
74396
74382
74390
74393
74394
74388
74399
74394
74408
74396
74403
74399
74406
74389
74390
74393
74389
74380
74407
74406
74409
74391
74400
74393
74401
74402
74396
74409
74404
74398
74394
74414
74389
74398
74404
74401
74402
74411
74410
74409
74403
74406
74401
74374
74394
74387
74406
74393
74391
74400
74403
74408
74384
74414
74384
74380
74379
74378
74375
74380
74380
74388
74376
74383
74380
74375
74394
74388
74378
74371
74381
74372
74380
74374
74371
74374
74371
74370
74369
74385
79289
83108
79075
78041
78736
78667
78660
78633
78662
78662
78669
78645
78662
78653
78651
78642
78669
78645
78635
78644
78646
78652
78640
78657
78637
78632
78643
78644
78660
78649
78643
78639
78656
78625
78638
78626
78641
78621
78639
78620
78631
78633
78633
78615
78635
78649
78636
78629
78650
78629
78645
78629
78641
78634
78629
78655
78630
78643
78627
78625
78619
78644
78639
78650
78662
78634
78644
78631
78652
78626
78616
78644
78619
78649
78635
78633
78654
78627
78643
78637
78621
78646
78627
78638
78649
78645
78631
78654
78638
78638
78645
78617
78653
78638
77935
70320
74429
74380
74383
74375
74377
74384
74380
74377
74369
74375
74376
74374
74383
74393
74376
74398
74383
74385
74379
74388
74374
74373
74378
74379
74377
74402
74380
74376
74384
74367
74389
74396
74387
74381
74391
74389
74385
74383
74385
74399
74380
74386
74370
74383
74385
74385
74383
74386
74378
74375
74385
74386
74398
74380
74370
74386
74380
74371
74370
74372
74365
74373
74367
74368
74377
74376
74370
74360
74363
74371
74367
74362
74366
74375
74365
74366
74376
74365
74358
74368
74364
74368
74356
74371
74373
74371
74371
74356
74365
74368
74357
74368
74366
74363
74371
74360
74370
74383
74373
79647
82965
78961
78075
78728
78631
78643
78629
78634
78626
78622
78628
78611
78619
78621
78604
78623
78626
78647
78639
78613
78650
78620
78647
78623
78610
78650
78624
78644
78639
78633
78646
78652
78633
78633
78620
78621
78633
78623
78642
78620
78617
78629
78614
78614
78605
78611
78616
78602
78626
78629
78630
78616
78626
78637
78629
78632
78643
78635
78604
78638
78627
78619
78628
78640
78628
78635
78637
78622
78634
78625
78629
78629
78629
78636
78638
78636
78632
78592
78624
78641
78604
78634
78618
78643
78631
78635
78616
78625
78629
78629
78642
78644
78631
78635
78646
78616
78645
78645
78633
78642
78640
78654
78642
78644
78652
78644
78628
78638
78626
78633
78637
78640
78625
78637
78650
78621
78649
78631
78623
78631
78620
78641
78643
78625
78641
78634
78634
78636
78633
78620
78634
78611
78648
78629
78659
78644
78643
78639
78636
78654
78626
78615
78618
78626
78631
78624
78620
78608
78615
78610
78617
78629
78605
78621
78618
78630
78624
78619
78628
78619
78617
78617
78640
78616
78627
78619
78628
78646
78615
78624
78630
78630
78645
78628
78637
78627
78627
78615
78629
78634
78634
78637
78624
78636
78634
78658
78641
78637
78654
78644
78632
78645
78620
78632
78641
78647
78631
78620
78630
78630
78639
78620
78634
78630
78623
78626
78623
78633
78626
78631
78623
78644
78623
78625
78632
78637
78623
78621
78636
78630
78643
78636
78647
78627
78643
78657
78646
78624
78646
78654
78645
78629
78647
78644
78643
78637
78640
78652
78626
78657
78643
78633
78644
78647
78617
78633
78621
78645
78613
78632
78633
78629
78641
78617
78631
78604
78622
78632
78611
78615
78617
78625
78632
78621
78621
78625
78624
78638
78638
78618
78625
78627
78636
78640
78634
78632
78639
78650
78628
78631
78640
78635
78650
78648
78653
78638
78643
78667
78634
78651
78645
78657
78651
78653
78645
78638
78652
78644
78661
78642
78650
78653
78656
78645
78641
78633
78645
78636
78652
78632
78634
78648
78639
78629
78657
78625
78651
78641
78623
78639
78651
78655
78635
78627
78645
78651
78653
78635
78627
78649
78645
78649
78655
78633
78643
78633
78640
78632
