8272
7968
8323
8644
8867
9002
9083
9123
9145
9154
9156
9153
9159
9155
9151
9148
9146
9147
9145
9144
9143
9141
9144
9145
9145
9143
9143
9141
9147
9145
9143
9145
9148
9145
9143
9141
9143
9145
9146
9146
9147
9144
9143
9147
9145
9142
9144
9147
9147
9148
9146
9145
9145
9144
9144
9147
9147
9150
9146
9145
9146
9146
9142
9149
9145
9147
9147
9145
9150
9147
9145
9146
9148
9149
9147
9150
9149
9148
9151
9149
9146
9141
9145
9149
9149
9146
9148
9145
9146
9147
9147
9145
9145
9148
9147
9145
9146
9146
9149
9378
10624
10677
10516
10346
10232
10144
10069
10002
9936
9875
9815
9753
9695
9637
9580
9521
9462
9406
9447
9505
9553
9584
9608
9630
9637
9613
9613
9610
9607
9612
9594
9613
9611
9602
9607
9607
9603
9600
9606
9598
9609
9594
9609
9609
9595
9605
9615
9612
9605
9597
9610
9608
9596
9608
9614
9601
9602
9608
9601
9609
9605
9609
9602
9607
9602
9600
9616
9603
9598
9611
9612
9594
9603
9610
9602
9600
9606
9606
9594
9611
9606
9600
9605
9599
9598
9608
9610
9593
9610
9604
9602
9604
9609
8961
7935
8164
8520
8785
8954
9054
9109
9134
9149
9158
9158
9157
9151
9153
9149
9147
9144
9145
9144
9144
9143
9143
9141
9143
9145
9146
9147
9146
9146
9145
9145
9145
9144
9148
9142
9147
9145
9147
9144
9142
9145
9145
9147
9145
9145
9147
9144
9144
9144
9149
9147
9146
9148
9146
9145
9148
9144
9147
9145
9145
9143
9145
9147
9145
9144
9142
9144
9144
9146
9146
9145
9148
9144
9146
9146
9147
9147
9144
9144
9145
9145
9147
9147
9147
9145
9147
9144
9143
9147
9148
9151
9147
9149
9143
9137
9142
9141
9142
9145
10173
10709
10596
10407
10275
10178
10098
10028
9963
9900
9840
9778
9718
9659
9602
9544
9486
9429
9412
9481
9532
9570
9597
9618
9639
9616
9612
9614
9601
9598
9611
9606
9594
9608
9608
9595
9610
9591
9607
9609
9598
9609
9609
9594
9606
9608
9603
9604
9605
9605
9598
9609
9598
9612
9595
9610
9592
9612
9600
9608
9605
9598
9613
9602
9611
9593
9605
9604
9596
9600
9614
9597
9611
9593
9609
9605
9602
9606
9600
9596
9597
9612
9598
9604
9606
9602
9606
9607
9606
9595
9613
9593
9609
9518
8148
8002
8368
8675
8885
9010
9085
9122
9142
9150
9154
9155
9152
9151
9146
9151
9146
9141
9145
9139
9142
9137
9143
9147
9146
9142
9145
9137
9143
9147
9142
9142
9145
9145
9145
9142
9143
9145
9144
9142
9147
9144
9143
9146
9146
9145
9141
9142
9145
9141
9145
9142
9143
9145
9146
9144
9138
9143
9144
9143
9143
9145
9146
9143
9142
9143
9146
9142
9146
9143
9143
9143
9143
9142
9142
9142
9146
9146
9149
9142
9146
9144
9144
9138
9149
9146
9144
9147
9146
9146
9142
9147
9145
9145
9139
9145
9146
9142
9142
9495
10656
10657
10485
10324
10213
10129
10054
9985
9924
9862
9802
9742
9683
9623
9566
9508
9451
9400
9453
9513
9559
9588
9610
9632
9635
9601
9610
9612
9598
9611
9602
9607
9590
9606
9607
9597
9612
9607
9594
9610
9593
9609
9604
9600
9611
9609
9596
9610
9595
9605
9608
9600
9604
9608
9609
9609
9601
9610
9597
9602
9610
9599
9612
9593
9614
9605
9605
9606
9604
9598
9598
9609
9610
9605
9605
9609
9591
9604
9606
9597
9611
9611
9603
9604
9606
9613
9599
9596
9613
9604
9602
9594
9608
8842
7923
8188
8547
8804
8962
9056
9111
9137
9150
9153
9154
9155
9152
9152
9147
9144
9141
9145
9144
9145
9144
9144
9143
9148
9147
9144
9142
9144
9143
9145
9145
9143
9142
9141
9143
9145
9143
9139
9146
9144
9141
9145
9143
9143
9144
9144
9143
9142
9146
9143
9147
9147
9140
9144
9146
9147
9144
9141
9143
9146
9145
9146
9145
9147
9142
9144
9141
9143
9145
9145
9143
9144
9144
9145
9141
9145
9144
9145
9145
9142
9143
9146
9146
9145
9146
9141
9146
9142
9146
9144
9143
9145
9145
9149
9148
9145
9140
9141
9144
10299
10700
10571
10381
10256
10161
10084
10013
9949
9886
9824
9764
9706
9646
9589
9531
9473
9414
9444
9503
9543
9573
9598
9623
9635
9613
9601
9616
9611
9597
9614
9595
9611
9607
9607
9598
9610
9602
9606
9602
9598
9605
9593
9605
9607
9600
9603
9606
9612
9601
9604
9608
9604
9603
9603
9609
9598
9610
9611
9593
9606
9611
9598
9613
9595
9609
9596
9612
9607
9603
9606
9603
9600
9611
9609
9596
9608
9603
9608
9597
9613
9600
9599
9613
9593
9607
9614
9599
9613
9589
9613
9612
9601
9605
9590
9606
9602
9599
9614
9601
9594
9608
9610
9591
9604
9607
9605
9609
9601
9605
9602
9590
9608
9603
9603
9684
9597
9611
9600
9608
9602
9602
9603
9599
9602
9604
9608
9592
9609
9602
9598
9608
9610
9593
9607
9603
9600
9602
9608
9594
9609
9593
9612
9606
9605
9599
9601
9604
9597
9607
9592
9613
9591
9616
9664
9597
9611
9601
9609
9593
9610
9606
9603
9604
9602
9594
9608
9601
9605
9603
9598
9603
9594
9607
9602
9606
9597
9600
9614
9599
9611
9594
9604
9607
9602
9604
9597
9608
9592
9607
9607
9603
9605
9594
9606
9606
9603
9604
9604
9605
9589
9610
9611
9604
9589
9608
9599
9612
9595
9608
9595
9608
9664
9612
9604
9594
9606
9612
9595
9606
9606
9595
9613
9607
9603
9609
9604
9594
9610
9611
9599
9601
9612
9597
9601
9612
9607
9605
9611
9611
9594
9608
9605
9603
9606
9608
9593
9605
9609
9606
9605
9607
9604
9603
9591
9606
9609
9608
9594
9609
9608
9606
9604
9602
9614
9596
9604
9605
9609
9597
9600
9612
9603
9604
9605
9610
9609
9609
9598
9610
9600
9611
9609
9594
9613
9609
9591
9610
9606
9597
9609
9600
9612
9595
9614
9598
9611
9602
9602
9610
9605
9596
9607
9611
9594
9603
9611
9602
9603
9607
9602
9610
9608
9612
9603
9595
9605
9598
9611
9599
9608
9614
9597
9611
9607
9588
9610
9602
9606
9605
9605
9612
9590
9612
9610
9599
9606
9594
9607
9603
9604
9603
9597
9612
