17397
17977
18731
18997
19064
19070
19063
19050
19049
19047
19046
19050
19045
19044
19047
19046
19045
19043
19042
19047
19046
19040
19042
19050
19049
19045
19037
19046
19040
19042
19044
19046
19047
19051
19047
19044
19045
19051
19044
19042
19040
19043
19042
19049
19036
19042
19041
19044
19050
19048
19041
19048
19043
19043
19047
19044
19049
19044
19050
19046
19048
19045
19052
19046
19044
19050
19045
19045
19039
19048
19043
19045
19040
19044
19042
19049
19048
19043
19047
19052
19046
19039
19044
19047
19046
19047
19048
19048
19043
19042
19045
19045
19049
19047
19044
19047
19045
19046
20576
21168
20657
20338
20085
19852
19620
19423
19562
19696
19714
19712
19696
19705
19696
19713
19706
19705
19705
19690
19717
19701
19697
19712
19705
19700
19706
19703
19706
19703
19705
19713
19699
19712
19705
19709
19709
19695
19713
19707
19702
19694
19713
19702
19711
19705
19701
19698
19706
19703
19702
19698
19707
19706
19705
19701
19700
19704
19707
19709
19705
19687
19702
19703
19713
19700
19700
19703
19698
19714
19695
19705
19708
19701
19702
19703
19706
19687
19710
19698
19714
19697
19704
19707
19706
19696
19703
19705
19701
19708
19701
19700
19697
19706
18374
17530
18517
18925
19050
19067
19058
19057
19053
19048
19045
19043
19048
19042
19038
19038
19043
19045
19045
19040
19046
19040
19045
19044
19040
19041
19043
19043
19043
19044
19041
19047
19050
19050
19042
19045
19042
19046
19048
19040
19043
19050
19046
19044
19046
19054
19045
19047
19047
19041
19046
19047
19041
19037
19047
19048
19049
19042
19049
19050
19046
19044
19043
19050
19049
19047
19049
19045
19048
19048
19045
19048
19056
19055
19042
19043
19044
19046
19042
19043
19043
19050
19042
19039
19052
19049
19045
19042
19052
19046
19039
19048
19047
19046
19048
19044
19045
19046
19705
21314
20833
20452
20184
19944
19716
19493
19477
19655
19724
19706
19707
19718
19700
19708
19699
19711
19699
19717
19708
19703
19695
19703
19708
19715
19704
19711
19704
19711
19715
19715
19705
19698
19712
19709
19697
19710
19696
19699
19744
19704
19707
19699
19704
19705
19698
19706
19709
19695
19705
19701
19699
19705
19711
19703
19705
19712
19703
19692
19704
19697
19706
19713
19700
19700
19711
19696
19701
19708
19700
19715
19693
19708
19707
19707
19700
19698
19707
19700
19714
19700
19700
19709
19686
19704
19709
19704
19703
19698
19696
19699
19707
19706
19332
17241
18214
18822
19020
19069
19057
19049
19050
19048
19049
19042
19041
19046
19041
19037
19039
19042
19039
19008
19036
19043
19046
19040
19043
19044
19043
19044
19043
19047
19045
19037
19041
19040
19044
19048
19045
19043
19052
19047
19049
19041
19047
19042
19046
19042
19041
19046
19039
19039
19043
19046
19044
19040
19044
19044
19038
19037
19042
19042
19041
19045
19045
19040
19047
19039
19045
19038
19050
19039
19036
19045
19047
19042
19040
19042
19046
19046
19040
19042
19046
19046
19049
19041
19052
19051
19038
19043
19048
19051
19040
19048
19043
19043
19046
19045
19042
19044
19050
21119
21051
20582
20287
20038
19807
19580
19424
19601
19703
19710
19698
19718
19699
19709
19704
19705
19696
19706
19697
19707
19701
19702
19705
19707
19706
19695
19715
19699
19706
19709
19697
19696
19707
19700
19697
19703
19706
19692
19701
19712
19699
19699
19708
19694
19706
19700
19705
19705
19715
19706
19692
19710
19697
19709
19695
19707
19698
19708
19699
19712
19705
19697
19705
19705
19702
19706
19698
19698
19694
19707
19697
19708
19700
19698
19709
19697
19712
19694
19702
19717
19703
19706
19698
19703
19702
19698
19700
19695
19691
19702
19701
19706
19705
17800
17787
18646
18966
19051
19071
19055
19047
19046
19044
19037
19044
19044
19036
19045
19038
19047
19044
19038
19043
19039
19047
19050
19046
19037
19043
19043
19042
19041
19036
19041
19039
19041
19046
19037
19020
19038
19020
19039
19044
19047
19040
19042
19042
19043
19039
19047
19045
19039
19045
19036
19040
19038
19038
19036
19038
19037
19039
19034
19039
19040
19037
19041
19039
19036
19042
19036
19041
19040
19040
19041
19040
19044
19038
19037
19039
19042
19042
19037
19039
19042
19043
19040
19041
19041
19041
19039
19043
19040
19033
19045
19041
19045
19043
19043
19042
19045
19046
20175
21253
20733
20392
20130
19896
19669
19444
19521
19675
19719
19710
19713
19695
19708
19709
19692
19709
19705
19705
19696
19711
19705
19704
19695
19709
19704
19711
19692
19709
19706
19693
19710
19693
19702
19704
19702
19712
19704
19694
19716
19695
19705
19702
19700
19701
19710
19705
19691
19700
19710
19688
19705
19714
19699
19709
19700
19696
19705
19700
19707
19703
19698
19702
19698
19704
19700
19703
19705
19697
19707
19704
19702
19697
19712
19694
19705
19706
19702
19708
19693
19713
19697
19703
19704
19692
19704
19715
19700
19688
19705
19709
19692
19705
19702
19712
19690
19718
19696
19708
19699
19706
19693
19705
19697
19705
19698
19707
19693
19700
19706
19705
19703
19708
19702
19697
19704
19698
19692
19707
19705
19696
19706
19694
19705
19701
19705
19698
19698
19705
19700
19688
19703
19708
19698
19707
19704
19695
19707
19701
19695
19704
19703
19701
19706
19707
19694
19710
19692
19705
19699
19695
19698
19706
19698
19714
19694
19704
19704
19702
19708
19705
19709
19706
19702
19711
19705
19714
19690
19719
19699
19702
19719
19703
19703
19701
19711
19694
19710
19703
19705
19706
19705
19700
19702
19714
19709
19698
19704
19701
19714
19696
19709
19698
19700
19707
19700
19700
19692
19703
19688
19703
19697
19695
19683
19697
19709
19696
19688
19699
19704
19694
19705
19702
19697
19699
19693
19706
19696
19697
19690
19707
19697
19692
19700
19696
19698
19692
19691
19696
19694
19709
19692
19709
19689
19701
19691
19695
19713
19691
19708
19701
19707
19696
19707
19695
19707
19696
19697
19702
19695
19697
19690
19705
19708
19691
19696
19707
19704
19694
19696
19708
19685
19703
19839
19700
19703
19703
19705
19690
19707
19694
19710
19696
19699
19706
19705
19708
19699
19710
19687
19706
19698
19705
19696
19707
19699
19701
19700
19703
19702
19696
19708
19698
19693
19700
19705
19691
19702
19707
19690
19701
19697
19700
19695
19702
19698
19708
19695
19704
19705
19694
19698
19708
19701
19694
19704
19706
19692
19691
19708
19705
19692
19699
19709
19704
19703
19705
19696
19703
19697
19706
19696
19691
19704
19695
19699
19695
19709
19687
19711
19697
19700
19695
19707
19689
19705
19698
19698
