2409
2377
2354
2339
2327
2322
2320
2322
2325
2331
2338
2346
2354
2362
2372
2379
2386
2393
2401
2406
2410
2415
2420
2422
2424
2428
2430
2430
2432
2434
2436
2436
2435
2437
2438
2437
2437
2438
2437
2437
2436
2437
2436
2435
2435
2436
2435
2434
2434
2434
2433
2432
2433
2433
2434
2432
2434
2434
2434
2433
2434
2434
2433
2433
2433
2434
2433
2432
2434
2434
2433
2433
2434
2434
2433
2432
2433
2433
2432
2433
2433
2433
2433
2433
2433
2433
2432
2433
2434
2432
2432
2433
2434
2433
2432
2433
2475
2512
2531
2544
2551
2555
2558
2604
2558
2556
2555
2552
2545
2534
2526
2519
2513
2506
2500
2495
2489
2485
2480
2475
2471
2466
2462
2457
2455
2460
2460
2455
2460
2463
2466
2460
2457
2461
2462
2460
2463
2465
2458
2454
2459
2463
2465
2460
2454
2458
2460
2462
2465
2462
2454
2457
2460
2462
2464
2465
2461
2455
2458
2460
2463
2465
2466
2461
2455
2458
2460
2463
2465
2466
2461
2462
2464
2465
2458
2454
2457
2460
2463
2465
2465
2461
2462
2463
2459
2461
2463
2464
2457
2444
2395
2367
2347
2333
2325
2321
2320
2323
2329
2336
2342
2351
2360
2368
2375
2383
2390
2397
2402
2406
2412
2417
2420
2423
2426
2429
2429
2468
2433
2435
2434
2434
2436
2437
2436
2436
2437
2437
2435
2436
2436
2437
2436
2436
2436
2435
2434
2435
2434
2433
2433
2435
2434
2433
2433
2435
2434
2433
2433
2434
2433
2432
2432
2433
2433
2432
2464
2433
2432
2431
2476
2433
2432
2431
2433
2433
2433
2432
2434
2433
2433
2433
2433
2434
2433
2432
2433
2432
2432
2431
2432
2432
2431
2432
2433
2438
2489
2517
2535
2545
2551
2556
2559
2559
2558
2556
2553
2550
2541
2532
2524
2516
2510
2504
2499
2494
2488
2484
2478
2474
2469
2466
2461
2457
2456
2461
2459
2463
2462
2456
2460
2464
2460
2455
2460
2462
2464
2460
2463
2464
2460
2463
2465
2460
2463
2459
2461
2463
2465
2459
2454
2458
2460
2463
2465
2466
2460
2455
2458
2460
2463
2465
2466
2458
2455
2458
2461
2463
2465
2466
2461
2463
2465
2460
2462
2463
2458
2461
2463
2464
2463
2455
2456
2460
2461
2462
2464
2464
2455
2430
2386
2360
2343
2332
2324
2320
2321
2324
2329
2335
2345
2355
2362
2369
2377
2386
2392
2398
2402
2409
2414
2416
2420
2423
2426
2427
2430
2432
2434
2434
2435
2438
2437
2437
2438
2439
2437
2437
2437
2437
2436
2435
2436
2436
2435
2432
2436
2436
2435
2435
2435
2435
2433
2433
2434
2434
2432
2433
2433
2432
2431
2432
2432
2432
2431
2432
2432
2433
2433
2433
2434
2433
2434
2434
2434
2434
2433
2434
2434
2433
2433
2433
2433
2432
2431
2433
2433
2432
2432
2434
2433
2432
2433
2434
2433
2452
2502
2526
2540
2548
2555
2558
2559
2687
2558
2555
2553
2550
2539
2530
2522
2516
2509
2503
2497
2492
2487
2482
2477
2473
2468
2464
2460
2456
2456
2462
2458
2457
2461
2462
2461
2464
2458
2455
2460
2436
2466
2462
2456
2459
2462
2464
2464
2461
2463
2459
2462
2463
2459
2461
2462
2463
2458
2454
2458
2460
2463
2464
2466
2465
2456
2457
2456
2461
2463
2464
2456
2455
2459
2461
2463
2464
2467
2463
2461
2462
2459
2461
2463
2465
2462
2454
2456
2459
2462
2444
2465
2460
2461
2417
2380
2357
2341
2330
2322
2321
2322
2325
2330
2337
2346
2355
2362
2371
2379
2386
2391
2398
2404
2409
2412
2417
2421
2424
2426
2429
2540
2432
2433
2435
2436
2436
2436
2438
2438
2437
2437
2438
2438
2436
2435
2435
2436
2434
2435
2435
2435
2434
2434
2435
2434
2433
2433
2433
2433
2431
2433
2434
2433
2432
2432
2432
2431
2431
2432
2433
2432
2430
2431
2432
2433
2432
2434
2434
2433
2432
2432
2433
2432
2432
2433
2433
2432
2476
2433
2432
2431
2432
2434
2433
2432
2432
2433
2433
2431
2468
2509
2530
2543
2550
2555
2557
2559
2596
2557
2554
2552
2547
2537
2528
2521
2513
2507
2501
2496
2490
2485
2481
2477
2472
2468
2463
2459
2455
2458
2461
2456
2458
2463
2461
2455
2458
2462
2463
2458
2455
2459
2462
2465
2462
2455
2458
2461
2463
2464
2460
2462
2464
2463
2460
2462
2458
2461
2462
2463
2459
2462
2462
2458
2461
2463
2463
2455
2455
2458
2460
2461
2464
2466
2463
2455
2458
2460
2462
2464
2466
2462
2461
2463
2460
2460
2462
2464
2459
2453
2457
2458
2461
2463
2464
2460
2461
2463
2465
2459
2462
2463
2464
2459
2461
2463
2463
2455
2454
2457
2460
2461
2460
2462
2460
2462
2464
2466
2460
2454
2458
2460
2463
2464
2465
2460
2462
2463
2459
2461
2463
2463
2457
2453
2456
2459
2462
2463
2465
2465
2460
2462
2462
2458
2461
2463
2462
2460
2462
2465
2462
2454
2456
2458
2460
2462
2465
2466
2461
2455
2458
2461
2462
2464
2465
2460
2462
2463
2465
2459
2461
2463
2458
2461
2462
2463
2459
2460
2462
2463
2455
2454
2458
2460
2461
2463
2463
2459
2462
2463
2460
2459
2461
2464
2460
2459
2462
2464
2464
2457
2454
2457
2459
2462
2463
2465
2432
2455
2455
2458
2460
2461
2464
2465
2461
2460
2463
2464
2465
2458
2455
2458
2460
2462
2463
2465
2463
2455
2455
2458
2460
2462
2464
2465
2461
2460
2463
2464
2459
2460
2462
2463
2459
2461
2462
2458
2459
2461
2462
2458
2460
2461
2463
2461
2454
2455
2458
2460
2462
2463
2465
2465
2460
2462
2463
2458
2461
2462
2464
2458
2460
2462
2464
2462
2454
2455
2458
2460
2462
2464
2465
2460
2460
2462
2444
2459
2461
2462
2458
2459
2462
2462
2464
2463
2454
2455
2459
2460
2461
2463
2465
2460
2460
2463
2464
2458
2453
2457
2458
2461
2462
2463
2465
2464
2455
2456
2459
2460
2462
2464
2466
2460
2453
2456
2459
2461
2463
2464
2465
2458
2454
2457
2460
2462
2463
2465
2463
2456
2455
2458
2460
2463
2464
2465
2461
2461
2464
2460
2459
2461
2463
2464
2460
2461
2463
2458
2460
2462
2463
