2197
2150
2092
2062
2052
2055
2067
2086
2110
2130
2150
2170
2189
2206
2218
2231
2245
2255
2263
2293
2280
2285
2290
2294
2300
2304
2305
2307
2309
2312
2309
2315
2314
2314
2313
2313
2316
2315
2314
2314
2316
2316
2314
2315
2315
2317
2316
2314
2313
2316
2314
2314
2315
2316
2314
2312
2314
2314
2313
2317
2314
2316
2314
2315
2314
2315
2313
2312
2313
2314
2312
2311
2312
2313
2313
2313
2314
2314
2313
2312
2317
2314
2313
2312
2313
2314
2314
2312
2313
2313
2312
2312
2312
2312
2312
2311
2311
2312
2312
2404
2532
2585
2607
2616
2619
2618
2614
2610
2603
2596
2584
2572
2561
2552
2544
2536
2529
2523
2517
2511
2507
2500
2496
2491
2486
2482
2479
2472
2471
2464
2460
2456
2452
2448
2445
2440
2436
2433
2429
2425
2421
2418
2414
2410
2406
2403
2416
2395
2391
2388
2384
2380
2377
2373
2370
2366
2362
2359
2355
2359
2366
2371
2375
2378
2382
2384
2386
2389
2391
2393
2395
2397
2398
2400
2402
2403
2398
2399
2403
2402
2403
2396
2393
2399
2400
2402
2404
2398
2401
2402
2398
2377
2221
2138
2086
2059
2050
2055
2071
2091
2112
2134
2156
2175
2191
2207
2222
2234
2244
2254
2265
2273
2278
2286
2292
2296
2298
2300
2305
2308
2309
2311
2313
2314
2314
2314
2315
2315
2315
2315
2316
2316
2316
2316
2316
2316
2316
2315
2315
2314
2314
2313
2313
2315
2314
2313
2314
2315
2314
2313
2313
2314
2313
2311
2313
2313
2313
2312
2314
2314
2313
2312
2312
2315
2314
2312
2313
2314
2313
2311
2312
2313
2311
2311
2311
2315
2314
2311
2312
2314
2314
2313
2313
2315
2315
2315
2314
2314
2315
2314
2313
2451
2550
2592
2611
2619
2618
2616
2613
2608
2601
2595
2580
2571
2558
2549
2542
2534
2549
2521
2515
2510
2504
2499
2494
2490
2485
2481
2476
2472
2467
2464
2459
2456
2452
2448
2445
2440
2437
2432
2429
2425
2421
2417
2414
2409
2406
2403
2398
2395
2391
2388
2384
2380
2377
2373
2370
2365
2362
2358
2355
2362
2368
2372
2377
2379
2383
2386
2388
2390
2392
2395
2396
2398
2399
2401
2397
2396
2400
2400
2402
2394
2392
2395
2399
2401
2403
2404
2403
2395
2395
2399
2401
2346
2199
2124
2077
2054
2050
2060
2076
2094
2118
2139
2159
2178
2196
2212
2225
2236
2248
2257
2268
2275
2281
2288
2291
2295
2299
2302
2305
2307
2310
2312
2314
2314
2314
2316
2315
2315
2316
2318
2316
2315
2316
2313
2315
2312
2314
2314
2315
2314
2316
2319
2316
2314
2314
2314
2314
2314
2314
2315
2314
2313
2313
2313
2314
2313
2314
2315
2315
2313
2313
2313
2313
2312
2311
2315
2315
2312
2311
2313
2314
2312
2312
2313
2313
2312
2312
2313
2312
2312
2312
2312
2314
2313
2311
2313
2314
2313
2312
2312
2328
2486
2563
2598
2613
2619
2620
2617
2615
2607
2601
2591
2577
2566
2556
2547
2540
2533
2526
2520
2514
2509
2503
2498
2494
2488
2484
2480
2475
2472
2467
2485
2458
2454
2450
2447
2443
2445
2434
2429
2427
2421
2420
2417
2412
2408
2405
2401
2398
2393
2390
2387
2382
2379
2376
2372
2368
2364
2363
2358
2358
2364
2370
2374
2379
2381
2384
2386
2389
2397
2393
2395
2396
2399
2401
2401
2404
2401
2398
2401
2403
2400
2392
2393
2397
2401
2403
2404
2400
2401
2403
2421
2420
2298
2174
2106
2069
2053
2053
2064
2081
2103
2123
2144
2164
2185
2200
2215
2228
2242
2252
2260
2270
2278
2285
2288
2292
2298
2300
2303
2305
2309
2310
2311
2311
2314
2314
2313
2314
2316
2316
2316
2316
2317
2316
2315
2315
2315
2316
2315
2315
2316
2315
2315
2313
2316
2315
2313
2313
2314
2314
2312
2316
2315
2315
2313
2313
2314
2314
2312
2312
2314
2314
2313
2312
2314
2313
2313
2313
2315
2314
2313
2312
2313
2314
2312
2311
2312
2313
2312
2317
2314
2314
2312
2311
2312
2313
2312
2312
2313
2313
2311
2365
2515
2578
2604
2615
2620
2618
2615
2611
2606
2597
2586
2572
2562
2552
2545
2537
2530
2524
2517
2511
2507
2501
2496
2491
2486
2482
2478
2473
2469
2465
2461
2456
2452
2449
2445
2443
2438
2433
2430
2425
2422
2419
2414
2410
2407
2403
2399
2396
2392
2388
2385
2381
2377
2373
2370
2366
2362
2359
2356
2360
2366
2372
2374
2378
2382
2384
2387
2390
2392
2393
2396
2398
2399
2400
2403
2403
2399
2399
2402
2403
2398
2401
2402
2404
2395
2393
2397
2400
2403
2404
2398
2403
2403
2404
2396
2394
2397
2401
2401
2405
2398
2394
2398
2401
2403
2405
2399
2394
2397
2400
2403
2405
2400
2393
2397
2400
2402
2403
2399
2401
2397
2400
2403
2397
2400
2402
2398
2400
2403
2398
2400
2403
2398
2400
2402
2399
2392
2395
2398
2401
2404
2400
2392
2396
2399
2401
2404
2403
2394
2393
2399
2401
2403
2404
2396
2395
2399
2402
2403
2399
2401
2398
2398
2402
2401
2398
2393
2396
2399
2402
2404
2402
2393
2397
2400
2402
2403
2398
2401
2403
2399
2401
2401
2404
2396
2395
2399
2402
2402
2399
2401
2403
2398
2400
2398
2397
2401
2403
2398
2421
2399
2393
2400
2403
2404
2399
2393
2397
2399
2402
2400
2398
2401
2403
2400
2392
2396
2398
2400
2403
2405
2401
2393
2397
2399
2402
2401
2398
2401
2401
2397
2400
2403
2402
2393
2395
2398
2400
2402
2403
2399
2401
2403
2395
2393
2397
2400
2402
2404
2398
2400
2402
2404
2396
2393
2398
2400
2403
2404
2397
2393
2397
2400
2403
2404
2405
2397
2394
2398
2403
2404
2398
2400
2403
2398
2399
2402
2403
2398
2393
2397
2399
2402
2400
2398
2401
2404
2400
2416
2400
2396
2400
2403
2401
2392
2394
2398
2400
2402
2402
2393
2394
2397
2400
2403
2404
2403
2395
2395
2400
2401
2403
2404
2395
2395
2398
2400
2402
2404
2397
2393
2397
2401
2402
2404
2399
2400
2402
2404
2397
2394
2397
2401
2403
2398
2420
2402
2403
2398
2393
2397
2399
2402
2404
2400
2401
2403
2399
2393
