4087
3762
3732
3806
3914
4010
4101
4171
4236
4280
4304
4345
4370
4385
4401
4407
4416
4417
4422
4421
4426
4425
4429
4425
4427
4422
4426
4425
4425
4424
4427
4425
4423
4422
4422
4420
4420
4421
4423
4423
4421
4423
4423
4421
4421
4420
4419
4421
4422
4423
4420
4422
4421
4423
4420
4422
4420
4427
4423
4423
4417
4423
4422
4424
4423
4423
4420
4424
4421
4425
4421
4422
4422
4425
4422
4422
4421
4423
4422
4422
4421
4424
4419
4423
4423
4421
4423
4422
4423
4424
4419
4420
4421
4421
4420
4421
4422
4421
4422
4421
4421
4632
5232
5360
5353
5320
5271
5213
5169
5134
5106
5080
5058
5039
5019
5001
4984
4968
4951
4936
4921
4906
4890
4876
4860
4846
4831
4817
4802
4789
4774
4759
4745
4730
4717
4702
4688
4673
4660
4646
4631
4618
4603
4598
4620
4636
4650
4665
4677
4688
4697
4705
4711
4716
4721
4725
4730
4727
4720
4722
4715
4710
4717
4714
4710
4705
4716
4711
4713
4701
4714
4717
4703
4714
4719
4703
4714
4713
4710
4713
4712
4703
4715
4715
4703
4715
4710
4715
4699
4710
4717
4713
4711
4703
4159
3774
3731
3799
3905
4004
4094
4167
4231
4275
4316
4342
4368
4383
4401
4406
4415
4419
4425
4424
4427
4427
4426
4423
4428
4426
4427
4425
4426
4425
4426
4422
4423
4419
4422
4423
4425
4421
4423
4423
4422
4422
4423
4423
4421
4422
4422
4423
4419
4421
4422
4423
4421
4424
4423
4425
4422
4423
4420
4423
4418
4421
4421
4424
4420
4425
4423
4421
4421
4422
4421
4424
4421
4425
4417
4423
4421
4421
4418
4423
4421
4426
4422
4424
4422
4422
4420
4424
4422
4423
4424
4424
4422
4423
4423
4423
4420
4422
4423
4422
4423
4582
5209
5358
5358
5325
5276
5217
5172
5137
5108
5082
5059
5037
5020
5002
4985
4968
4949
4936
4921
4906
4891
4876
4861
4848
4833
4818
4805
4790
4775
4760
4746
4732
4718
4704
4691
4675
4661
4647
4634
4619
4605
4600
4623
4639
4654
4668
4679
4690
4698
4706
4711
4715
4720
4725
4730
4732
4713
4722
4716
4724
4708
4714
4719
4703
4715
4712
4705
4716
4709
4719
4705
4711
4717
4701
4713
4713
4716
4711
4707
4718
4703
4709
4719
4704
4709
4716
4712
4711
4714
4710
4712
4715
4211
3783
3725
3791
3897
3998
4090
4161
4228
4275
4313
4342
4367
4383
4396
4404
4414
4418
4424
4424
4427
4426
4428
4426
4428
4425
4425
4425
4426
4425
4426
4423
4425
4424
4424
4420
4421
4422
4422
4421
4421
4422
4421
4423
4422
4421
4420
4422
4420
4421
4423
4423
4422
4422
4421
4423
4423
4422
4421
4422
4420
4423
4421
4423
4419
4424
4421
4423
4423
4423
4421
4421
4421
4422
4421
4422
4421
4421
4423
4424
4419
4423
4420
4421
4420
4423
4420
4422
4420
4421
4420
4424
4423
4423
4421
4421
4420
4420
4419
4422
4421
4533
5189
5356
5357
5327
5278
5218
5173
5137
5108
5082
5059
5038
5019
5002
4985
4968
4953
4937
4922
4906
4891
4877
4862
4847
4832
4819
4801
4789
4774
4760
4746
4731
4718
4703
4688
4674
4661
4646
4632
4618
4604
4601
4625
4640
4649
4665
4677
4685
4696
4703
4711
4714
4720
4724
4729
4725
4724
4708
4716
4718
4701
4714
4713
4716
4701
4712
4719
4688
4711
4714
4715
4704
4707
4717
4713
4711
4714
4709
4706
4715
4711
4711
4700
4713
4715
4701
4713
4716
4702
4713
4718
4702
4305
3812
3725
3782
3884
3968
4079
4155
4219
4267
4309
4337
4364
4380
4397
4405
4416
4418
4425
4423
4427
4426
4430
4427
4429
4426
4427
4424
4425
4424
4425
4421
4424
4421
4423
4423
4425
4422
4425
4422
4424
4421
4425
4423
4422
4421
4422
4422
4421
4421
4421
4425
4424
4423
4423
4424
4422
4421
4423
4424
4421
4421
4422
4422
4419
4422
4420
4424
4423
4424
4424
4424
4423
4425
4423
4426
4422
4424
4422
4424
4420
4422
4419
4422
4421
4424
4422
4421
4421
4423
4419
4422
4421
4424
4423
4424
4422
4421
4421
4422
4422
4489
5147
5351
5358
5329
5287
5230
5182
5146
5116
5088
5067
5046
5026
5009
4992
4975
4959
4942
4926
4912
4896
4882
4868
4853
4838
4823
4809
4794
4780
4766
4749
4737
4723
4709
4694
4680
4666
4651
4638
4624
4611
4596
4615
4632
4647
4661
4674
4686
4694
4703
4709
4714
4719
4723
4727
4733
4718
4718
4725
4708
4717
4716
4705
4716
4713
4711
4716
4711
4712
4709
4712
4713
4702
4715
4711
4714
4699
4710
4719
4709
4709
4710
4713
4709
4702
4715
4710
4712
4699
4710
4716
4713
4706
4705
4716
4715
4711
4714
4710
4712
4714
4711
4713
4714
4704
4705
4715
4709
4717
4712
4709
4710
4714
4709
4711
4699
4711
4713
4714
4704
4706
4717
4713
4718
4701
4712
4713
4715
4711
4705
4716
4703
4707
4717
4705
4708
4717
4714
4717
4714
4708
4707
4716
4701
4708
4718
4712
4714
4712
4711
4716
4702
4712
4713
4715
4711
4708
4717
4701
4709
4719
4703
4709
4704
4706
4708
4718
4707
4709
4718
4710
4708
4717
4713
4707
4719
4712
4708
4714
4698
4710
4719
4708
4709
4717
4712
4709
4710
4712
4711
4703
4714
4714
4715
4710
4718
4702
4708
4714
4711
4714
4699
4711
4715
4701
4711
4719
4706
4707
4718
4707
4707
4716
4713
4713
4711
4708
4702
4713
4719
4702
4709
4719
4702
4710
4718
4712
4707
4716
4712
4688
4715
4713
4702
4714
4715
4703
4712
4720
4706
4709
4716
4712
4705
4703
4713
4712
4714
4709
4716
4700
4710
4718
4712
4712
4715
4699
4707
4715
4714
4710
4712
4711
4701
4713
4713
4700
4712
4714
4715
4714
4702
4713
4716
4712
4709
4714
4699
4710
4715
4712
4711
4714
4709
4717
4700
4710
4718
4712
4708
4716
4700
4708
4717
4710
4712
4714
4709
4711
4713
4708
4711
4711
4714
4710
4709
4719
4705
4708
4715
4711
4715
4700
4711
4717
4712
4706
4704
4713
4718
4702
4711
4720
4708
4708
4716
4710
4709
4700
4712
4711
4714
4708
4716
4701
4708
4717
4709
4706
4717
