32895
36151
36813
36831
36801
36804
36797
36804
36802
36807
36806
36802
36807
36780
36803
36806
36797
36802
36794
36815
36801
36803
36804
36800
36803
36806
36799
36804
36799
36810
36798
36804
36799
36809
36780
36793
36802
36800
36800
36798
36794
36793
36801
36786
36794
36803
36795
36790
36786
36790
36798
36793
36798
36787
36791
36799
36791
36787
36805
36801
36793
36794
36794
36798
36797
36796
36808
36799
36804
36800
36803
36800
36805
36809
36796
36805
36797
36797
36794
36803
36803
36792
36813
36801
36802
36812
36793
36802
36794
36804
36793
36797
36799
36795
36791
36794
36793
36795
36803
36794
38220
43263
41439
40383
39418
38473
38652
39125
39062
39038
39039
39042
39027
39045
39042
39025
39034
39038
39022
39043
39027
39036
39033
39032
39036
39043
39038
39037
39037
39040
39024
39044
39035
39036
39017
39047
39026
39044
39026
39029
39037
39036
39037
39025
39037
39042
39036
39033
39040
39031
39028
39039
39029
39040
39038
39028
39041
39028
39031
39035
39046
39028
39030
39045
39025
39051
39022
39047
39028
39050
39036
39036
39045
39036
39045
39039
39028
39040
39023
39034
39033
39033
39037
39047
39025
39036
39026
39028
39038
39033
39039
39028
39023
39046
38887
32854
36196
36803
36821
36802
36791
36787
36800
36796
36789
36804
36795
36797
36795
36804
36798
36805
36798
36804
36805
36795
36804
36799
36793
36801
36800
36806
36794
36797
36799
36790
36795
36792
36809
36797
36799
36799
36792
36811
36795
36797
36793
36796
36794
36795
36807
36798
36805
36797
36800
36793
36796
36800
36792
36806
36797
36799
36805
36803
36795
36804
36795
36795
36794
36802
36799
36794
36804
36803
36796
36812
36794
36805
36794
36798
36807
36792
36796
36796
36799
36790
36804
36796
36796
36788
36793
36796
36799
36797
36796
36798
36798
36794
36800
36793
36795
36790
36798
36799
36786
38487
43158
41370
40320
39355
38442
38706
39106
39043
39023
39051
39035
39021
39022
39043
39029
39028
39032
39025
39037
39044
39018
39043
39032
39018
39030
39052
39032
39028
39046
39025
39022
39031
39024
39017
39029
39040
39020
39044
39021
39030
39038
39029
39030
39039
39018
39036
39044
39017
39023
39029
39027
39024
39022
39026
39013
39017
39036
39025
39023
39021
39016
39028
39024
39021
39017
39037
39011
39022
39028
39029
39014
39035
39029
39026
39026
39033
39037
39023
39026
39022
39023
39028
39033
39032
39029
39027
39028
39025
39022
39028
39026
39020
39030
38740
32880
36252
36812
36816
36788
36796
36802
36789
36790
36785
36797
36793
36790
36788
36788
36787
36790
36803
36794
36805
36794
36795
36797
36789
36794
36785
36801
36800
36799
36796
36794
36798
36795
36806
36803
36801
36796
36788
36794
36795
36800
36800
36795
36792
36793
36800
36801
36802
36796
36791
36802
36804
36794
36797
36797
36798
36793
36789
36791
36794
36796
36789
36791
36799
36791
36800
36799
36798
36800
36784
36797
36798
36798
36797
36784
36790
36789
36799
36790
36792
36789
36798
36784
36787
36795
36787
36796
36796
36802
36789
36785
36789
36782
36784
36790
36788
36787
36795
36803
36790
38824
43035
41300
40259
39295
38391
38744
39110
39049
39025
39026
39013
39037
39035
39009
39035
39028
39025
39009
39028
39029
39026
39038
39020
39018
39016
39032
39025
39018
39018
39044
39019
39013
39038
39022
39006
39044
39021
39025
39024
39020
39029
39027
39017
39035
39028
39015
39036
39022
39015
39028
39023
39023
39028
39017
39032
39023
39025
39017
39023
39032
39032
39021
39025
39016
39022
39026
39024
39021
39007
39028
39021
39005
39020
39013
39030
39020
39011
39025
39019
39023
39010
39021
39001
39017
39023
39015
39017
39031
39008
39026
39028
39011
39041
38527
32956
36280
36803
36806
36785
36774
36775
36775
36784
36782
36768
36789
36777
36788
36781
36783
36787
36784
36787
36793
36790
36789
36785
36780
36791
36785
36787
36796
36777
36785
36788
36788
36793
36784
36786
36783
36787
36784
36783
36786
36785
36792
36786
36788
36794
36786
36786
36781
36786
36788
36790
36782
36791
36785
36787
36784
36780
36784
36785
36790
36775
36787
36786
36783
36789
36775
36796
36772
36784
36783
36783
36787
36787
36796
36779
36783
36782
36787
36783
36789
36788
36780
36789
36785
36790
36787
36782
36782
36777
36796
36786
36783
36786
36779
36790
36787
36782
36789
36788
36787
38989
43005
41298
40255
39289
38388
38738
39111
39035
39024
39023
39005
39036
39008
39036
39016
39025
39034
39029
39023
39029
39027
39023
39021
39021
39026
39035
39030
39020
39026
39025
39020
39035
39027
39013
39029
39033
39018
39021
39025
39024
39023
39035
39025
39009
39027
39029
39023
39019
39025
39010
39032
39024
39016
39028
39021
39009
39028
39012
39017
39029
39020
39024
39012
39020
39029
39009
39028
39015
39036
39023
39021
39014
39032
39021
39006
39022
39000
39020
39030
39020
39015
39019
39029
39013
39025
39010
39030
39028
39010
39016
39022
39021
39008
39039
39020
39019
39012
39016
39018
39022
39009
39022
39018
39023
39014
39027
39019
39019
39016
39003
39021
39029
39014
39021
39018
39013
39022
39011
39022
39011
39010
39008
39018
39035
39002
39017
39026
39009
39028
39019
39006
39020
39013
39014
39020
39012
39017
39017
39015
39011
39030
39008
39021
39013
39017
39014
38994
39021
39018
39017
39019
39024
39024
39002
39020
39018
39011
39028
39022
39012
39035
39012
39033
39012
39026
39033
39010
39018
39025
39011
39009
39022
39027
39012
39030
39029
39020
39033
39026
39020
39019
39029
39000
39010
39034
39004
39021
39016
39010
39022
39009
39018
39024
39008
39017
39013
39003
39012
39020
39013
39028
38996
39024
39010
39024
39013
39030
39013
39021
39038
39006
39028
39005
39025
39031
39013
39034
39026
39016
39010
39021
39015
39022
39015
38998
39017
39019
39018
39019
39015
39013
39026
39014
39022
39020
39029
39015
39018
39021
39014
39012
39014
39026
39017
39006
39026
39018
39010
39021
39012
39018
39006
39017
38998
38999
39016
39014
39000
39012
39005
39008
39029
39008
39006
39017
39011
39019
39013
39015
38996
39012
39018
39011
39008
39002
39008
39008
39024
39002
39010
39006
39016
39009
39020
39016
39003
39006
39002
39014
39008
39018
39010
39005
39013
39015
39012
39012
39015
39009
39014
39016
39007
39017
39012
38998
39017
39010
39021
39014
39014
39009
39024
39016
38996
39030
39022
39019
39014
39004
39033
39014
39020
39006
39026
39013
39003
39021
39011
39020
39022
39021
39004
39025
39018
39005
39025
39008
39023
