4355
4068
4026
4098
4194
4288
4372
4441
4493
4539
4570
4592
4614
4630
4636
4645
4651
4655
4660
4658
4660
4662
4659
4661
4657
4656
4656
4655
4655
4656
4654
4653
4653
4653
4654
4655
4655
4660
4655
4653
4652
4652
4651
4652
4654
4651
4654
4652
4653
4653
4668
4653
4652
4652
4655
4652
4655
4648
4654
4651
4652
4651
4654
4651
4654
4652
4654
4650
4654
4651
4653
4651
4655
4654
4653
4650
4653
4653
4655
4653
4653
4650
4654
4651
4655
4652
4660
4653
4655
4651
4655
4654
4652
4653
4656
4655
4654
4652
4653
4652
5080
5391
5432
5416
5385
5332
5281
5241
5210
5181
5157
5135
5114
5094
5076
5058
5044
5022
5006
4989
4973
4957
4941
4925
4904
4888
4875
4860
4844
4829
4813
4796
4781
4777
4797
4814
4827
4840
4851
4860
4868
4873
4881
4885
4886
4892
4896
4899
4895
4893
4887
4875
4887
4891
4872
4879
4887
4883
4885
4876
4871
4881
4889
4880
4887
4879
4885
4868
4873
4880
4887
4879
4887
4868
4873
4881
4888
4884
4879
4881
4886
4878
4883
4878
4875
4880
4881
4880
4885
4867
4874
4882
4884
4526
4109
4018
4075
4167
4266
4349
4423
4479
4526
4559
4588
4607
4625
4634
4644
4648
4653
4653
4656
4659
4660
4657
4658
4657
4658
4655
4657
4654
4660
4654
4654
4652
4655
4653
4655
4654
4660
4652
4654
4655
4655
4655
4654
4654
4651
4652
4651
4653
4650
4653
4653
4653
4651
4651
4650
4654
4652
4648
4652
4654
4652
4660
4655
4657
4653
4655
4652
4654
4651
4654
4650
4656
4649
4654
4651
4653
4650
4655
4653
4654
4649
4652
4651
4654
4651
4652
4650
4652
4650
4655
4653
4654
4653
4656
4653
4654
4653
4655
4652
4937
5362
5433
5422
5393
5349
5296
5253
5216
5190
5165
5142
5121
5102
5082
5064
5047
5030
5012
4996
4979
4963
4946
4931
4913
4898
4882
4866
4850
4834
4818
4803
4787
4774
4792
4809
4821
4831
4843
4853
4862
4869
4875
4879
4882
4887
4889
4893
4897
4895
4891
4884
4890
4873
4875
4885
4877
4880
4879
4868
4878
4885
4876
4870
4878
4887
4879
4884
4877
4883
4874
4877
4877
4880
4877
4883
4877
4881
4877
4885
4867
4872
4881
4885
4877
4877
4878
4882
4878
4885
4869
4873
4883
4670
4167
4024
4057
4144
4245
4332
4409
4468
4517
4553
4588
4605
4623
4633
4644
4647
4653
4653
4659
4657
4658
4654
4657
4668
4659
4654
4656
4653
4657
4655
4655
4652
4655
4652
4655
4653
4655
4650
4653
4652
4654
4653
4655
4653
4653
4652
4653
4648
4653
4651
4653
4651
4654
4654
4654
4653
4650
4653
4651
4652
4652
4655
4651
4655
4653
4653
4650
4648
4653
4654
4651
4655
4652
4655
4654
4656
4654
4657
4668
4658
4652
4653
4651
4670
4650
4654
4652
4653
4652
4655
4648
4654
4652
4657
4652
4654
4653
4654
4654
4807
5311
5426
5427
5403
5367
5313
5267
5232
5200
5175
5156
5130
5111
5091
5072
5055
5037
5020
5003
4986
4970
4954
4938
4921
4905
4890
4873
4857
4842
4826
4810
4794
4778
4785
4805
4818
4829
4840
4850
4859
4866
4871
4878
4881
4884
4888
4892
4896
4898
4889
4893
4874
4881
4887
4881
4872
4882
4889
4872
4874
4883
4890
4872
4875
4884
4892
4884
4879
4884
4878
4881
4883
4867
4877
4885
4882
4864
4877
4885
4888
4869
4879
4886
4885
4868
4879
4887
4884
4884
4878
4870
4892
4779
4236
4037
4042
4123
4224
4314
4391
4455
4507
4544
4578
4601
4621
4632
4642
4647
4654
4654
4658
4657
4661
4658
4659
4656
4659
4657
4659
4655
4657
4654
4658
4653
4655
4650
4655
4652
4653
4652
4654
4651
4653
4653
4655
4651
4651
4651
4655
4653
4653
4650
4652
4651
4652
4653
4654
4652
4651
4650
4651
4651
4652
4651
4651
4654
4654
4655
4652
4652
4652
4648
4648
4650
4651
4655
4653
4651
4650
4653
4653
4656
4652
4655
4650
4654
4653
4656
4653
4653
4649
4652
4650
4655
4652
4654
4652
4655
4653
4655
4651
4709
5244
5417
5428
5407
5372
5314
5268
5231
5202
5175
5149
5130
5108
5090
5071
5054
5035
5018
5001
4985
4969
4952
4936
4920
4904
4892
4871
4856
4836
4824
4807
4792
4776
4784
4804
4818
4844
4845
4854
4863
4871
4878
4883
4886
4889
4893
4896
4899
4896
4893
4877
4879
4887
4892
4874
4892
4888
4881
4887
4878
4886
4879
4878
4880
4878
4882
4884
4881
4875
4881
4887
4868
4875
4883
4886
4880
4884
4880
4876
4882
4881
4881
4881
4882
4879
4881
4878
4882
4881
4877
4873
4882
4877
4866
4877
4884
4885
4882
4881
4881
4881
4880
4892
4879
4877
4878
4877
4880
4875
4881
4879
4866
4875
4882
4886
4879
4883
4880
4881
4879
4886
4867
4874
4882
4886
4866
4876
4882
4888
4871
4875
4883
4880
4880
4885
4866
4877
4884
4880
4880
4880
4882
4892
4892
4879
4881
4878
4879
4873
4882
4882
4867
4877
4884
4887
4868
4877
4885
4884
4881
4881
4881
4881
4881
4885
4866
4876
4883
4884
4881
4880
4867
4877
4882
4884
4881
4885
4867
4872
4884
4882
4881
4879
4866
4876
4883
4886
4879
4882
4866
4874
4881
4887
4877
4871
4879
4886
4877
4883
4886
4867
4875
4881
4883
4879
4885
4878
4884
4876
4884
4877
4883
4872
4881
4874
4881
4878
4879
4882
4877
4886
4877
4883
4872
4882
4877
4881
4880
4880
4885
4867
4874
4882
4887
4879
4880
4877
4867
4878
4885
4884
4881
4887
4878
4880
4865
4873
4880
4887
4890
4871
4876
4883
4886
4880
4887
4878
4885
4876
4883
4876
4884
4877
4883
4875
4882
4877
4865
4875
4882
4888
4879
4885
4878
4869
4878
4884
4889
4881
4880
4881
4885
4878
4877
4878
4886
4877
4883
4877
4867
4878
4883
4883
4881
4886
4878
4870
4879
4886
4892
4885
4880
4867
4878
4884
4886
4881
4882
4879
4885
4868
4873
4881
4887
4885
4883
4888
4869
4875
4883
4889
4881
4886
4876
4884
4880
4883
4878
4882
4882
4880
4886
4864
4874
4882
4887
4879
4885
4876
4883
4886
4867
4876
4883
