9492
9291
9334
9460
9584
9665
9720
9745
9752
9750
9749
9749
9747
9742
9740
9739
9741
9740
9739
9741
9738
9733
9738
9733
9740
9739
9738
9739
9737
9735
9738
9737
9738
9734
9736
9736
9740
9736
9735
9739
9739
9737
9736
9736
9737
9734
9733
9732
9737
9735
9735
9736
9735
9737
9736
9738
9738
9735
9735
9735
9738
9735
9735
9736
9736
9735
9735
9737
9739
9739
9738
9738
9734
9736
9737
9735
9737
9737
9735
9737
9735
9737
9735
9735
9735
9735
9739
9741
9737
9739
9737
9735
9736
9737
9741
9773
10142
10254
10241
10134
10039
9965
9899
9839
9811
9829
9841
9848
9861
9850
9852
9862
9853
9848
9851
9859
9853
9851
9849
9857
9851
9857
9847
9857
9856
9847
9854
9852
9852
9846
9854
9863
9844
9857
9853
9854
9859
9847
9846
9850
9858
9852
9854
9856
9848
9855
9858
9850
9857
9853
9849
9848
9861
9849
9852
9849
9856
9847
9849
9858
9847
9859
9846
9854
9858
9850
9858
9849
9888
9854
9856
9844
9851
9859
9853
9849
9855
9849
9851
9849
9858
9849
9850
9858
9847
9854
9862
9854
9845
9856
9488
9289
9337
9468
9584
9663
9716
9742
9755
9757
9748
9747
9744
9746
9741
9740
9737
9737
9741
9738
9740
9740
9738
9738
9738
9740
9739
9740
9738
9736
9735
9736
9739
9740
9742
9740
9740
9738
9740
9738
9738
9736
9737
9738
9738
9742
9740
9737
9735
9739
9740
9742
9742
9742
9738
9737
9742
9741
9741
9738
9737
9742
9745
9743
9740
9741
9741
9741
9737
9737
9738
9741
9739
9739
9740
9741
9740
9737
9738
9738
9738
9739
9741
9743
9738
9737
9737
9738
9738
9739
9738
9739
9738
9737
9737
9766
10135
10254
10238
10124
10029
9955
9891
9833
9829
9839
9848
9845
9854
9854
9853
9855
9854
9857
9852
9852
9854
9849
9860
9852
9852
9862
9847
9854
9849
9857
9846
9851
9847
9855
9854
9848
9854
9859
9858
9846
9851
9858
9847
9855
9859
9852
9846
9852
9858
9860
9846
9857
9853
9854
9848
9858
9853
9849
9848
9856
9853
9855
9844
9856
9857
9850
9850
9847
9860
9861
9847
9854
9849
9857
9849
9850
9860
9846
9853
9858
9841
9859
9848
9856
9858
9848
9853
9847
9856
9851
9849
9846
9853
9850
9516
9293
9332
9460
9579
9665
9715
9743
9753
9754
9750
9748
9743
9740
9743
9741
9737
9736
9738
9738
9739
9732
9735
9735
9737
9738
9738
9736
9740
9737
9737
9739
9740
9741
9737
9738
9737
9739
9742
9743
9741
9739
9738
9737
9738
9739
9741
9737
9737
9738
9739
9739
9740
9739
9738
9738
9737
9740
9741
9740
9738
9738
9739
9736
9740
9744
9739
9738
9739
9738
9735
9738
9740
9740
9740
9740
9742
9739
9734
9734
9734
9738
9739
9742
9740
9740
9738
9739
9740
9738
9738
9742
9737
9740
9740
9763
10134
10254
10243
10137
10038
9964
9899
9840
9819
9834
9847
9851
9854
9854
9849
9854
9862
9856
9849
9858
9854
9849
9848
9856
9849
9855
9845
9858
9852
9848
9857
9855
9852
9855
9857
9850
9848
9857
9850
9845
9854
9851
9859
9850
9852
9848
9856
9857
9850
9856
9849
9850
9847
9856
9851
9849
9860
9845
9858
9845
9850
9857
9853
9854
9851
9856
9853
9850
9853
9851
9854
9851
9853
9859
9849
9851
9848
9857
9851
9847
9844
9858
9847
9858
9855
9846
9849
9857
9861
9851
9845
9852
9849
9857
9538
9297
9325
9455
9577
9660
9713
9744
9751
9750
9750
9747
9744
9742
9741
9737
9737
9735
9733
9738
9735
9737
9739
9736
9732
9735
9735
9739
9740
9737
9738
9735
9737
9739
9738
9741
9737
9737
9741
9737
9735
9736
9736
9737
9740
9741
9742
9740
9738
9738
9737
9737
9735
9739
9742
9741
9739
9738
9736
9735
9736
9737
9740
9739
9739
9738
9737
9740
9738
9737
9740
9741
9739
9738
9736
9737
9738
9740
9740
9736
9738
9734
9737
9740
9739
9742
9742
9738
9738
9738
9737
9736
9738
9739
9737
9752
10120
10255
10246
10147
10046
9971
9905
9846
9808
9829
9842
9848
9851
9852
9849
9854
9855
9850
9848
9856
9862
9852
9855
9857
9844
9855
9854
9853
9853
9860
9850
9854
9859
9849
9843
9862
9852
9844
9848
9848
9858
9848
9850
9858
9862
9852
9846
9852
9857
9849
9849
9857
9852
9848
9853
9851
9857
9847
9858
9850
9851
9857
9854
9853
9846
9852
9858
9849
9856
9851
9848
9848
9853
9861
9850
9851
9846
9854
9857
9850
9855
9851
9858
9850
9851
9857
9840
9855
9858
9851
9855
9852
9856
9853
9850
9848
9853
9861
9851
9853
9848
9857
9854
9854
9860
9851
9855
9848
9853
9849
9858
9858
9849
9855
9851
9859
9849
9850
9858
9849
9852
9849
9856
9847
9852
9857
9860
9851
9847
9852
9849
9855
9847
9851
9858
9852
9847
9846
9852
9859
9852
9853
9847
9856
9858
9849
9846
9853
9861
9853
9845
9852
9858
9856
9849
9846
9854
9860
9850
9845
9852
9860
9853
9852
9858
9848
9852
9854
9851
9845
9888
9853
9848
9852
9861
9853
9847
9842
9863
9850
9861
9847
9854
9863
9854
9847
9850
9857
9855
9851
9857
9846
9857
9847
9851
9857
9856
9847
9851
9861
9845
9863
9850
9862
9849
9842
9849
9859
9853
9857
9848
9848
9853
9859
9850
9860
9843
9848
9983
9854
9900
9855
9848
9853
9860
9844
9862
9849
9850
9855
9857
9846
9848
9859
9843
9850
9855
9848
9858
9842
9860
9846
9852
9859
9849
9847
9861
9849
9855
9857
9856
9846
9854
9853
9851
9859
9853
9851
9847
9854
9853
9857
9846
9853
9854
9853
9851
9844
9849
9857
9844
9862
9848
9848
9860
9851
9856
9854
9845
9850
9855
9854
9845
9852
9858
9853
9845
9860
9859
9848
9842
9846
9852
9845
9853
9856
9856
9846
9852
9857
9849
9855
9847
9857
9852
9845
9861
9848
9853
9857
9846
9847
9852
9857
9855
9845
9861
9856
9851
9857
9843
9848
9862
9849
9858
9847
9856
9849
9900
9845
9854
9856
9849
9859
9855
9839
9859
9846
9857
9854
9852
9856
9853
9850
9847
9854
9851
9859
9844
9850
9857
9850
9854
9857
9858
9848
9857
9845
