35807
36939
37227
37183
37173
37167
37170
37171
37168
37174
37167
37176
37164
37169
37172
37152
37183
37169
37170
37172
37179
37164
37168
37170
37170
37156
37172
37175
37165
37175
37176
37167
37169
37173
37174
37178
37172
37168
37174
37176
37171
37162
37168
37181
37174
37167
37176
37171
37171
37166
37167
37164
37162
37173
37161
37166
37171
37158
37168
37174
37168
37169
37163
37171
37172
37159
37169
37167
37170
37167
37167
37160
37170
37173
37175
37173
37169
37175
37177
37180
37172
37171
37172
37162
37175
37179
37176
37169
37169
37175
37169
37170
37167
37161
37164
37604
38857
37713
37652
37654
37664
37653
37657
37649
37648
37661
37663
37649
37668
37655
37673
37653
37645
37656
37662
37651
37649
37662
37653
37655
37652
37649
37665
37659
37655
37651
37658
37655
37651
37661
37655
37655
37650
37648
37655
37655
37639
37664
37644
37659
37652
37638
37665
37655
37635
37664
37656
37644
37669
37656
37654
37650
37662
37658
37634
37650
37659
37653
37655
37659
37646
37651
37659
37630
37650
37647
37653
37645
37642
37650
37660
37640
37663
37647
37661
37648
37661
37656
37653
37657
37650
37660
37662
37650
37662
37646
37666
37643
37660
37647
35926
36855
37230
37186
37165
37164
37165
37165
37164
37170
37170
37162
37159
37169
37160
37162
37174
37154
37161
37166
37167
37164
37166
37172
37163
37164
37160
37151
37159
37165
37149
37156
37169
37164
37166
37169
37163
37158
37170
37166
37157
37167
37163
37163
37165
37165
37163
37160
37167
37167
37168
37158
37167
37167
37171
37167
37159
37163
37154
37173
37163
37173
37164
37162
37165
37159
37158
37169
37158
37157
37158
37163
37153
37165
37162
37157
37160
37162
37154
37154
37165
37151
37150
37160
37158
37154
37164
37162
37157
37163
37161
37160
37157
37160
37157
37461
38927
37751
37645
37646
37645
37641
37654
37656
37643
37648
37667
37655
37636
37653
37654
37650
37658
37646
37663
37655
37644
37647
37651
37667
37651
37639
37661
37645
37658
37645
37664
37658
37652
37643
37660
37656
37652
37649
37640
37656
37655
37657
37660
37646
37649
37654
37643
37648
37660
37652
37660
37648
37646
37658
37632
37653
37660
37647
37644
37649
37651
37652
37648
37652
37647
37649
37669
37652
37657
37646
37664
37639
37657
37649
37651
37643
37650
37654
37648
37652
37660
37648
37655
37657
37653
37643
37645
37654
37647
37647
37648
37651
37647
37643
36011
36796
37220
37185
37156
37168
37155
37157
37152
37157
37153
37161
37157
37158
37168
37158
37155
37156
37149
37157
37166
37155
37154
37136
37156
37159
37157
37164
37158
37154
37168
37153
37159
37155
37160
37163
37166
37162
37167
37165
37157
37161
37167
37168
37165
37165
37163
37168
37167
37165
37177
37161
37165
37178
37171
37177
37179
37165
37177
37177
37169
37170
37173
37165
37175
37173
37176
37167
37174
37159
37166
37152
37170
37161
37166
37156
37158
37166
37164
37169
37172
37170
37172
37169
37172
37181
37167
37161
37168
37167
37161
37171
37170
37169
37166
37349
38992
37797
37645
37655
37655
37662
37647
37657
37663
37663
37649
37655
37650
37655
37659
37666
37643
37657
37657
37647
37655
37647
37661
37652
37659
37654
37669
37651
37654
37664
37656
37644
37650
37654
37662
37642
37648
37659
37649
37641
37666
37648
37645
37670
37651
37655
37664
37639
37668
37647
37656
37659
37665
37665
37660
37652
37643
37661
37656
37660
37662
37652
37660
37644
37661
37667
37643
37666
37663
37649
37663
37654
37659
37647
37666
37669
37642
37659
37654
37644
37663
37644
37665
37657
37651
37658
37655
37666
37653
37648
37662
37648
37655
37649
36123
36715
37223
37201
37163
37169
37170
37162
37172
37168
37168
37162
37179
37167
37164
37179
37170
37170
37176
37170
37167
37167
37173
37165
37169
37160
37171
37157
37167
37166
37168
37169
37169
37158
37163
37173
37170
37162
37174
37152
37164
37165
37162
37167
37165
37169
37170
37167
37169
37169
37166
37158
37165
37171
37167
37167
37165
37169
37171
37163
37164
37166
37157
37166
37170
37163
37166
37162
37170
37170
37164
37168
37164
37171
37173
37169
37175
37177
37170
37165
37174
37169
37171
37169
37171
37172
37175
37166
37174
37167
37170
37175
37174
37171
37173
37265
39000
37840
37642
37660
37652
37653
37661
37661
37660
37645
37654
37650
37654
37642
37648
37661
37663
37650
37655
37657
37665
37658
37644
37658
37666
37647
37656
37660
37660
37663
37661
37665
37659
37657
37656
37652
37652
37670
37650
37657
37665
37656
37648
37647
37650
37648
37654
37656
37650
37659
37651
37657
37654
37655
37647
37654
37650
37670
37652
37655
37659
37659
37652
37654
37656
37667
37658
37663
37651
37651
37664
37642
37657
37650
37667
37660
37650
37649
37657
37660
37651
37643
37658
37666
37643
37677
37637
37665
37646
37658
37666
37657
37653
37639
37657
37654
37653
37646
37657
37658
37669
37650
37659
37652
37649
37657
37655
37657
37661
37651
37659
37665
37656
37649
37668
37659
37651
37654
37662
37651
37665
37642
37662
37657
37659
37649
37649
37664
37655
37659
37671
37654
37658
37656
37650
37660
37666
37666
37652
37656
37649
37651
37659
37658
37655
37643
37656
37660
37647
37652
37654
37632
37660
37659
37647
37653
37650
37664
37639
37657
37657
37658
37651
37667
37651
37666
37647
37654
37659
37650
37653
37661
37653
37659
37663
37658
37648
37661
37639
37670
37647
37651
37662
37650
37652
37667
37667
37653
37659
37646
37653
37666
37660
37649
37640
37655
37658
37649
37657
37655
37654
37645
37669
37638
37657
37664
37656
37644
37656
37661
37656
37640
37653
37656
37644
37644
37651
37657
37640
37653
37654
37635
37638
37659
37653
37638
37655
37654
37641
37659
37638
37658
37642
37646
37656
37648
37645
37644
37653
37651
37655
37637
37654
37630
37640
37645
37638
37660
37648
37635
37662
37649
37653
37647
37655
37653
37648
37650
37642
37656
37665
37643
37647
37634
37656
37658
37628
37656
37656
37662
37635
37657
37652
37641
37658
37645
37659
37640
37668
37645
37662
37650
37638
37660
37648
37653
37654
37645
37651
37656
37650
37657
37643
37657
37645
37654
37637
37656
37653
37660
37664
37650
37647
37657
37644
37659
37644
37633
37659
37659
37643
37665
37642
37659
37642
37663
37643
37662
37659
37659
37659
37649
37670
37648
37646
37668
37644
37655
37657
37667
37641
37664
37656
37660
37644
37663
37638
37656
37663
37641
37660
37648
37653
37641
37643
37660
37647
37655
37644
37658
37658
37662
37643
37669
37647
37660
37653
37661
