4397
4159
4109
4159
4240
4319
4394
4449
4498
4535
4567
4586
4601
4612
4622
4628
4630
4630
4633
4634
4633
4632
4631
4629
4629
4631
4629
4631
4627
4629
4629
4630
4629
4628
4627
4628
4625
4626
4626
4628
4626
4627
4624
4628
4625
4629
4627
4629
4623
4628
4626
4628
4626
4627
4613
4627
4624
4627
4625
4627
4626
4628
4627
4630
4626
4627
4626
4628
4624
4627
4626
4629
4626
4626
4624
4627
4624
4626
4626
4627
4626
4631
4627
4628
4627
4628
4630
4628
4627
4627
4626
4627
4625
4626
4627
4626
4624
4625
4692
5103
5222
5240
5228
5204
5162
5118
5084
5056
5032
5010
4990
4970
4954
4937
4920
4904
4889
4874
4858
4843
4827
4813
4798
4783
4769
4754
4740
4725
4717
4738
4755
4767
4778
4786
4794
4801
4807
4799
4806
4799
4801
4787
4799
4813
4804
4794
4806
4801
4804
4804
4736
4798
4804
4796
4796
4805
4800
4795
4806
4803
4795
4806
4807
4809
4793
4800
4810
4796
4800
4807
4791
4803
4810
4804
4800
4803
4805
4792
4797
4808
4803
4800
4807
4797
4798
4807
4801
4797
4807
4801
4802
4791
4492
4183
4106
4145
4224
4309
4382
4444
4492
4531
4562
4585
4599
4609
4617
4625
4628
4632
4634
4635
4632
4635
4632
4633
4630
4630
4631
4631
4629
4630
4630
4630
4628
4626
4625
4628
4624
4627
4625
4629
4626
4628
4627
4631
4628
4631
4625
4626
4624
4627
4625
4628
4623
4628
4626
4629
4613
4626
4624
4627
4624
4628
4627
4628
4626
4628
4628
4631
4625
4626
4627
4630
4629
4626
4625
4629
4626
4627
4625
4628
4629
4628
4626
4629
4626
4627
4626
4627
4626
4626
4627
4624
4626
4626
4627
4627
4627
4626
4646
5056
5214
5238
5229
5207
5164
5119
5085
5057
5032
5010
4990
4972
4954
4936
4920
4905
4889
4873
4858
4843
4827
4812
4798
4783
4768
4754
4738
4725
4715
4737
4754
4767
4776
4787
4793
4757
4806
4811
4792
4799
4809
4801
4803
4804
4797
4803
4804
4793
4795
4806
4807
4793
4804
4803
4806
4801
4803
4806
4791
4736
4809
4793
4800
4810
4795
4736
4810
4798
4800
4809
4803
4800
4794
4806
4801
4803
4806
4802
4799
4803
4801
4801
4807
4798
4797
4807
4802
4797
4808
4802
4798
4808
4581
4215
4109
4133
4208
4295
4369
4434
4483
4525
4555
4579
4593
4608
4617
4623
4625
4629
4631
4633
4632
4632
4628
4632
4630
4631
4631
4632
4627
4627
4627
4629
4626
4629
4627
4631
4629
4630
4627
4628
4625
4629
4627
4629
4626
4629
4624
4627
4627
4629
4626
4629
4627
4629
4624
4629
4627
4626
4626
4628
4625
4625
4626
4628
4627
4629
4626
4628
4626
4624
4625
4628
4628
4626
4626
4626
4628
4628
4627
4627
4626
4624
4627
4625
4625
4626
4627
4625
4628
4627
4627
4625
4628
4627
4624
4627
4626
4625
4627
4974
5204
5240
5235
5213
5182
5135
5098
5068
5042
5020
5005
4977
4961
4945
4927
4913
4896
4880
4865
4849
4835
4820
4805
4791
4776
4760
4747
4732
4717
4715
4736
4752
4764
4775
4783
4791
4798
4804
4810
4815
4817
4798
4810
4803
4796
4808
4804
4795
4808
4802
4799
4807
4796
4797
4807
4801
4809
4792
4804
4804
4796
4804
4801
4803
4802
4801
4806
4789
4802
4808
4803
4801
4793
4806
4803
4794
4806
4801
4804
4801
4798
4806
4791
4801
4808
4792
4803
4804
4806
4804
4794
4807
4651
4246
4112
4123
4194
4282
4358
4424
4476
4520
4551
4577
4592
4609
4613
4625
4628
4629
4630
4634
4630
4631
4631
4631
4629
4632
4631
4631
4626
4628
4626
4628
4627
4629
4624
4626
4626
4629
4627
4626
4625
4625
4624
4627
4624
4627
4627
4628
4624
4627
4626
4626
4613
4626
4626
4626
4624
4625
4625
4626
4626
4625
4626
4627
4627
4628
4626
4626
4625
4626
4627
4625
4627
4626
4627
4623
4626
4625
4628
4627
4628
4627
4629
4628
4627
4628
4627
4613
4626
4627
4628
4624
4625
4627
4628
4624
4629
4624
4626
4883
5136
5237
5237
5218
5186
5137
5099
5069
5042
5019
4999
4980
4962
4944
4929
4911
4896
4881
4865
4850
4835
4819
4805
4789
4773
4761
4746
4732
4717
4725
4748
4762
4773
4783
4790
4798
4806
4799
4805
4798
4802
4800
4802
4789
4797
4809
4802
4805
4791
4802
4807
4805
4796
4797
4806
4802
4803
4806
4801
4803
4795
4803
4806
4792
4804
4801
4805
4801
4802
4805
4801
4801
4793
4805
4805
4793
4807
4808
4794
4806
4808
4794
4805
4804
4801
4805
4802
4795
4806
4807
4803
4804
4802
4799
4806
4808
4794
4805
4799
4793
4807
4803
4795
4807
4802
4804
4805
4801
4799
4806
4796
4797
4807
4797
4797
4805
4792
4799
4809
4795
4799
4809
4804
4800
4799
4802
4803
4800
4803
4803
4800
4788
4800
4809
4794
4799
4809
4796
4800
4809
4798
4799
4808
4803
4799
4802
4804
4801
4803
4790
4802
4807
4803
4800
4808
4790
4802
4810
4793
4803
4804
4807
4793
4798
4809
4797
4799
4807
4802
4804
4806
4801
4803
4801
4803
4803
4792
4804
4807
4792
4804
4808
4793
4804
4811
4793
4805
4805
4807
4791
4798
4809
4802
4804
4805
4800
4803
4789
4800
4809
4796
4799
4808
4796
4797
4807
4803
4807
4803
4798
4808
4799
4797
4807
4801
4795
4806
4807
4807
4802
4798
4807
4792
4798
4807
4805
4793
4805
4806
4792
4804
4807
4792
4802
4808
4805
4801
4799
4804
4808
4792
4804
4802
4805
4801
4802
4804
4810
4793
4803
4798
4807
4802
4795
4806
4803
4793
4807
4800
4803
4803
4800
4807
4794
4797
4807
4808
4794
4805
4809
4793
4803
4808
4791
4802
4808
4803
4756
4793
4805
4805
4806
4801
4803
4805
4801
4802
4804
4803
4791
4803
4805
4791
4802
4811
4795
4800
4810
4795
4798
4811
4803
4800
4803
4799
4806
4789
4801
4808
4791
4801
4808
4802
4804
4805
4803
4794
4806
4801
4793
4806
4805
4792
4805
4806
4806
4794
4797
4807
4803
4809
4796
4799
4808
4804
4807
4803
4803
4807
4789
4752
4808
4801
4797
4806
4802
4795
4806
