70845
74053
73992
73994
74002
73998
73998
73995
73989
73987
73986
74004
74001
74019
73998
73995
74001
73987
73989
73984
74003
73998
73998
73999
73998
74002
73998
74005
74008
74006
73998
73997
74009
73984
73997
73978
73992
73993
73996
73985
73995
74006
74003
73994
73998
73994
73994
73996
73994
74000
73991
73994
73982
74000
73988
73986
73991
74000
74002
73994
73997
73994
74002
74003
74000
73997
74000
73989
74007
73997
73993
74002
73992
73981
73978
73987
73996
73983
73991
73994
73989
73995
73993
74001
73983
73988
73994
73986
73989
73980
73983
73986
73991
73996
73985
73987
73985
73984
80426
77151
76577
76778
76791
76772
76778
76779
76799
76786
76764
76788
76775
76783
76781
76772
76781
76787
76782
76765
76769
76784
76777
76767
76764
76767
76782
76777
76751
76776
76766
76777
76790
76759
76782
76768
76772
76770
76769
76772
76778
76790
76773
76779
76773
76789
76769
76769
76780
76769
76776
76789
76779
76781
76776
76787
76783
76769
76777
76770
76779
76769
76775
76772
76787
76774
76753
76778
76769
76777
76754
76780
76771
76764
76776
76770
76772
76783
76782
76771
76768
76758
76760
76780
76775
76759
76771
76763
76758
76757
76767
76778
76775
76753
72551
73660
74005
73986
73985
73987
73977
73991
73980
73980
73980
73979
73981
73973
73996
73993
73986
73990
73989
73990
73996
74005
73993
73989
73980
73986
73989
74000
73981
73977
73993
73984
73986
73991
73982
73979
73975
73991
73993
73980
73989
73985
73985
73977
73992
73992
73986
73983
73983
73993
73999
73984
73995
74000
73995
73999
73987
73995
73994
73998
73999
74002
74001
73995
73982
73998
74001
73984
74007
73997
73999
73988
73983
73996
73994
73999
74005
73994
73994
73987
73989
73983
73988
73981
73996
73987
73987
73995
73996
73986
73982
73994
73990
73992
73986
73992
73976
73974
77205
79347
76255
76786
76777
76760
76771
76763
76782
76759
76764
76766
76763
76780
76763
76781
76771
76764
76769
76766
76751
76777
76754
76758
76755
76755
76764
76761
76774
76767
76789
76761
76777
76753
76793
76770
76778
76769
76774
76779
76772
76783
76767
76771
76752
76747
76781
76756
76768
76762
76758
76770
76772
76779
76771
76767
76772
76777
76770
76761
76759
76770
76772
76778
76760
76772
76764
76770
76769
76780
76764
76783
76752
76758
76742
76755
76759
76761
76764
76768
76755
76768
76757
76748
76750
76766
76746
76779
76751
76775
76767
76785
76778
76776
76699
70838
74035
73981
73973
73969
73983
73979
73973
73967
73985
73974
73960
73975
73977
73966
73974
73964
73976
73970
73974
73977
74048
73977
73973
73974
73966
73986
73985
73977
73974
73979
73982
73980
73980
73979
73984
73974
73967
73982
73978
73987
73985
73978
73982
73976
73999
73993
73988
73993
73992
73982
73967
73968
73972
73972
73980
73977
73978
73991
73974
73980
73977
73990
73984
73976
73988
73976
73961
73981
73983
73964
73992
73989
73973
73974
73975
73969
73965
73976
73972
73982
73980
73966
73982
73965
73973
73972
73952
73964
73969
73962
73966
73977
73972
73983
73973
73973
73969
80438
77084
76586
76756
76767
76758
76775
76754
76757
76773
76767
76748
76758
76745
76753
76747
76766
76766
76747
76762
76765
76756
76728
76763
76757
76757
76766
76756
76767
76767
76754
76762
76745
76756
76750
76757
76762
76751
76767
76760
76762
76742
76771
76767
76770
76754
76767
76750
76764
76750
76768
76755
76766
76754
76758
76762
76756
76759
76759
76766
76757
76744
76766
76754
76748
76757
76747
76761
76755
76755
76762
76760
76768
76744
76753
76749
76741
76751
76751
76774
76768
76748
76770
76757
76771
76764
76759
76776
76737
76777
76748
76743
76765
76754
72522
73672
74007
73973
73973
73970
73951
73966
73957
73958
73960
73956
73960
73954
73953
73968
73963
73963
73963
73965
73968
73965
73970
73984
73980
73970
73973
73969
73963
73973
73970
73972
73985
73977
73977
73974
73964
73977
73960
73975
73967
73968
73966
73978
73968
73967
73966
73967
73965
73969
73959
73963
73963
73965
73970
73967
73971
73986
73979
73979
73973
73971
73976
73992
73974
73974
73985
73986
73985
73984
73980
73990
73979
73980
73975
73983
73982
73985
73986
73985
73973
73973
73974
73979
73966
73959
73967
73961
73966
73982
73974
73979
73966
73979
73964
73971
73965
73981
77187
79279
76279
76758
76766
76758
76778
76758
76769
76759
76750
76761
76759
76775
76772
76777
76761
76775
76781
76760
76769
76759
76753
76771
76766
76767
76752
76775
76765
76768
76759
76756
76767
76763
76747
76761
76757
76772
76754
76765
76742
76758
76752
76753
76760
76773
76759
76775
76761
76773
76772
76767
76769
76761
76764
76770
76754
76747
76767
76739
76759
76768
76756
76763
76760
76765
76751
76751
76748
76751
76749
76758
76760
76739
76758
76742
76750
76755
76733
76747
76731
76747
76763
76758
76753
76741
76757
76759
76770
76752
76771
76746
76779
76752
76749
76745
76769
76746
76742
76754
76744
76749
76771
76722
76758
76759
76763
76769
76760
76781
76768
76777
76761
76757
76743
76761
76759
76750
76759
76747
76740
76748
76759
76743
76764
76758
76768
76746
76741
76751
76723
76758
76734
76758
76746
76741
76763
76752
76753
76746
76749
76751
76752
76749
76737
76746
76743
76756
76765
76760
76754
76745
76753
76770
76763
76749
76777
76777
76752
76777
76764
76782
76768
76762
76755
76754
76776
76764
76775
76785
76774
76770
76784
76782
76760
76752
76773
76775
76757
76786
76762
76770
76774
76770
76774
76764
76755
76756
76780
76753
76772
76748
76759
76747
76781
76757
76780
76782
76758
76770
76753
76766
76775
76754
76753
76752
76755
76751
76760
76737
76762
76778
76758
76761
76748
76763
76762
76760
76764
76756
76749
76739
76753
76788
76750
76742
76752
76757
76758
76760
76770
76757
76772
76776
76744
76780
76751
76766
76761
76745
76764
76747
76762
76763
76760
76777
76766
76750
76772
76787
76755
76752
76770
76760
76750
76735
76766
76748
76766
76762
76758
76748
76751
76768
76765
76773
76775
76764
76764
76777
76766
76762
76764
76770
76763
76761
76764
76758
76759
76774
76760
76754
76785
76760
76756
76765
76768
76745
76766
76751
76767
76769
76753
76766
76750
76773
76762
76775
76755
76768
76775
76766
76752
76761
76773
76735
76751
76763
76764
76755
76767
76756
76781
76758
76760
76760
76769
76774
76774
76768
76764
76757
76766
76764
76774
76759
76763
76779
76782
76775
76778
76775
76792
76780
76781
76769
76771
76767
76769
76763
76749
76769
76757
76782
76783
76760
76784
76776
76766
