4308
4076
4028
4073
4155
4233
4304
4362
4408
4444
4473
4493
4507
4519
4512
4533
4534
4537
4539
4539
4539
4538
4536
4535
4536
4535
4534
4537
4533
4533
4536
4536
4535
4535
4532
4534
4531
4532
4531
4533
4531
4532
4530
4535
4532
4534
4532
4535
4530
4534
4532
4534
4532
4535
4530
4533
4530
4534
4531
4534
4532
4535
4533
4536
4531
4533
4532
4535
4530
4533
4532
4534
4532
4531
4531
4533
4530
4532
4531
4534
4532
4536
4533
4534
4532
4535
4535
4534
4533
4535
4532
4533
4532
4531
4533
4531
4531
4531
4599
5002
5117
5135
5123
5100
5059
5017
4984
4956
4932
4912
4892
4874
4858
4841
4825
4811
4794
4779
4764
4750
4735
4721
4706
4693
4677
4663
4650
4633
4626
4646
4663
4675
4685
4694
4703
4708
4715
4707
4714
4707
4708
4695
4706
4715
4711
4701
4714
4708
4711
4711
4709
4707
4712
4705
4703
4713
4709
4702
4714
4711
4702
4714
4714
4716
4702
4707
4718
4703
4707
4715
4698
4710
4716
4710
4707
4710
4712
4700
4704
4715
4710
4707
4713
4705
4704
4714
4708
4704
4713
4708
4709
4698
4403
4100
4025
4061
4139
4221
4293
4353
4403
4439
4469
4491
4505
4515
4521
4530
4532
4537
4540
4540
4538
4540
4537
4538
4535
4536
4533
4537
4534
4535
4534
4533
4533
4531
4531
4533
4530
4532
4531
4534
4531
4534
4533
4537
4534
4535
4531
4529
4530
4533
4529
4534
4531
4534
4532
4535
4530
4532
4530
4532
4530
4534
4532
4534
4532
4533
4533
4534
4529
4532
4532
4535
4535
4533
4531
4535
4532
4533
4531
4534
4534
4534
4532
4534
4535
4534
4532
4531
4530
4533
4532
4531
4531
4532
4533
4534
4532
4533
4552
4957
5111
5134
5125
5103
5062
5017
4985
4957
4934
4912
4892
4875
4856
4840
4823
4809
4793
4777
4763
4747
4733
4718
4705
4690
4676
4662
4647
4634
4625
4646
4662
4675
4684
4693
4701
4707
4714
4719
4700
4706
4716
4709
4711
4712
4707
4710
4711
4700
4703
4713
4715
4700
4711
4710
4713
4708
4710
4714
4697
4705
4716
4701
4707
4717
4702
4708
4717
4704
4707
4716
4710
4708
4701
4713
4708
4711
4712
4709
4706
4711
4707
4710
4714
4706
4704
4715
4710
4704
4715
4710
4707
4716
4490
4133
4029
4053
4125
4211
4282
4346
4393
4434
4464
4488
4500
4515
4523
4529
4533
4536
4538
4540
4538
4539
4536
4538
4536
4538
4537
4539
4534
4535
4532
4535
4533
4533
4533
4537
4534
4537
4533
4536
4529
4535
4533
4535
4533
4536
4531
4533
4533
4534
4535
4535
4534
4535
4532
4535
4533
4533
4532
4534
4532
4534
4533
4535
4533
4537
4532
4534
4532
4532
4532
4535
4534
4534
4533
4534
4536
4535
4534
4534
4533
4532
4534
4531
4532
4533
4534
4532
4535
4532
4533
4532
4535
4534
4534
4534
4533
4531
4535
4878
5101
5136
5132
5110
5079
5034
4998
4969
4944
4923
4902
4883
4866
4849
4832
4817
4801
4786
4771
4756
4742
4725
4713
4698
4685
4670
4656
4641
4627
4624
4645
4662
4673
4683
4691
4699
4706
4712
4718
4721
4723
4707
4717
4711
4705
4715
4712
4704
4716
4709
4707
4714
4701
4704
4714
4709
4716
4700
4711
4712
4703
4712
4708
4711
4710
4708
4713
4696
4708
4715
4710
4708
4701
4713
4711
4701
4714
4708
4712
4711
4706
4714
4698
4709
4716
4699
4710
4711
4714
4711
4702
4714
4558
4161
4029
4043
4111
4197
4270
4335
4387
4429
4459
4485
4499
4516
4522
4530
4533
4535
4537
4539
4535
4538
4537
4537
4535
4539
4536
4537
4535
4536
4533
4536
4535
4535
4531
4533
4532
4536
4533
4533
4532
4532
4531
4534
4531
4532
4533
4534
4531
4534
4534
4533
4532
4533
4534
4533
4531
4533
4532
4534
4533
4532
4533
4534
4534
4534
4533
4531
4532
4533
4533
4529
4534
4533
4532
4531
4534
4532
4534
4534
4534
4534
4533
4534
4533
4534
4534
4530
4531
4531
4534
4531
4533
4532
4533
4529
4535
4531
4533
4787
5082
5134
5134
5114
5084
5037
4999
4969
4943
4923
4901
4883
4865
4849
4833
4816
4801
4785
4771
4757
4742
4728
4713
4698
4683
4670
4656
4642
4627
4637
4657
4671
4681
4692
4699
4706
4713
4707
4712
4708
4710
4708
4711
4697
4708
4717
4710
4713
4699
4711
4714
4709
4701
4704
4713
4709
4710
4713
4708
4710
4702
4710
4713
4698
4710
4708
4713
4708
4709
4713
4708
4708
4700
4712
4711
4700
4712
4714
4701
4712
4715
4702
4712
4709
4708
4711
4709
4701
4714
4715
4709
4711
4709
4706
4712
4716
4703
4712
4707
4703
4714
4710
4702
4714
4709
4712
4712
4708
4707
4713
4705
4705
4714
4708
4705
4715
4699
4706
4717
4702
4707
4716
4711
4708
4706
4711
4710
4708
4710
4711
4707
4696
4707
4716
4702
4706
4718
4703
4708
4716
4705
4707
4714
4710
4706
4709
4711
4708
4710
4697
4708
4715
4710
4707
4715
4699
4710
4717
4701
4711
4712
4714
4701
4706
4717
4704
4706
4714
4709
4710
4714
4708
4711
4708
4710
4710
4700
4712
4714
4700
4711
4716
4700
4712
4718
4702
4712
4712
4714
4698
4706
4715
4709
4711
4712
4707
4711
4696
4707
4717
4702
4705
4714
4703
4704
4714
4711
4714
4708
4704
4714
4706
4704
4714
4707
4702
4713
4712
4713
4708
4705
4713
4699
4704
4714
4711
4700
4713
4712
4700
4710
4714
4698
4710
4714
4712
4710
4707
4710
4715
4700
4710
4710
4711
4707
4709
4711
4716
4700
4710
4705
4714
4709
4702
4713
4710
4701
4712
4707
4710
4709
4706
4713
4701
4704
4714
4715
4700
4716
4714
4700
4710
4715
4699
4710
4716
4711
4707
4701
4712
4712
4713
4709
4710
4713
4707
4710
4711
4710
4700
4711
4712
4700
4710
4719
4704
4708
4717
4688
4706
4716
4711
4708
4711
4706
4714
4698
4708
4715
4699
4708
4716
4710
4710
4713
4709
4702
4714
4711
4701
4714
4713
4700
4712
4714
4713
4702
4704
4714
4709
4716
4704
4706
4715
4711
4715
4711
4710
4715
4697
4707
4715
4709
4704
4714
4709
4702
4713
