8013
7693
8088
8444
8693
8850
8939
8991
9021
9038
9040
9044
9041
9043
9042
9042
9038
9038
9032
9030
9035
9034
9034
9033
9032
9033
9030
9031
9031
9031
9034
9036
9036
9035
9037
9031
9032
9035
9035
9035
9032
9035
9031
9032
9031
9032
9036
9036
9034
9036
9037
9037
9030
9030
9032
9035
9033
9032
9033
9035
9029
9033
9031
9032
9028
9032
9034
9033
9034
9033
9033
9032
9034
9035
9034
9034
9037
9034
9034
9034
9032
9033
9035
9034
9033
9035
9036
9033
9036
9034
9034
9032
9031
9032
9032
9037
9034
9034
9037
9035
9028
10474
10920
10765
10565
10429
10331
10249
10177
10110
10046
9985
9925
9866
9805
9745
9691
9631
9575
9515
9458
9401
9390
9462
9518
9561
9595
9613
9633
9627
9615
9615
9591
9603
9606
9607
9595
9601
9596
9599
9605
9595
9607
9589
9605
9607
9593
9607
9600
9592
9605
9600
9685
9606
9593
9608
9592
9608
9599
9609
9590
9597
9609
9596
9609
9599
9601
9605
9591
9598
9610
9594
9606
9608
9594
9601
9604
9597
9597
9613
9599
9603
9607
9603
9607
9598
9605
9595
9608
9606
9591
9604
9604
9600
8953
7648
7880
8284
8593
8787
8905
8972
9011
9031
9043
9044
9045
9043
9042
9037
9035
9040
9035
9033
9034
9032
9034
9033
9035
9036
9033
9034
9032
9034
9036
9037
9031
9031
9032
9031
9034
9034
9035
9036
9036
9030
9035
9037
9036
9034
9029
9030
9034
9039
9034
9034
9035
9036
9035
9036
9034
9034
9034
9034
9033
9031
9036
9038
9032
9034
9033
9032
9035
9034
9034
9034
9036
9035
9032
9034
9033
9033
9034
9031
9034
9034
9035
9036
9037
9035
9033
9034
9036
9034
9033
9033
9032
9032
9033
9034
9034
9034
9034
9036
9034
9611
10907
10853
10651
10486
10374
10285
10209
10137
10074
10013
9954
9892
9833
9774
9714
9655
9597
9539
9482
9425
9376
9434
9498
9551
9586
9610
9627
9646
9618
9603
9616
9600
9607
9599
9601
9603
9597
9609
9606
9592
9606
9605
9601
9598
9598
9608
9605
9607
9592
9603
9607
9599
9608
9605
9595
9608
9605
9598
9605
9589
9598
9606
9607
9605
9606
9595
9607
9605
9599
9610
9606
9599
9606
9592
9612
9609
9595
9595
9611
9599
9602
9605
9600
9607
9610
9601
9593
9607
9599
9612
9595
9596
9583
7959
7702
8102
8454
8700
8856
8943
8996
9022
9038
9043
9046
9041
9038
9037
9034
9031
9035
9034
9038
9032
9030
9031
9036
9034
9033
9034
9034
9031
9033
9031
9035
9033
9034
9034
9036
9034
9035
9034
9036
9033
9034
9035
9034
9036
9036
9034
9038
9039
9035
9032
9032
9038
9036
9033
9037
9035
9038
9034
9035
9031
9031
9033
9035
9035
9036
9036
9036
9031
9031
9034
9034
9035
9033
9034
9034
9030
9029
9033
9035
9036
9035
9034
9035
9036
9034
9034
9035
9032
9035
9034
9035
9036
9035
9031
9035
9035
9036
9034
9036
9036
10540
10917
10751
10549
10416
10318
10239
10168
10100
10038
9977
9916
9858
9797
9738
9680
9622
9562
9505
9448
9389
9396
9474
9532
9574
9605
9623
9642
9627
9614
9610
9606
9609
9595
9597
9612
9596
9601
9604
9601
9605
9600
9605
9601
9597
9591
9602
9604
9605
9590
9599
9604
9604
9602
9606
9602
9597
9611
9595
9594
9611
9597
9603
9605
9597
9609
9594
9609
9607
9591
9600
9612
9596
9602
9602
9602
9592
9607
9601
9597
9608
9607
9608
9595
9608
9602
9597
9605
9593
9606
9604
9590
9601
8920
7642
7894
8290
8592
8772
8902
8972
9008
9033
9042
9047
9044
9046
9040
9039
9035
9035
9035
9039
9034
9032
9034
9033
9037
9033
9034
9031
9031
9032
9031
9033
9038
9035
9035
9033
9032
9033
9032
9032
9034
9037
9034
9035
9032
9033
9029
9031
9034
9035
9033
9036
9035
9034
9034
9032
9035
9033
9032
9030
9035
9034
9035
9032
9031
9030
9031
9033
9036
9032
9029
9032
9031
9033
9030
9036
9036
9033
9035
9036
9033
9032
9034
9033
9031
9034
9034
9032
9032
9032
9032
9032
9032
9032
9031
9033
9032
9034
9036
9031
9036
9603
10905
10856
10635
10473
10362
10274
10198
10129
10065
10005
9945
9884
9823
9764
9706
9648
9590
9532
9473
9416
9377
9441
9507
9557
9594
9612
9630
9637
9614
9614
9608
9597
9599
9607
9607
9607
9593
9607
9607
9602
9605
9602
9591
9609
9607
9593
9608
9602
9595
9597
9613
9597
9602
9609
9605
9601
9590
9608
9606
9591
9592
9607
9609
9595
9611
9596
9603
9614
9598
9604
9597
9601
9595
9608
9601
9599
9610
9610
9592
9607
9603
9604
9595
9597
9612
9597
9609
9590
9601
9603
9605
9605
9613
9603
9601
9606
9601
9609
9592
9607
9604
9605
9603
9601
9604
9607
9592
9610
9603
9586
9609
9599
9601
9610
9605
9601
9594
9597
9613
9597
9603
9608
9599
9605
9604
9593
9608
9604
9602
9612
9597
9610
9603
9606
9603
9607
9598
9606
9591
9608
9611
9664
9610
9596
9609
9610
9592
9606
9604
9599
9601
9607
9610
9595
9615
9597
9600
9604
9604
9607
9590
9605
9599
9603
9592
9607
9608
9603
9609
9597
9609
9595
9609
9596
9607
9591
9602
9612
9595
9611
9607
9600
9605
9587
9611
9596
9609
9595
9599
9611
9612
9594
9608
9601
9602
9589
9609
9592
9605
9604
9608
9598
9598
9601
9611
9601
9608
9593
9607
9607
9600
9587
9612
9593
9597
9610
9600
9599
9592
9608
9606
9601
9595
9608
9597
9612
9598
9608
9602
9608
9593
9604
9602
9592
9609
9607
9589
9606
9601
9605
9600
9586
9602
9604
9600
9612
9594
9608
9593
9605
9598
9611
9588
9608
9607
9596
9604
9601
9605
9593
9609
9607
9605
9585
9607
9601
9611
9585
9610
9603
9597
9604
9604
9595
9607
9591
9608
9589
9612
9595
9600
9603
9602
9597
9605
9604
9589
9594
9606
9606
9592
9597
9602
9602
9596
9607
9597
9596
9603
9602
9588
9605
9607
9599
9600
9597
9601
9603
9604
9589
9609
9596
9610
9608
9603
9597
9598
9600
9611
9593
9598
9608
9600
9606
9602
9599
9589
9605
9606
9589
9602
9604
9613
9589
9613
9596
9610
9590
9664
