9045
8755
8949
9192
9357
9452
9505
9530
9542
9541
9541
9536
9536
9528
9532
9535
9529
9531
9530
9527
9522
9528
9534
9533
9528
9529
9527
9527
9527
9528
9530
9532
9531
9526
9527
9529
9529
9531
9529
9529
9527
9528
9528
9532
9533
9532
9532
9531
9531
9531
9529
9535
9531
9531
9533
9532
9527
9525
9528
9533
9532
9530
9533
9529
9529
9526
9528
9531
9532
9530
9530
9529
9526
9530
9527
9528
9531
9531
9529
9531
9533
9530
9532
9530
9529
9531
9534
9532
9531
9533
9534
9531
9530
9528
9530
9531
9528
10128
10412
10376
10234
10118
10032
9958
9891
9829
9770
9708
9654
9701
9731
9738
9758
9755
9768
9755
9761
9774
9759
9773
9767
9758
9754
9767
9755
9771
9761
9764
9766
9763
9768
9759
9754
9768
9767
9767
9759
9762
9765
9765
9762
9764
9772
9761
9762
9774
9758
9764
9768
9758
9773
9756
9759
9763
9764
9764
9762
9771
9757
9772
9770
9756
9757
9772
9760
9756
9772
9767
9765
9756
9771
9756
9765
9768
9757
9762
9768
9753
9766
9769
9753
9769
9764
9762
9770
9751
9768
9766
9753
9775
9767
9158
8754
8921
9168
9342
9447
9501
9525
9536
9541
9539
9538
9535
9535
9530
9530
9535
9528
9528
9527
9529
9530
9530
9531
9529
9531
9533
9530
9527
9531
9531
9529
9527
9525
9528
9532
9531
9527
9532
9524
9530
9527
9529
9533
9532
9529
9531
9524
9525
9529
9531
9531
9528
9528
9532
9530
9531
9527
9529
9534
9531
9530
9529
9526
9527
9530
9526
9527
9530
9530
9530
9529
9524
9524
9528
9529
9529
9531
9530
9530
9527
9529
9529
9529
9525
9526
9529
9528
9529
9532
9530
9527
9526
9523
9532
9531
9530
10013
10406
10391
10252
10130
10044
9965
9897
9834
9773
9715
9657
9689
9733
9744
9756
9764
9760
9763
9762
9769
9754
9770
9770
9767
9770
9752
9769
9753
9767
9765
9761
9768
9769
9762
9765
9760
9765
9750
9770
9767
9762
9755
9760
9769
9767
9756
9771
9758
9767
9756
9772
9757
9773
9754
9770
9764
9764
9764
9763
9757
9770
9762
9765
9766
9755
9769
9752
9764
9768
9761
9766
9759
9762
9772
9759
9761
9775
9759
9756
9773
9764
9758
9770
9770
9755
9759
9774
9757
9757
9768
9767
9769
9757
9311
8763
8878
9132
9320
9435
9494
9520
9538
9542
9543
9538
9537
9536
9533
9535
9528
9530
9531
9532
9529
9527
9525
9532
9529
9529
9531
9534
9535
9529
9527
9529
9531
9529
9530
9535
9530
9528
9528
9530
9530
9529
9532
9529
9529
9530
9530
9531
9532
9530
9530
9529
9534
9530
9526
9529
9527
9529
9533
9531
9532
9533
9533
9528
9528
9528
9532
9535
9534
9531
9528
9527
9531
9531
9528
9537
9537
9533
9529
9529
9530
9531
9531
9533
9531
9531
9532
9531
9534
9530
9531
9530
9531
9529
9532
9533
9531
9903
10395
10398
10273
10148
10051
9976
9907
9844
9782
9722
9663
9678
9725
9753
9761
9748
9767
9758
9772
9758
9755
9769
9762
9764
9764
9766
9759
9770
9752
9768
9768
9764
9768
9751
9767
9769
9763
9762
9772
9763
9766
9768
9760
9767
9762
9767
9759
9771
9765
9763
9759
9767
9758
9770
9757
9767
9755
9770
9770
9757
9773
9761
9765
9768
9755
9766
9769
9755
9763
9772
9762
9761
9770
9759
9768
9759
9765
9760
9764
9770
9758
9758
9770
9769
9764
9768
9767
9754
9757
9766
9768
9766
9753
9421
8780
8855
9106
9300
9417
9488
9521
9536
9541
9543
9540
9537
9536
9532
9529
9532
9530
9529
9531
9533
9533
9532
9527
9532
9528
9528
9532
9530
9529
9530
9534
9534
9530
9531
9531
9531
9532
9535
9530
9527
9533
9532
9529
9528
9532
9529
9529
9532
9533
9531
9530
9527
9530
9530
9530
9537
9532
9533
9529
9530
9530
9532
9528
9531
9531
9532
9531
9532
9530
9532
9531
9530
9528
9531
9533
9531
9528
9530
9528
9529
9532
9530
9533
9531
9528
9531
9530
9531
9528
9528
9535
9531
9532
9532
9532
9531
9800
10377
10408
10299
10162
10066
9984
9918
9855
9793
9733
9674
9668
9728
9743
9736
9768
9761
9770
9765
9757
9770
9756
9770
9755
9772
9765
9765
9768
9767
9755
9771
9769
9756
9764
9768
9762
9762
9766
9769
9763
9765
9769
9762
9765
9761
9766
9760
9769
9767
9759
9767
9760
9759
9766
9756
9772
9755
9767
9768
9760
9767
9763
9763
9769
9751
9767
9762
9766
9758
9764
9762
9761
9767
9758
9764
9764
9758
9772
9755
9765
9763
9772
9752
9769
9765
9753
9770
9763
9768
9763
9753
9767
9769
9754
9770
9752
9773
9769
9762
9767
9764
9756
9770
9757
9761
9766
9768
9758
9775
9759
9752
9768
9755
9767
9768
9754
9771
9763
9753
9771
9768
9754
9767
9769
9757
9770
9761
9767
9758
9762
9764
9766
9758
9764
9765
9769
9748
9770
9767
9770
9760
9754
9769
9764
9763
9763
9752
9767
9769
9752
9769
9766
9751
9768
9758
9771
9763
9765
9756
9765
9767
9755
9765
9754
9771
9756
9757
9766
9769
9769
9752
9764
9767
9752
9769
9751
9761
9772
9759
9762
9768
9767
9757
9760
9766
9756
9758
9773
9755
9770
9750
9770
9756
9769
9762
9758
9769
9750
9764
9772
9755
9772
9750
9774
9755
9763
9766
9758
9762
9760
9766
9755
9769
9751
9762
9763
9767
9755
9767
9763
9765
9765
9747
9772
9766
9763
9758
9766
9762
9758
9755
9767
9763
9761
9753
9767
9753
9772
9765
9759
9756
9771
9749
9765
9755
9768
9754
9772
9751
9766
9761
9755
9766
9764
9762
9758
9762
9761
9766
9760
9751
9770
9758
9766
9753
9770
9755
9771
9752
9772
9768
9753
9764
9764
9763
9764
9750
9768
9761
9768
9749
9769
9755
9769
9753
9770
9765
9750
9772
9768
9753
9767
9758
9764
9766
9766
9755
9766
9760
9764
9750
9768
9765
9749
9769
9762
9763
9752
9754
9769
9759
9763
9769
9752
9772
9767
9753
9768
9747
9773
9757
9766
9758
9756
9767
9751
9769
9765
9765
9752
9769
9765
9753
9760
9770
9753
9768
9757
9771
9756
9760
9765
9755
9765
9763
9757
9764
9760
9762
9761
9762
9766
9758
