2113
1975
1898
1863
1857
1868
1891
1915
1941
1968
1994
2018
2038
2058
2078
2095
2109
2121
2134
2145
2153
2160
2169
2176
2181
2184
2190
2194
2196
2199
2202
2204
2206
2206
2207
2210
2210
2211
2211
2212
2209
2211
2212
2213
2212
2212
2212
2212
2213
2211
2211
2212
2213
2211
2211
2211
2211
2210
2211
2212
2212
2210
2210
2211
2210
2208
2209
2211
2212
2209
2208
2210
2210
2210
2207
2211
2211
2211
2209
2211
2210
2209
2209
2209
2210
2210
2210
2210
2211
2210
2209
2210
2211
2210
2209
2210
2211
2210
2209
2210
2211
2210
2308
2536
2628
2668
2680
2681
2675
2667
2657
2646
2632
2616
2603
2591
2582
2572
2561
2556
2549
2542
2537
2532
2526
2522
2516
2511
2507
2503
2498
2494
2491
2485
2483
2477
2474
2471
2465
2463
2458
2455
2451
2444
2443
2440
2436
2432
2429
2425
2421
2417
2414
2411
2407
2404
2397
2396
2393
2389
2387
2381
2378
2375
2371
2367
2364
2361
2356
2353
2350
2346
2342
2339
2335
2332
2328
2325
2321
2318
2314
2311
2307
2304
2301
2297
2299
2306
2311
2314
2319
2322
2325
2142
1975
1895
1858
1851
1863
1884
1909
1936
1964
1991
2015
2036
2058
2078
2094
2108
2122
2135
2145
2153
2162
2171
2178
2181
2186
2189
2195
2195
2198
2203
2205
2205
2206
2209
2211
2210
2211
2213
2213
2213
2213
2214
2214
2212
2212
2213
2214
2213
2212
2212
2213
2212
2211
2213
2214
2213
2210
2211
2212
2212
2210
2211
2209
2211
2211
2210
2210
2209
2209
2210
2211
2211
2209
2210
2212
2211
2210
2209
2210
2210
2209
2210
2212
2210
2209
2210
2211
2211
2209
2209
2210
2211
2209
2210
2210
2210
2211
2209
2211
2210
2209
2261
2516
2620
2665
2680
2682
2675
2667
2659
2649
2633
2617
2604
2592
2582
2573
2565
2558
2551
2544
2538
2533
2527
2522
2517
2513
2508
2504
2499
2495
2491
2486
2482
2478
2474
2470
2466
2462
2459
2455
2451
2447
2443
2437
2435
2432
2428
2426
2421
2417
2414
2411
2406
2403
2399
2396
2392
2389
2386
2382
2378
2374
2371
2368
2363
2359
2357
2353
2349
2346
2343
2339
2336
2332
2329
2324
2321
2318
2314
2311
2307
2544
2300
2296
2301
2307
2313
2315
2320
2322
2326
2199
1998
1907
1863
1851
1862
1881
1904
1931
1960
1986
2009
2032
2054
2074
2090
2104
2119
2132
2141
2149
2161
2170
2175
2180
2186
2184
2194
2195
2197
2203
2204
2204
2207
2209
2210
2210
2210
2213
2211
2210
2211
2213
2209
2212
2212
2213
2212
2210
2211
2212
2212
2211
2211
2212
2212
2211
2210
2212
2209
2210
2211
2208
2212
2210
2210
2211
2211
2210
2211
2211
2210
2209
2208
2211
2211
2210
2210
2212
2212
2209
2209
2211
2211
2209
2209
2210
2210
2208
2208
2209
2210
2209
2209
2211
2211
2209
2210
2211
2212
2211
2209
2223
2483
2602
2658
2678
2681
2676
2669
2661
2650
2639
2623
2609
2596
2586
2577
2568
2561
2553
2547
2541
2535
2530
2524
2520
2515
2510
2505
2501
2496
2493
2488
2484
2480
2477
2472
2468
2464
2460
2456
2452
2449
2446
2442
2438
2434
2430
2428
2424
2420
2416
2413
2409
2405
2402
2399
2394
2391
2388
2384
2380
2377
2373
2369
2366
2363
2359
2356
2351
2349
2344
2341
2338
2334
2330
2327
2324
2304
2316
2313
2309
2306
2303
2299
2296
2303
2309
2313
2316
2320
2322
2236
2014
1913
1862
1849
1857
1875
1898
1924
1954
1980
2003
2028
2051
2069
2086
2102
2117
2129
2140
2151
2160
2168
2174
2180
2186
2189
2176
2195
2199
2203
2204
2206
2208
2209
2208
2210
2211
2212
2210
2211
2212
2214
2212
2212
2214
2215
2213
2212
2212
2212
2211
2211
2212
2213
2212
2211
2212
2212
2211
2209
2211
2212
2211
2210
2210
2211
2211
2209
2210
2211
2210
2208
2209
2210
2209
2208
2211
2212
2210
2209
2209
2210
2210
2209
2209
2211
2209
2209
2209
2210
2210
2210
2210
2210
2211
2210
2210
2212
2211
2209
2210
2210
2438
2586
2652
2677
2682
2679
2669
2663
2653
2641
2624
2611
2597
2586
2577
2569
2561
2554
2547
2541
2535
2529
2525
2520
2515
2510
2505
2501
2497
2492
2488
2484
2477
2476
2472
2469
2464
2460
2457
2453
2451
2445
2442
2439
2435
2431
2425
2423
2420
2416
2413
2409
2405
2402
2399
2395
2391
2388
2384
2381
2377
2373
2370
2366
2362
2359
2355
2336
2348
2344
2341
2337
2334
2331
2327
2323
2320
2316
2313
2310
2305
2302
2299
2296
2544
2309
2313
2318
2320
2323
2327
2330
2333
2337
2339
2342
2344
2347
2349
2350
2336
2353
2353
2356
2356
2357
2359
2360
2361
2363
2363
2365
2361
2354
2356
2358
2360
2360
2356
2359
2353
2357
2353
2354
2357
2354
2354
2357
2355
2354
2357
2355
2349
2350
2353
2355
2357
2358
2349
2349
2353
2356
2357
2353
2355
2357
2358
2351
2349
2353
2355
2354
2352
2356
2358
2355
2348
2351
2354
2356
2357
2353
2355
2357
2353
2356
2351
2354
2356
2357
2351
2348
2336
2354
2357
2359
2353
2349
2352
2355
2358
2355
2354
2357
2355
2353
2357
2355
2348
2349
2352
2355
2357
2357
2353
2356
2357
2352
2355
2358
2357
2349
2349
2355
2355
2358
2357
2350
2348
2353
2355
2357
2358
2353
2356
2336
2353
2356
2358
2358
2351
2348
2353
2355
2359
2352
2354
2356
2353
2353
2356
2353
2353
2356
2354
2352
2356
2358
2354
2347
2336
2353
2356
2358
2355
2347
2351
2353
2355
2358
2360
2355
2349
2352
2355
2357
2357
2349
2348
2352
2355
2356
2358
2359
2348
2349
2353
2356
2357
2358
2354
2356
2357
2354
2355
2358
2350
2347
2352
2354
2356
2358
2353
2356
2357
2359
2350
2349
2352
2355
2357
2353
2354
2356
2358
2353
2347
2351
2354
2357
2359
2353
2347
2351
2354
2356
2359
2355
2355
2358
2359
2355
2345
2351
2354
2357
2356
2353
2356
2359
2356
2348
2351
2353
2356
2359
2357
2349
2350
2353
2356
2357
2358
2350
2348
2352
2355
2357
2358
2354
2356
2351
