8431
8123
8483
8807
9031
9166
9246
9286
9308
9317
9318
9317
9324
9318
9315
9311
9308
9310
9307
9308
9307
9305
9306
9304
9308
9306
9306
9303
9309
9308
9308
9311
9310
9311
9307
9306
9309
9310
9308
9311
9310
9307
9306
9310
9307
9305
9309
9311
9316
9311
9308
9307
9309
9307
9306
9311
9310
9312
9309
9307
9308
9309
9305
9307
9309
9312
9310
9309
9314
9311
9308
9309
9310
9310
9311
9313
9310
9311
9313
9324
9308
9305
9309
9310
9310
9304
9310
9308
9309
9309
9304
9307
9307
9308
9308
9308
9307
9310
9312
9538
10781
10836
10669
10501
10387
10300
10225
10172
10094
10033
9971
9910
9853
9794
9735
9677
9618
9563
9604
9663
9710
9742
9767
9788
9794
9771
9772
9769
9760
9769
9752
9772
9764
9757
9766
9763
9760
9758
9763
9756
9767
9753
9767
9767
9752
9762
9772
9769
9760
9753
9767
9765
9752
9764
9770
9757
9758
9766
9757
9766
9763
9765
9759
9764
9759
9757
9772
9759
9754
9767
9767
9751
9758
9767
9758
9756
9762
9765
9753
9769
9762
9758
9762
9756
9755
9765
9767
9749
9766
9761
9758
9760
9765
9119
8091
8321
8681
8945
9112
9218
9270
9296
9312
9320
9321
9319
9315
9316
9313
9311
9309
9309
9308
9308
9307
9307
9303
9307
9310
9311
9311
9310
9309
9310
9307
9307
9307
9307
9303
9309
9307
9309
9305
9304
9307
9307
9309
9304
9307
9309
9307
9307
9307
9311
9309
9309
9311
9307
9305
9309
9307
9308
9307
9306
9306
9309
9309
9308
9305
9304
9307
9307
9308
9304
9309
9311
9306
9308
9309
9309
9310
9306
9304
9310
9316
9309
9310
9311
9309
9310
9309
9307
9311
9312
9315
9313
9313
9308
9307
9308
9306
9307
9310
10330
10862
10752
10564
10433
10340
10255
10185
10120
10057
9996
9937
9877
9818
9764
9701
9644
9586
9570
9638
9690
9727
9754
9775
9797
9775
9772
9773
9772
9755
9767
9763
9756
9765
9765
9752
9769
9749
9763
9767
9757
9768
9766
9751
9760
9766
9760
9762
9763
9763
9755
9767
9756
9770
9753
9768
9749
9770
9758
9766
9763
9756
9770
9759
9769
9751
9772
9762
9755
9758
9773
9756
9770
9753
9769
9765
9761
9765
9759
9755
9755
9771
9758
9762
9765
9761
9763
9765
9764
9752
9764
9751
9768
9676
8306
8161
8530
8839
9050
9176
9250
9292
9309
9316
9317
9321
9317
9319
9315
9317
9324
9308
9311
9305
9306
9300
9308
9313
9312
9310
9311
9307
9309
9311
9304
9309
9312
9312
9311
9308
9310
9311
9308
9306
9313
9316
9310
9311
9312
9310
9307
9310
9310
9310
9309
9308
9307
9310
9310
9308
9304
9309
9310
9309
9308
9310
9324
9309
9308
9308
9310
9307
9311
9309
9308
9306
9309
9308
9308
9307
9311
9311
9309
9307
9313
9309
9307
9302
9308
9310
9309
9313
9312
9311
9306
9311
9324
9311
9305
9308
9310
9307
9307
9657
10814
10817
10642
10481
10372
10287
10214
10146
10081
10022
9961
9901
9841
9783
9725
9665
9608
9556
9613
9671
9716
9746
9769
9790
9792
9760
9770
9772
9756
9771
9762
9767
9749
9765
9767
9757
9769
9767
9753
9768
9752
9766
9762
9758
9770
9768
9753
9767
9752
9766
9767
9760
9763
9764
9766
9766
9758
9767
9756
9760
9768
9757
9771
9755
9772
9760
9763
9764
9761
9756
9757
9765
9766
9760
9761
9767
9747
9761
9767
9756
9768
9769
9759
9761
9765
9770
9752
9754
9770
9763
9761
9753
9767
9001
8081
8348
8710
8968
9127
9221
9274
9302
9316
9318
9319
9321
9316
9318
9310
9309
9307
9311
9310
9312
9310
9311
9309
9313
9311
9309
9307
9309
9307
9311
9311
9309
9304
9306
9311
9314
9310
9304
9315
9311
9308
9316
9311
9308
9310
9309
9310
9308
9313
9310
9313
9310
9305
9310
9310
9312
9310
9308
9309
9312
9324
9313
9309
9312
9308
9309
9307
9308
9312
9308
9309
9311
9310
9310
9307
9313
9309
9311
9310
9307
9304
9312
9316
9310
9311
9309
9311
9307
9311
9311
9309
9311
9311
9313
9314
9309
9306
9307
9308
10454
10857
10729
10540
10414
10321
10241
10173
10108
10043
9983
9920
9865
9806
9747
9690
9632
9575
9606
9664
9701
9730
9757
9780
9794
9771
9762
9774
9769
9755
9771
9753
9769
9763
9766
9756
9764
9759
9765
9761
9757
9765
9753
9766
9766
9759
9761
9764
9770
9759
9763
9764
9761
9760
9763
9766
9757
9770
9769
9751
9763
9769
9757
9772
9754
9768
9754
9769
9763
9759
9763
9759
9757
9766
9764
9752
9764
9764
9765
9754
9770
9757
9757
9770
9753
9764
9773
9758
9771
9749
9773
9768
9763
9764
9751
9766
9763
9759
9772
9762
9753
9767
9764
9749
9763
9764
9764
9767
9759
9765
9760
9749
9767
9760
9763
9759
9757
9772
9761
9770
9763
9761
9763
9758
9762
9763
9767
9750
9767
9760
9759
9767
9770
9753
9767
9762
9760
9761
9767
9752
9769
9753
9770
9767
9764
9759
9760
9762
9756
9766
9751
9771
9749
9776
9758
9755
9770
9758
9767
9750
9768
9763
9761
9762
9761
9752
9767
9761
9760
9762
9756
9763
9754
9766
9761
9766
9754
9758
9773
9758
9770
9750
9761
9765
9760
9763
9757
9767
9751
9765
9764
9762
9765
9748
9765
9765
9759
9762
9762
9762
9746
9767
9766
9761
9747
9767
9756
9769
9751
9766
9753
9766
9755
9768
9762
9752
9760
9768
9756
9763
9763
9753
9769
9763
9761
9767
9761
9750
9765
9768
9755
9755
9769
9751
9757
9768
9765
9760
9766
9767
9751
9765
9761
9759
9761
9763
9748
9760
9765
9762
9760
9762
9759
9758
9749
9763
9766
9765
9751
9766
9765
9763
9758
9758
9769
9752
9760
9763
9765
9753
9757
9768
9760
9759
9760
9765
9765
9766
9754
9767
9755
9766
9764
9752
9770
9766
9747
9766
9763
9755
9765
9759
9767
9750
9770
9753
9766
9757
9758
9765
9772
9751
9761
9766
9749
9757
9766
9759
9758
9764
9759
9766
9765
9763
9759
9750
9762
9755
9768
9756
9766
9772
9754
9770
9765
9748
9768
9762
9763
9763
9765
9765
9749
9769
9768
9758
9765
9752
9765
9763
9763
9764
9753
9768
