8721
8422
8716
9004
9193
9308
9375
9409
9422
9426
9430
9425
9423
9424
9420
9417
9420
9422
9420
9417
9414
9415
9418
9416
9415
9416
9417
9423
9417
9416
9416
9421
9418
9416
9417
9415
9416
9416
9415
9414
9416
9416
9417
9416
9413
9411
9418
9418
9415
9414
9417
9418
9418
9415
9417
9418
9417
9417
9413
9413
9415
9415
9418
9417
9418
9417
9411
9411
9417
9416
9417
9416
9420
9416
9420
9419
9417
9415
9419
9416
9421
9418
9418
9417
9414
9412
9417
9417
9418
9419
9419
9414
9418
9416
9417
9414
9418
9419
9912
10618
10592
10449
10308
10209
10128
10057
9996
9930
9870
9812
9753
9695
9638
9605
9670
9712
9748
9753
9749
9761
9756
9768
9753
9766
9763
9766
9742
9770
9756
9760
9768
9764
9763
9758
9760
9756
9758
9763
9765
9754
9770
9754
9753
9768
9759
9759
9771
9758
9765
9759
9764
9759
9762
9755
9770
9762
9752
9757
9770
9755
9764
9767
9756
9772
9758
9767
9758
9761
9767
9758
9759
9765
9762
9764
9756
9757
9763
9770
9761
9752
9767
9768
9749
9763
9765
9761
9759
9766
9759
9763
9758
9763
9150
8398
8607
8919
9145
9283
9361
9400
9420
9433
9425
9423
9416
9420
9419
9418
9420
9417
9418
9417
9412
9417
9414
9420
9418
9421
9416
9417
9417
9417
9416
9419
9419
9421
9417
9417
9421
9419
9418
9418
9419
9420
9415
9417
9416
9420
9418
9416
9418
9418
9418
9419
9418
9420
9420
9415
9419
9420
9420
9422
9419
9420
9417
9415
9415
9419
9419
9413
9412
9414
9419
9418
9417
9420
9418
9420
9416
9416
9418
9418
9415
9417
9417
9418
9418
9417
9418
9416
9415
9417
9417
9418
9416
9414
9417
9415
9417
9421
9592
10557
10616
10491
10334
10229
10145
10073
10004
9948
9882
9823
9760
9706
9648
9601
9655
9705
9742
9770
9760
9764
9755
9762
9757
9768
9755
9768
9754
9762
9767
9750
9772
9758
9759
9766
9759
9762
9763
9765
9766
9748
9768
9750
9766
9767
9761
9757
9763
9761
9758
9765
9755
9772
9753
9772
9756
9756
9770
9762
9762
9766
9762
9766
9761
9753
9758
9766
9768
9754
9769
9761
9752
9767
9766
9754
9768
9758
9764
9764
9764
9762
9756
9767
9764
9763
9756
9771
9756
9768
9770
9755
9766
9771
9504
8476
8511
8831
9080
9249
9339
9389
9416
9427
9432
9428
9426
9425
9423
9425
9419
9419
9423
9418
9421
9417
9420
9419
9418
9419
9419
9420
9420
9420
9421
9421
9417
9419
9422
9421
9419
9414
9420
9417
9419
9420
9416
9416
9418
9415
9418
9415
9414
9416
9417
9418
9423
9416
9417
9415
9415
9417
9417
9417
9418
9417
9420
9419
9418
9415
9414
9416
9420
9418
9410
9413
9420
9417
9417
9420
9418
9417
9418
9418
9415
9421
9417
9414
9416
9422
9419
9420
9416
9418
9414
9418
9417
9418
9419
9417
9414
9417
9419
10327
10633
10551
10396
10265
10180
10100
10030
9968
9906
9846
9787
9729
9670
9614
9625
9688
9728
9759
9763
9758
9766
9747
9765
9763
9749
9771
9761
9766
9752
9770
9754
9753
9770
9756
9762
9768
9765
9748
9763
9765
9765
9752
9765
9764
9769
9748
9766
9751
9767
9759
9767
9752
9761
9767
9766
9757
9766
9766
9767
9752
9754
9771
9758
9764
9765
9760
9759
9762
9760
9760
9760
9749
9769
9766
9762
9754
9768
9753
9764
9767
9754
9763
9765
9758
9765
9767
9764
9748
9771
9756
9771
9758
9735
8672
8432
8732
9013
9199
9313
9378
9413
9426
9428
9431
9433
9431
9423
9419
9419
9420
9421
9419
9414
9418
9422
9419
9417
9417
9419
9418
9411
9414
9416
9420
9419
9415
9419
9417
9417
9416
9418
9421
9418
9419
9416
9415
9415
9418
9421
9421
9417
9421
9420
9416
9419
9417
9412
9419
9415
9414
9415
9417
9416
9417
9418
9418
9413
9418
9420
9428
9422
9419
9417
9417
9417
9419
9415
9418
9421
9421
9418
9419
9422
9417
9418
9419
9420
9419
9419
9415
9417
9419
9420
9417
9421
9419
9420
9417
9418
9420
9417
9968
10625
10591
10443
10306
10212
10127
10056
9993
9931
9870
9811
9753
9694
9636
9593
9651
9701
9737
9766
9788
9770
9767
9769
9762
9765
9757
9764
9764
9753
9770
9769
9757
9765
9763
9762
9754
9766
9764
9750
9773
9762
9759
9762
9771
9756
9768
9754
9767
9772
9762
9750
9775
9758
9767
9751
9761
9767
9767
9763
9759
9758
9757
9774
9763
9770
9758
9768
9751
9765
9766
9762
9764
9758
9769
9766
9756
9761
9756
9770
9765
9769
9757
9768
9750
9762
9771
9756
9765
9763
9762
9767
9752
9754
9769
9754
9753
9766
9769
9759
9763
9767
9749
9761
9769
9754
9756
9764
9766
9753
9764
9760
9767
9756
9764
9750
9762
9768
9757
9765
9762
9752
9757
9771
9757
9768
9752
9766
9759
9760
9762
9750
9765
9757
9761
9760
9756
9756
9767
9752
9767
9749
9763
9759
9765
9761
9757
9761
9757
9761
9756
9757
9765
9754
9768
9753
9769
9750
9766
9765
9765
9757
9767
9761
9758
9760
9758
9765
9758
9763
9763
9753
9754
9771
9757
9768
9760
9759
9764
9754
9759
9767
9757
9769
9753
9753
9763
9764
9760
9749
9763
9763
9748
9758
9763
9752
9768
9755
9768
9763
9760
9753
9773
9754
9754
9768
9760
9754
9772
9760
9757
9764
9748
9758
9763
9761
9760
9759
9769
9747
9769
9751
9767
9760
9763
9749
9764
9760
9765
9750
9757
9767
9765
9760
9753
9767
9751
9757
9770
9762
9757
9766
9767
9755
9766
9750
9763
9763
9769
9750
9772
9763
9749
9764
9752
9767
9752
9757
9769
9751
9761
9770
9760
9758
9765
9766
9751
9757
9768
9759
9762
9755
9759
9762
9759
9763
9751
9754
9767
9751
9757
9769
9758
9768
9751
9772
9760
9754
9760
9761
9758
9758
9759
9757
9759
9759
9757
9760
9749
9767
9754
9765
9759
9754
9763
9765
9757
9761
9765
9757
9756
9764
9759
9753
9748
9767
9772
9765
9757
9757
9757
9767
9747
9767
9765
9746
9765
9750
9763
9772
9752
9758
9763
9763
9761
9754
9764
9761
9761
9755
9757
9764
9748
9766
9762
9746
9770
9758
9762
