37158
38324
38615
38571
38561
38557
38554
38556
38556
38556
38547
38560
38546
38552
38549
38543
38559
38544
38549
38554
38563
38553
38553
38557
38559
38540
38558
38562
38548
38555
38559
38551
38555
38559
38562
38566
38563
38558
38565
38566
38562
38553
38564
38571
38563
38554
38562
38557
38572
38561
38557
38557
38548
38562
38551
38548
38559
38545
38551
38558
38556
38556
38551
38558
38556
38550
38560
38557
38561
38572
38555
38546
38556
38557
38558
38561
38559
38567
38561
38566
38562
38561
38562
38556
38563
38570
38562
38559
38555
38559
38551
38555
38557
38550
38555
38999
40268
39095
39026
39033
39041
39035
39040
39030
39030
39037
39037
39027
39046
39028
39051
39030
39021
39035
39037
39027
39026
39038
39033
39030
39028
39026
39041
39038
39031
39028
39037
39031
39027
39040
39033
39029
39026
39025
39033
39031
39017
39040
39022
39038
39027
39017
39038
39036
39008
39041
39027
39015
39040
39029
39029
39023
39041
39038
39014
39028
39032
39027
39028
39037
39026
39031
39034
39010
39028
39027
39024
39022
39021
39028
39043
39021
39043
39022
39033
39017
39033
39031
39028
39035
39030
39036
39041
39036
39036
39023
39039
39017
39036
39016
37274
38233
38615
38569
38551
38552
38554
38551
38551
38556
38553
38545
38541
38548
38547
38549
38556
38541
38546
38552
38554
38556
38554
38562
38552
38557
38547
38542
38553
38555
38545
38549
38561
38555
38553
38556
38552
38542
38555
38553
38545
38556
38549
38546
38548
38547
38554
38545
38549
38548
38550
38546
38555
38554
38557
38557
38547
38553
38542
38558
38548
38558
38554
38551
38551
38548
38545
38555
38555
38552
38550
38554
38544
38550
38549
38542
38550
38553
38541
38547
38556
38541
38542
38554
38556
38546
38553
38554
38548
38559
38558
38558
38555
38556
38550
38859
40343
39130
39024
39029
39032
39029
39038
39039
39026
39028
39044
39036
39020
39037
39035
39033
39040
39028
39043
39036
39031
39031
39035
39046
39029
39019
39044
39028
39033
39019
39043
39039
39031
39019
39032
39038
39034
39028
39021
39039
39029
39031
39039
39030
39031
39032
39026
39027
39040
39037
39044
39030
39026
39041
39016
39032
39038
39028
39027
39037
39031
39031
39030
39033
39028
39031
39044
39029
39036
39033
39046
39022
39041
39034
39037
39022
39036
39036
39029
39027
39038
39027
39034
39038
39032
39025
39029
39039
39036
39030
39034
39033
39031
39027
37368
38180
38618
38579
38549
38559
38548
38553
38549
38553
38552
38558
38552
38550
38568
38560
38554
38559
38556
38555
38567
38558
38552
38552
38556
38559
38553
38562
38553
38549
38564
38554
38557
38549
38551
38556
38561
38553
38563
38561
38557
38555
38568
38567
38562
38557
38552
38558
38560
38555
38569
38555
38561
38564
38552
38560
38567
38552
38558
38564
38564
38560
38562
38551
38561
38556
38557
38553
38562
38549
38560
38550
38558
38552
38555
38543
38549
38558
38550
38560
38564
38561
38558
38554
38563
38572
38556
38547
38563
38562
38552
38559
38553
38557
38558
38736
40405
39178
39023
39036
39031
39041
39026
39032
39043
39039
39022
39030
39026
39031
39038
39046
39029
39043
39040
39031
39037
39023
39037
39031
39039
39030
39048
39029
39033
39047
39039
39028
39034
39029
39042
39022
39029
39044
39028
39023
39042
39022
39021
39048
39029
39034
39038
39018
39049
39029
39035
39038
39045
39049
39043
39036
39021
39039
39037
39039
39045
39032
39038
39030
39039
39041
39017
39043
39037
39024
39037
39029
39037
39024
39036
39044
39018
39034
39034
39021
39040
39022
39046
39030
39024
39027
39027
39044
39031
39025
39041
39022
39029
39027
37478
38091
38615
38589
38551
38561
38560
38549
38558
38558
38556
38549
38564
38550
38547
38562
38552
38554
38559
38555
38548
38554
38554
38556
38557
38548
38559
38552
38557
38553
38553
38562
38554
38551
38554
38563
38558
38554
38562
38554
38551
38561
38556
38556
38551
38556
38560
38552
38561
38557
38559
38553
38555
38561
38556
38555
38549
38553
38555
38546
38554
38560
38551
38560
38558
38551
38558
38550
38555
38556
38549
38556
38553
38559
38558
38553
38560
38561
38556
38553
38560
38559
38558
38563
38557
38557
38558
38550
38565
38557
38560
38568
38564
38557
38564
38657
40416
39224
39023
39035
39031
39026
39038
39037
39038
39020
39032
39028
39037
39027
39029
39041
39041
39026
39032
39033
39034
39034
39021
39035
39045
39027
39035
39038
39036
39037
39035
39042
39035
39035
39035
39031
39026
39046
39023
39034
39043
39039
39030
39031
39033
39028
39037
39038
39032
39041
39031
39037
39028
39030
39023
39031
39029
39052
39034
39035
39039
39041
39034
39035
39035
39047
39037
39045
39030
39031
39042
39020
39037
39031
39045
39037
39028
39034
39032
39038
39036
39019
39035
39046
39021
39055
39020
39044
39027
39043
39052
39039
39037
39027
39042
39035
39037
39022
39031
39041
39050
39030
39044
39040
39033
39035
39029
39033
39037
39021
39030
39040
39030
39022
39043
39034
39028
39036
39042
39030
39042
39036
39041
39032
39037
39030
39034
39044
39037
39035
39051
39035
39037
39037
39026
39035
39043
39043
39030
39032
39025
39026
39030
39030
39024
39017
39030
39039
39027
39043
39039
39030
39041
39029
39016
39031
39028
39039
39013
39033
39029
39033
39028
39039
39030
39045
39023
39036
39040
39031
39027
39034
39031
39030
39040
39030
39025
39040
39019
39050
39021
39023
39036
39022
39028
39041
39045
39029
39038
39026
39030
39041
39037
39029
39023
39034
39037
39025
39033
39031
39032
39020
39045
39013
39031
39035
39033
39014
39032
39039
39037
39023
39041
39036
39022
39024
39031
39038
39025
39030
39039
39016
39013
39038
39036
39018
39035
39029
39016
39035
39015
39040
39027
39027
39035
39026
39031
39028
39035
39024
39037
39021
39035
39013
39028
39035
39026
39040
39029
39014
39047
39035
39032
39027
39035
39036
39027
39029
39012
39039
39046
39025
39032
39016
39036
39036
39010
39040
39039
39039
39013
39037
39031
39023
39043
39027
39039
39017
39043
39024
39034
39025
39017
39036
39022
39027
39031
39023
39029
39030
39021
39027
39013
39028
39024
39024
39010
39031
39027
39040
39045
39031
39026
39037
39031
39041
39022
39014
39042
39039
39028
39041
39022
39042
39026
39047
39023
39039
39037
39032
39030
39025
39046
39025
39016
39040
39021
39038
39040
39048
39019
39044
39032
39040
39019
39042
39010
39030
39036
39019
39038
39025
39039
39017
39028
39044
39034
39039
39022
39039
39042
39047
39022
39046
39027
39045
39036
39037
