2347
2313
2291
2274
2263
2256
2256
2256
2260
2265
2273
2282
2289
2298
2308
2315
2322
2330
2338
2342
2345
2353
2358
2361
2362
2365
2369
2369
2370
2372
2375
2374
2374
2376
2377
2375
2375
2376
2376
2374
2375
2375
2375
2375
2374
2374
2373
2373
2372
2373
2372
2371
2372
2372
2368
2370
2372
2373
2372
2369
2373
2372
2371
2371
2372
2373
2371
2371
2372
2372
2371
2371
2371
2372
2371
2370
2370
2370
2370
2371
2372
2372
2371
2370
2372
2371
2370
2371
2369
2372
2370
2372
2372
2371
2370
2372
2416
2454
2475
2487
2495
2499
2503
2505
2503
2502
2499
2497
2489
2478
2470
2462
2453
2448
2442
2436
2430
2426
2421
2416
2411
2407
2402
2399
2395
2401
2401
2396
2399
2404
2406
2401
2398
2402
2404
2400
2403
2406
2398
2396
2400
2403
2406
2400
2395
2398
2401
2403
2406
2402
2395
2397
2401
2402
2405
2407
2402
2396
2398
2401
2403
2405
2407
2401
2395
2398
2401
2403
2405
2406
2401
2403
2404
2406
2398
2395
2398
2401
2403
2405
2407
2400
2403
2405
2399
2403
2404
2404
2397
2383
2332
2303
2283
2268
2260
2256
2255
2257
2264
2271
2277
2287
2296
2384
2312
2319
2327
2335
2339
2344
2349
2354
2358
2360
2364
2366
2368
2369
2372
2373
2373
2373
2375
2375
2375
2375
2376
2375
2374
2375
2376
2376
2374
2375
2376
2373
2372
2373
2373
2373
2371
2373
2373
2371
2371
2372
2372
2372
2372
2372
2372
2371
2370
2372
2371
2371
2371
2371
2371
2370
2370
2372
2371
2369
2369
2372
2372
2371
2372
2372
2372
2372
2372
2373
2371
2370
2371
2371
2370
2370
2370
2371
2369
2370
2371
2376
2430
2460
2478
2490
2496
2501
2509
2503
2504
2501
2498
2496
2486
2475
2467
2459
2453
2447
2445
2434
2429
2424
2419
2415
2410
2406
2401
2397
2396
2401
2399
2404
2403
2396
2400
2404
2400
2395
2397
2403
2404
2400
2403
2404
2400
2402
2405
2416
2402
2400
2400
2404
2405
2399
2394
2398
2400
2403
2405
2407
2399
2393
2398
2401
2404
2405
2406
2400
2395
2399
2402
2403
2404
2405
2401
2400
2404
2399
2402
2403
2398
2401
2403
2405
2404
2393
2396
2399
2403
2403
2406
2403
2395
2368
2323
2296
2277
2267
2259
2255
2255
2259
2264
2271
2279
2291
2298
2305
2313
2323
2328
2334
2340
2346
2352
2354
2359
2363
2364
2366
2368
2371
2373
2372
2374
2376
2376
2376
2377
2378
2376
2376
2376
2376
2375
2374
2375
2374
2374
2373
2375
2374
2373
2373
2374
2375
2371
2371
2372
2372
2371
2371
2371
2371
2369
2370
2370
2370
2370
2370
2371
2371
2371
2372
2372
2372
2372
2372
2372
2372
2372
2372
2373
2371
2371
2371
2372
2370
2370
2371
2371
2370
2370
2371
2372
2371
2371
2372
2372
2391
2443
2469
2483
2492
2499
2502
2504
2509
2503
2499
2497
2494
2483
2473
2465
2458
2451
2445
2439
2434
2428
2423
2418
2414
2409
2404
2400
2396
2397
2403
2397
2397
2401
2404
2401
2404
2398
2395
2400
2403
2407
2403
2396
2399
2402
2404
2405
2400
2403
2399
2401
2403
2398
2401
2403
2404
2397
2394
2398
2400
2403
2404
2407
2405
2396
2397
2400
2402
2401
2404
2396
2395
2398
2400
2403
2404
2407
2403
2401
2402
2398
2401
2404
2405
2401
2395
2396
2400
2401
2404
2405
2401
2401
2355
2317
2292
2276
2264
2256
2255
2256
2259
2266
2275
2282
2290
2298
2307
2315
2322
2329
2336
2342
2346
2350
2355
2360
2362
2364
2367
2369
2371
2371
2373
2375
2375
2375
2376
2376
2376
2374
2377
2376
2374
2374
2375
2374
2373
2372
2374
2374
2372
2373
2373
2373
2370
2372
2372
2371
2370
2369
2372
2372
2370
2370
2369
2370
2369
2371
2371
2370
2369
2370
2371
2371
2370
2373
2372
2371
2370
2371
2371
2370
2370
2371
2369
2371
2370
2371
2371
2369
2371
2372
2372
2370
2372
2372
2371
2370
2411
2451
2473
2486
2494
2499
2502
2503
2504
2503
2498
2496
2491
2480
2477
2463
2456
2450
2443
2437
2432
2426
2421
2417
2412
2407
2403
2399
2394
2398
2401
2395
2398
2403
2401
2395
2399
2402
2404
2399
2395
2398
2402
2405
2402
2395
2398
2400
2403
2404
2400
2402
2404
2404
2400
2403
2398
2401
2403
2404
2399
2402
2402
2399
2401
2403
2404
2394
2395
2399
2400
2403
2404
2406
2402
2395
2398
2400
2402
2405
2406
2401
2402
2404
2401
2400
2403
2404
2400
2393
2397
2399
2402
2404
2405
2400
2403
2403
2405
2399
2402
2403
2405
2400
2402
2404
2405
2395
2395
2399
2401
2403
2404
2404
2400
2402
2406
2406
2401
2395
2398
2400
2403
2405
2406
2401
2403
2404
2420
2401
2403
2404
2398
2393
2398
2400
2402
2404
2405
2406
2401
2403
2404
2420
2403
2405
2404
2400
2402
2405
2402
2395
2396
2399
2401
2404
2405
2406
2400
2395
2398
2401
2403
2405
2406
2400
2403
2404
2405
2400
2403
2404
2398
2402
2403
2404
2399
2402
2403
2404
2395
2395
2398
2400
2403
2404
2404
2399
2402
2404
2402
2397
2403
2404
2400
2400
2403
2404
2405
2398
2394
2397
2400
2402
2403
2405
2405
2395
2395
2399
2400
2402
2404
2406
2403
2401
2403
2405
2406
2399
2395
2398
2401
2403
2404
2407
2404
2396
2395
2400
2401
2403
2404
2406
2402
2403
2404
2406
2400
2402
2403
2405
2421
2401
2403
2399
2416
2401
2404
2399
2400
2402
2404
2403
2394
2396
2398
2400
2402
2404
2405
2406
2401
2402
2404
2399
2401
2403
2404
2398
2401
2403
2405
2403
2394
2394
2399
2400
2402
2404
2406
2401
2401
2401
2405
2400
2401
2403
2397
2400
2402
2403
2405
2403
2395
2395
2399
2400
2402
2405
2405
2401
2402
2404
2405
2398
2394
2397
2399
2401
2403
2404
2406
2405
2396
2396
2400
2402
2403
2405
2406
2401
2395
2396
2399
2401
2403
2405
2406
2398
2394
2398
2400
2402
2403
2405
2404
2396
2395
2398
2401
2402
2404
2406
2402
2401
2403
2400
2399
2402
2404
2405
2399
2402
2403
2398
2400
2402
2404
