72472
74972
74916
74908
74920
74905
74908
74908
74912
74915
74917
74908
74926
74908
74909
74924
74923
74912
74936
74928
74937
74920
74913
74921
74920
74919
74919
74928
74924
74930
74928
74917
74921
74904
74911
74910
74908
74918
74913
74916
74908
74927
74920
74926
74927
74905
74903
74901
74919
74923
74913
74901
74904
74902
74911
74908
74904
74913
74907
74903
74916
74922
74914
74908
74907
74914
74907
74910
74908
74928
74916
74928
74921
74914
74909
74922
74919
74907
74900
74901
74904
74906
74899
74901
74907
74898
74898
74901
74914
74903
74907
74905
74919
74916
74910
74919
75342
79608
76514
76810
76794
76797
76797
76791
76786
76786
76798
76780
76806
76788
76795
76792
76803
76795
76821
76802
76796
76793
76783
76798
76789
76791
76803
76807
76794
76803
76783
76802
76785
76785
76794
76785
76796
76788
76797
76800
76811
76796
76795
76796
76789
76796
76790
76805
76783
76798
76789
76801
76789
76804
76778
76801
76792
76791
76793
76806
76787
76781
76778
76781
76774
76791
76778
76774
76784
76771
76767
76791
76775
76771
76780
76787
76780
76813
76785
76800
76781
76766
76778
76782
76777
76797
76776
76793
76784
76795
76785
76784
76786
76798
76797
73063
74910
74915
74902
74906
74905
74884
74892
74899
74901
74904
74903
74898
74906
74912
74880
74913
74901
74888
74899
74904
74897
74902
74903
74907
74903
74901
74896
74896
74906
74906
74919
74912
74907
74896
74895
74900
74902
74906
74890
74897
74892
74899
74891
74901
74903
74892
74902
74907
74904
74916
74899
74905
74900
74898
74911
74912
74901
74907
74896
74907
74912
74904
74905
74906
74893
74903
74906
74908
74908
74903
74919
74898
74905
74907
74907
74909
74923
74892
74904
74899
74913
74906
74914
74919
74905
74921
74918
74915
74906
74911
74915
74912
74906
74902
74906
74926
79220
76817
76775
76794
76781
76797
76807
76788
76788
76786
76793
76757
76786
76790
76798
76804
76808
76788
76808
76804
76801
76808
76804
76802
76790
76780
76778
76785
76765
76791
76776
76788
76790
76796
76769
76803
76798
76784
76797
76782
76798
76796
76804
76792
76777
76785
76789
76778
76796
76795
76782
76790
76794
76782
76780
76780
76797
76786
76775
76784
76790
76795
76786
76789
76793
76784
76770
76776
76778
76790
76766
76796
76790
76786
76794
76803
76790
76820
76796
76801
76803
76793
76781
76802
76794
76790
76794
76810
76789
76801
76797
76810
76806
76821
74061
74452
74927
74913
74901
74914
74912
74908
74904
74918
74919
74898
74912
74917
74911
74908
74904
74905
74902
74903
74889
74895
74894
74908
74897
74899
74898
74903
74896
74909
74914
74903
74917
74909
74896
74898
74907
74910
74887
74898
74904
74915
74896
74898
74916
74913
74911
74923
74918
74914
74931
74915
74919
74911
74902
74903
74918
74895
74915
74924
74911
74913
74904
74899
74899
74892
74892
74894
74893
74901
74909
74894
74907
74905
74908
74899
74909
74905
74915
74897
74892
74897
74908
74898
74898
74896
74893
74902
74904
74900
74902
74907
74898
74906
74905
74898
74905
77985
77605
76683
76806
76811
76792
76808
76806
76812
76793
76784
76785
76794
76796
76764
76803
76783
76788
76794
76788
76787
76786
76787
76781
76802
76800
76778
76786
76793
76792
76783
76789
76796
76776
76787
76795
76769
76792
76787
76767
76766
76784
76784
76779
76782
76791
76794
76771
76786
76780
76787
76799
76806
76784
76782
76782
76778
76773
76767
76790
76772
76783
76763
76764
76784
76764
76782
76781
76775
76775
76781
76776
76779
76784
76765
76789
76780
76772
76773
76778
76768
76765
76775
76777
76765
76779
76775
76783
76779
76762
76774
76779
76756
76779
76096
72913
74933
74889
74891
74899
74883
74882
74889
74882
74895
74899
74896
74912
74903
74916
74900
74909
74894
74904
74901
74887
74897
74896
74905
74899
74915
74909
74911
74905
74908
74907
74903
74909
74904
74904
74914
74900
74901
74910
74893
74904
74905
74908
74908
74911
74885
74901
74908
74908
74884
74899
74890
74884
74885
74901
74898
74898
74906
74895
74891
74889
74895
74897
74885
74902
74895
74883
74901
74892
74899
74904
74906
74896
74905
74900
74910
74902
74896
74904
74893
74889
74896
74907
74903
74885
74903
74908
74884
74900
74901
74899
74892
74907
74895
74895
74904
76101
79071
76481
76774
76781
76790
76792
76790
76796
76790
76787
76780
76782
76782
76864
76769
76780
76790
76804
76801
76786
76799
76797
76784
76789
76782
76792
76788
76796
76801
76797
76799
76800
76792
76783
76780
76791
76778
76798
76796
76792
76799
76782
76788
76787
76796
76797
76786
76793
76784
76792
76811
76796
76791
76810
76780
76793
76818
76794
76779
76788
76787
76798
76772
76801
76788
76803
76785
76796
76792
76788
76796
76810
76784
76794
76785
76786
76781
76786
76785
76791
76787
76790
76781
76804
76789
76788
76808
76806
76798
76819
76795
76805
76808
76802
76796
76800
76792
76787
76797
76796
76798
76789
76790
76787
76808
76785
76797
76786
76785
76768
76779
76796
76776
76804
76785
76811
76781
76789
76792
76798
76804
76799
76798
76794
76788
76817
76797
76797
76796
76817
76805
76815
76799
76826
76802
76794
76822
76795
76821
76801
76804
76812
76815
76816
76799
76798
76801
76813
76812
76816
76825
76817
76798
76795
76807
76810
76812
76795
76803
76795
76797
76797
76813
76801
76794
76812
76821
76790
76807
76811
76813
76797
76804
76816
76821
76803
76800
76817
76807
76797
76805
76808
76795
76797
76800
76790
76802
76809
76798
76790
76803
76784
76803
76789
76784
76792
76793
76792
76784
76793
76802
76785
76794
76794
76799
76776
76806
76795
76794
76796
76798
76783
76789
76790
76784
76800
76788
76782
76795
76773
76784
76797
76804
76789
76792
76786
76768
76787
76777
76781
76765
76798
76786
76790
76791
76781
76799
76786
76793
76795
76787
76797
76771
76787
76798
76788
76799
76791
76791
76799
76777
76790
76787
76793
76772
76774
76787
76775
76791
76808
76809
76794
76781
76785
76783
76780
76788
76794
76808
76772
76793
76793
76787
76794
76795
76791
76786
76784
76794
76790
76795
76789
76780
76783
76777
76801
76797
76773
76776
76783
76784
76782
76786
76793
76771
76784
76781
76800
76798
76792
76783
76778
76774
76787
76790
76789
76786
76779
76779
76787
76793
76783
76793
76795
76793
76812
76797
76790
76814
76802
76799
76785
76802
76774
76791
76799
76779
76776
76805
76792
76796
76785
76801
76789
76801
76794
76780
76806
76802
76783
76792
76806
76792
76802
76782
76768
76777
76803
76788
76788
76782
76768
76784
