36403
38236
38535
38514
38507
38501
38502
38508
38505
38501
38505
38502
38505
38505
38511
38503
38512
38511
38510
38499
38517
38507
38507
38510
38512
38509
38508
38513
38512
38506
38506
38510
38514
38510
38511
38508
38506
38510
38501
38508
38506
38505
38496
38499
38509
38498
38502
38500
38503
38502
38504
38503
38503
38497
38511
38495
38505
38496
38515
38502
38507
38498
38512
38502
38502
38506
38506
38516
38505
38503
38512
38504
38504
38508
38509
38498
38516
38494
38513
38500
38511
38500
38510
38506
38512
38510
38511
38512
38515
38514
38511
38509
38521
38514
38510
38514
38585
41515
40218
39243
39308
39407
39414
39398
39414
39408
39396
39421
39399
39398
39416
39396
39396
39398
39404
39404
39405
39404
39400
39401
39405
39406
39420
39398
39397
39406
39405
39407
39404
39410
39398
39403
39389
39408
39414
39394
39391
39407
39399
39397
39407
39406
39399
39398
39420
39402
39388
39405
39402
39394
39399
39404
39412
39396
39404
39394
39398
39387
39398
39400
39392
39407
39400
39409
39399
39416
39398
39395
39395
39397
39391
39390
39408
39407
39396
39400
39401
39397
39395
39397
39408
39396
39399
39395
39399
39390
39406
39401
39399
39389
39405
37033
37860
38523
38527
38507
38506
38502
38510
38500
38511
38503
38512
38498
38506
38513
38509
38502
38512
38509
38512
38503
38503
38508
38509
38505
38511
38498
38501
38504
38501
38498
38506
38502
38505
38504
38512
38504
38510
38510
38501
38509
38510
38506
38518
38510
38503
38506
38514
38516
38513
38517
38508
38514
38511
38510
38512
38504
38513
38506
38510
38504
38515
38505
38513
38503
38507
38503
38513
38502
38506
38476
38508
38510
38522
38502
38513
38502
38517
38509
38509
38506
38522
38504
38513
38510
38519
38510
38517
38515
38522
38514
38518
38518
38519
38505
38516
38508
40876
40615
39518
39169
39390
39398
39417
39399
39404
39393
39410
39392
39388
39403
39400
39398
39407
39407
39393
39403
39399
39421
39395
39404
39410
39412
39398
39398
39406
39410
39406
39395
39403
39411
39398
39415
39397
39408
39415
39404
39402
39393
39401
39397
39410
39387
39397
39403
39395
39394
39409
39396
39401
39405
39402
39396
39403
39402
39396
39403
39394
39409
39397
39394
39402
39394
39405
39391
39399
39394
39411
39393
39407
39394
39390
39398
39412
39391
39395
39398
39389
39408
39401
39397
39403
39397
39396
39403
39395
39408
39398
39404
39405
39400
37993
37200
38490
38532
38509
38509
38516
38507
38496
38515
38503
38511
38515
38503
38505
38512
38504
38507
38506
38508
38514
38500
38509
38501
38508
38497
38504
38504
38497
38494
38500
38509
38507
38511
38511
38505
38502
38495
38500
38512
38510
38514
38507
38508
38508
38504
38509
38507
38508
38509
38505
38503
38505
38502
38514
38491
38515
38504
38518
38500
38504
38500
38515
38504
38505
38511
38510
38505
38514
38507
38510
38514
38508
38511
38510
38506
38512
38503
38500
38514
38500
38514
38504
38505
38508
38506
38512
38494
38513
38501
38511
38500
38514
38497
38506
38508
38504
39918
41027
39749
39129
39391
39399
39400
39401
39403
39402
39396
39390
39393
39388
39402
39388
39397
39372
39385
39397
39393
39382
39396
39382
39397
39372
39395
39393
39390
39391
39401
39390
39390
39403
39393
39378
39391
39383
39395
39401
39396
39403
39396
39404
39398
39403
39394
39406
39399
39397
39392
39403
39403
39400
39403
39387
39401
39389
39409
39399
39395
39399
39387
39393
39401
39385
39400
39379
39399
39397
39382
39391
39404
39387
39384
39386
39399
39383
39394
39395
39388
39384
39406
39394
39382
39399
39382
39407
39393
39395
39389
39394
39402
39396
39123
36459
38349
38538
38502
38505
38501
38504
38499
38500
38496
38507
38501
38508
38495
38497
38501
38492
38498
38504
38498
38491
38499
38509
38491
38492
38496
38494
38497
38505
38486
38495
38502
38498
38486
38500
38492
38507
38489
38505
38496
38506
38490
38494
38500
38510
38495
38507
38504
38495
38500
38503
38506
38497
38503
38497
38489
38501
38491
38506
38492
38506
38493
38503
38497
38504
38496
38498
38497
38506
38496
38500
38498
38503
38491
38501
38496
38502
38490
38501
38499
38494
38497
38495
38493
38502
38500
38495
38498
38499
38492
38495
38502
38499
38499
38501
38494
38911
41440
40050
39185
39328
39388
39387
39385
39384
39403
39390
39398
39384
39392
39393
39376
39389
39395
39394
39386
39380
39391
39395
39388
39400
39390
39395
39398
39388
39395
39387
39387
39389
39391
39384
39389
39381
39394
39387
39392
39385
39391
39391
39382
39389
39376
39381
39395
39378
39398
39379
39386
39385
39387
39392
39381
39399
39394
39389
39389
39400
39396
39396
39390
39408
39400
39394
39396
39397
39405
39404
39392
39407
39402
39391
39405
39396
39383
39396
39393
39404
39383
39389
39378
39387
39399
39384
39391
39387
39398
39379
39385
39397
39399
39388
39393
39387
39384
39389
39391
39397
39389
39391
39379
39402
39385
39379
39391
39391
39387
39385
39378
39395
39389
39389
39388
39383
39408
39375
39392
39392
39367
39379
39401
39380
39401
39383
39384
39399
39387
39386
39392
39385
39400
39399
39390
39394
39391
39392
39392
39396
39392
39386
39389
39388
39387
39394
39389
39380
39396
39394
39392
39390
39396
39388
39391
39409
39384
39403
39397
39389
39393
39386
39403
39410
39386
39385
39393
39391
39389
39396
39395
39393
39385
39383
39397
39390
39384
39404
39385
39392
39394
39390
39401
39384
39398
39395
39398
39392
39394
39391
39381
39381
39385
39382
39388
39393
39395
39398
39387
39385
39389
39382
39393
39392
39403
39383
39395
39404
39376
39405
39396
39393
39389
39394
39398
39399
39391
39398
39396
39382
39404
39399
39386
39402
39382
39401
39379
39397
39399
39389
39392
39384
39396
39385
39392
39393
39377
39403
39378
39401
39390
39391
39389
39390
39380
39379
39380
39396
39380
39388
39391
39378
39392
39377
39399
39370
39398
39388
39384
39386
39382
39382
39386
39377
39406
39383
39401
39388
39393
39370
39395
39392
39374
39391
39393
39380
39386
39360
39391
39389
39394
39402
39373
39403
39405
39388
39388
39390
39400
39402
39396
39388
39393
39398
39379
39397
39389
39389
39401
39394
39394
39394
39373
39400
39383
39389
39390
39395
39399
39391
39387
39391
39375
39407
39390
39390
39401
39377
39393
39393
39385
39399
39388
39381
39411
39394
39384
39405
39392
39411
39395
39400
39393
39405
39393
39393
39393
39391
39410
39394
39392
39394
39412
39386
39401
39400
39387
39404
39378
39393
39399
39390
39399
