70489
74508
74464
74444
74449
74461
74456
74465
74457
74462
74467
74469
74452
74459
74458
74446
74459
74471
74465
74464
74462
74464
74468
74455
74446
74462
74464
74453
74444
74467
74470
74471
74476
74477
74457
74479
74456
74463
74457
74454
74475
74466
74474
74465
74463
74470
74461
74475
74474
74480
74464
74464
74458
74460
74461
74458
74455
74466
74465
74469
74456
74461
74456
74458
74458
74460
74455
74462
74461
74464
74462
74471
74459
74475
74477
74469
74479
74460
74476
74463
74452
74453
74456
74472
74463
74466
74458
74450
74452
74454
74451
74462
74460
74473
74465
74465
74462
74466
74467
80571
81139
77601
78012
78087
78068
78083
78081
78075
78070
78060
78062
78067
78083
78070
78064
78071
78071
78056
78051
78081
78058
78070
78074
78064
78069
78065
78075
78079
78052
78077
78075
78076
78071
78067
78081
78058
78073
78081
78335
78069
78075
78085
78079
78085
78063
78077
78065
78079
78076
78068
78078
78069
78082
78066
78072
78057
78073
78065
78066
78058
78057
78073
78069
78069
78071
78059
78084
78063
78076
78057
78067
78072
78048
78073
78055
78065
78069
78061
78068
78063
78068
78055
78056
78056
78063
78055
78051
78055
78058
78053
78062
78066
78053
75710
72101
74495
74446
74447
74449
74451
74455
74453
74448
74448
74457
74459
74437
74450
74449
74457
74460
74434
74457
74439
74450
74467
74455
74459
74451
74446
74439
74459
74450
74443
74453
74457
74453
74457
74460
74434
74443
74442
74428
74436
74433
74451
74457
74456
74472
74450
74456
74460
74451
74459
74457
74449
74439
74462
74464
74467
74470
74468
74469
74459
74462
74448
74472
74460
74447
74455
74456
74450
74458
74452
74464
74454
74468
74451
74451
74454
74449
74453
74451
74449
74448
74443
74440
74445
74432
74435
74440
74437
74449
74443
74459
74457
74450
74443
74441
74459
74454
74458
74452
82229
80325
77358
78084
78065
78071
78062
78062
78055
78065
78061
78057
78052
78051
78063
78055
78067
78061
78068
78052
78063
78078
78071
78057
78052
78073
78059
78057
78074
78069
78063
78055
78076
78041
78046
78044
78040
78057
78052
78057
78035
78042
78057
78055
78055
78046
78063
78046
78035
78059
78039
78049
78047
78042
78059
78054
78041
78059
78041
78070
78049
78039
78050
78045
78028
78063
78049
78048
78051
78057
78039
78048
78055
78049
78040
78042
78059
78055
78052
78053
78039
78056
78060
78037
78063
78044
78033
78039
78034
78046
78052
78047
78055
78053
73490
73562
74475
74432
74434
74439
74437
74433
74439
74439
74436
74441
74445
74445
74447
74448
74445
74446
74447
74449
74442
74426
74442
74435
74439
74437
74420
74424
74453
74435
74439
74439
74440
74446
74436
74451
74431
74446
74447
74444
74446
74437
74437
74426
74439
74443
74454
74450
74441
74453
74432
74455
74447
74454
74441
74438
74427
74437
74448
74443
74437
74434
74435
74434
74436
74432
74437
74437
74431
74435
74431
74442
74438
74432
74440
74436
74440
74444
74436
74424
74424
74440
74432
74423
74432
74431
74429
74431
74435
74437
74428
74437
74436
74423
74435
74425
74403
74406
74428
74428
83850
79590
77207
78137
78030
78044
78025
78035
78034
78028
78031
78042
78026
78035
78033
78026
78034
78036
78037
78038
78032
78060
78048
78036
78036
78031
78026
78039
78016
78018
78025
78029
78026
78010
78029
78015
78019
78033
78027
78021
78025
78025
78032
78020
78043
78030
78030
78027
78030
78043
78025
78020
78040
78030
78029
78033
78025
78022
78042
78026
78033
78032
78033
78025
78042
78032
78039
78040
78034
78046
78035
78039
78031
78041
78044
78040
78041
78046
78055
78049
78042
78048
78045
78037
78028
78037
78036
78034
78063
78053
78036
78042
78049
78051
72083
74224
74448
74429
74424
74423
74430
74430
74445
74441
74438
74436
74426
74431
74433
74449
74440
74427
74451
74443
74440
74455
74461
74447
74451
74442
74437
74461
74441
74442
74449
74431
74426
74435
74450
74432
74430
74443
74438
74443
74442
74429
74430
74432
74446
74427
74437
74427
74444
74431
74429
74436
74430
74447
74430
74438
74432
74433
74444
74448
74428
74437
74434
74455
74438
74436
74439
74448
74438
74449
74440
74445
74438
74453
74438
74439
74435
74436
74441
74437
74435
74435
74450
74437
74434
74437
74428
74444
74439
74434
74440
74437
74445
74430
74440
74441
74436
74425
74427
76528
83133
78799
77444
78065
78056
78050
78027
78050
78033
78042
78037
78037
78053
78060
78035
78029
78041
78034
78060
78038
78035
78043
78035
78021
78024
78034
78034
78026
78035
78031
78038
78040
78030
78030
78031
78025
78030
78028
78033
78029
78022
78029
78015
78017
78007
78009
78018
78033
78002
78032
78028
78030
78012
78044
78015
78012
78021
78019
78031
78044
78016
78031
78025
78013
78024
78008
78017
78010
78014
78029
78030
78017
78033
78028
78027
78025
78036
78026
78027
78053
78022
78029
78036
78012
78021
78029
78012
78019
78028
78014
78027
78028
78032
78046
78037
78041
78032
78032
78036
78035
78045
78038
78048
78043
78028
78043
78028
78035
78027
78051
78033
78020
78045
78024
78028
78029
78027
78033
78036
78041
78030
78034
78044
78042
78043
78028
78039
78048
78025
78032
78035
78042
78047
78042
78037
78032
78031
78038
78037
78036
78043
78027
78016
78033
78021
78026
78022
78019
78025
78028
78030
78038
78045
78036
78028
78030
78037
78028
78030
78033
78025
78029
78031
78048
78033
78029
78020
78025
78036
78031
78032
78020
78035
78028
78031
78031
78036
78046
78030
78016
78028
78009
78009
78019
78025
78009
78032
78035
78034
78023
78031
78016
78017
78036
78003
78023
78009
78025
78028
78017
78030
78033
78027
78027
78029
78031
78029
78033
78032
78033
78013
78030
78025
78020
78030
78032
78041
78022
78040
78035
78039
78029
78044
78031
78033
78036
78045
78023
78025
78024
78035
78036
78037
78027
78024
78040
78022
78028
78038
78042
78013
78031
78035
78022
78031
78025
78027
78001
78035
78027
78024
78032
78021
78021
78017
78017
78035
78019
78041
78030
78017
78018
78022
78025
78042
78029
78028
78049
78026
78044
78020
78020
78021
78004
78032
78026
78018
78014
78028
78031
78024
78031
78040
78020
78036
78040
78035
78023
78039
78014
78026
78023
78029
78009
78028
78026
78033
78017
78003
78014
78031
78020
78027
78027
78033
78028
78019
78019
78037
78027
78022
78019
78030
78018
78018
78032
78026
78028
78023
78029
78016
78011
78021
78033
78015
78024
78021
78040
78014
78031
78032
78039
78028
78040
78025
78031
78005
78022
78023
78036
78029
78018
78036
