34204
36639
37054
37025
37013
37004
37006
37004
37014
37012
37019
37014
37012
37004
37015
37005
37015
37011
37006
37021
37007
37009
37014
37011
37005
37020
37002
37013
37008
37004
37006
37005
37014
37017
37008
37014
37011
37017
37006
37012
37011
37006
37011
37007
37012
37012
37021
37004
37016
37004
37014
37006
37013
37009
37007
37009
37026
37014
37014
37012
37009
37016
37011
37012
37016
37007
37009
37011
37007
37018
37010
37011
37009
37024
37013
37010
36997
37015
37002
37015
37018
37009
37004
37001
37015
37001
37010
37011
37010
37012
37009
37010
37014
37004
37005
37012
37012
36999
40474
40235
39079
38122
38171
38410
38405
38408
38400
38417
38394
38412
38402
38404
38402
38406
38410
38406
38393
38413
38397
38415
38395
38390
38401
38408
38401
38409
38396
38398
38410
38411
38388
38416
38399
38397
38401
38400
38408
38407
38399
38404
38397
38415
38413
38401
38397
38397
38405
38399
38398
38408
38403
38404
38401
38399
38394
38410
38407
38395
38416
38399
38404
38418
38396
38408
38394
38408
38402
38401
38407
38398
38421
38387
38412
38403
38398
38398
38414
38400
38404
38464
38406
38394
38399
38392
38394
38408
38382
38406
38386
38400
38386
38394
36168
35477
36961
37045
37014
37005
37007
37012
37004
37001
37005
36996
37003
36998
37012
37002
37015
37011
37007
37010
37019
37010
37014
37003
37014
37001
37013
37012
37008
37003
37007
37010
37015
37011
37010
37011
37013
37008
37006
37002
37007
37011
37010
37016
37005
37008
37005
37009
37007
36998
37009
37008
36997
37001
37007
37009
37007
37007
37012
37007
37014
37001
37016
37010
37018
37004
37015
37009
37009
37013
37009
37008
36997
37011
37005
37011
36995
37005
37010
37002
37017
37015
37003
37008
37001
37010
37008
37005
37004
36996
37001
37005
37000
37002
37004
37004
37008
37014
37972
41141
39581
38570
37974
38386
38405
38404
38412
38403
38410
38405
38394
38407
38403
38415
38399
38405
38405
38404
38402
38401
38402
38415
38397
38413
38398
38409
38397
38392
38398
38407
38407
38393
38400
38480
38412
38402
38412
38390
38398
38410
38397
38389
38403
38405
38407
38401
38404
38403
38399
38411
38407
38415
38391
38420
38401
38408
38414
38399
38413
38416
38409
38399
38416
38407
38399
38416
38405
38406
38395
38416
38410
38410
38399
38393
38409
38406
38398
38399
38399
38389
38411
38398
38402
38412
38397
38394
38402
38399
38408
38408
38390
38401
38408
34398
36531
37027
37026
37003
36992
37005
36995
37001
36998
37005
36989
37008
37006
37000
37005
37004
37009
37007
37007
37000
37008
37014
37013
37004
37013
37003
37017
37000
37016
36996
37018
37004
37016
37007
37003
37011
37013
37026
37010
37004
37006
37010
37005
37009
37007
37011
37008
37000
37000
37005
37001
37003
36999
37000
37009
37001
36993
37005
37008
36997
37002
36998
37008
37005
37007
37005
37008
37000
37008
37004
37006
37004
37002
37007
37006
37013
37006
37008
37010
36996
37002
37001
36993
37018
37010
37011
36996
37011
37014
37010
36998
37018
37021
37015
37009
37017
37013
40158
40313
39113
38150
38181
38381
38407
38395
38409
38409
38391
38406
38413
38393
38409
38399
38404
38414
38405
38403
38422
38400
38410
38406
38407
38395
38405
38416
38413
38399
38404
38388
38410
38402
38393
38393
38402
38400
38390
38405
38740
38408
38385
38401
38401
38406
38408
38398
38405
38417
38400
38403
38425
38393
38411
38412
38402
38391
38398
38406
38396
38404
38415
38387
38398
38399
38404
38396
38407
38400
38390
38402
38394
38397
38392
38398
38400
38395
38401
38402
38397
38396
38389
38397
38383
38399
38391
38409
38392
38388
38399
38401
38397
38382
36695
35119
36915
37037
37017
37000
37000
37007
37001
36999
37002
37002
36999
36997
37000
36996
36990
37003
36994
36997
36994
37004
37000
37007
37004
37005
36998
37001
37000
37009
37001
37004
37004
36997
37003
37006
37003
37000
36998
37000
37003
37009
37003
36997
36998
36991
37001
36997
37014
36992
36996
36992
36998
36990
37005
36996
36997
36990
36997
37004
36996
36998
37002
37002
36996
37007
36991
37000
37003
37010
37002
37002
37007
37000
36994
37010
37008
37005
37009
37004
36996
37007
37013
37009
37004
37005
37001
36999
37006
37003
37002
37001
36992
36996
36996
37001
37005
36992
37425
41349
39756
38726
37937
38337
38411
38385
38402
38392
38401
38394
38386
38409
38394
38396
38399
38379
38397
38395
38392
38389
38405
38398
38398
38400
38383
38409
38401
38383
38393
38399
38398
38406
38401
38389
38406
38390
38397
38398
38399
38393
38389
38402
38402
38411
38394
38390
38388
38398
38399
38391
38386
38391
38392
38395
38387
38401
38391
38391
38391
38403
38387
38407
38409
38390
38402
38394
38397
38396
38387
38399
38391
38387
38406
38389
38395
38398
38385
38393
38393
38390
38401
38381
38395
38386
38384
38397
38395
38378
38394
38392
38386
38396
38390
38402
38396
38388
38392
38391
38404
38390
38393
38383
38393
38396
38390
38392
38381
38395
38403
38397
38395
38380
38396
38387
38399
38389
38393
38378
38398
38357
38384
38400
38386
38390
38386
38392
38372
38395
38371
38391
38387
38388
38393
38397
38390
38387
38390
38394
38387
38386
38395
38384
38401
38400
38383
38401
38390
38396
38386
38394
38391
38392
38357
38389
38388
38399
38385
38387
38382
38406
38374
38410
38389
38390
38396
38391
38388
38387
38388
38385
38390
38410
38379
38407
38400
38399
38381
38399
38399
38399
38378
38387
38464
38393
38371
38388
38398
38387
38399
38382
38398
38382
38387
38398
38400
38380
38401
38397
38381
38411
38384
38400
38386
38399
38387
38406
38380
38396
38398
38391
38399
38390
38389
38401
38380
38386
38398
38401
38391
38396
38399
38384
38406
38396
38403
38394
38396
38405
38380
38403
38399
38399
38381
38402
38386
38391
38397
38390
38388
38388
38388
38386
38401
38393
38388
38390
38400
38395
38388
38397
38398
38394
38401
38383
38404
38393
38392
38392
38396
38396
38396
38395
38382
38394
38393
38400
38400
38396
38385
38401
38389
38402
38403
38397
38390
38398
38407
38408
38389
38401
38407
38396
38394
38408
38386
38398
38406
38401
38386
38396
38389
38400
38400
38388
38396
38390
38389
38398
38410
38373
38397
38398
38383
38396
38393
38402
38396
38404
38394
38389
38395
38393
38399
38391
38394
38389
38398
38412
38384
38392
38403
38398
38400
38382
38404
38395
38385
38398
38391
38391
38398
38397
38393
38384
38407
38390
38392
38388
38388
38392
38398
38389
38391
38374
38400
38394
38389
