72757
74426
74340
74338
74340
74326
74338
74333
74342
74328
74337
74333
74338
74338
74324
74340
74350
74339
74347
74358
74339
74352
74355
74349
74347
74354
74344
74349
74347
74355
74355
74345
74361
74352
74350
74356
74357
74354
74350
74354
74351
74353
74356
74351
74360
74355
74363
74351
74368
74350
74356
74362
74353
74350
74361
74367
74361
74348
74360
74351
74343
74341
74339
74346
74349
74355
74346
74336
74355
74354
74349
74333
74362
74354
74352
74351
74346
74345
74345
74363
74336
74344
74337
74336
74336
74333
74326
74339
74341
74332
74336
74336
74348
74335
74338
75484
76034
75325
75322
75312
75328
75297
75323
75319
75309
75307
75328
75307
75317
75311
75321
75306
75327
75308
75326
75316
75326
75308
75329
75330
75329
75337
75322
75337
75323
75310
75327
75328
75339
75320
75328
75313
75326
75317
75320
75305
75317
75308
75329
75313
75321
75312
75322
75318
75311
75317
75308
75294
75314
75314
75316
75309
75319
75320
75317
75321
75324
75321
75320
75302
75337
75321
75315
75306
75316
75298
75313
75320
75320
75317
75313
75327
75300
75313
75310
75333
75313
75322
75316
75324
75317
75319
75298
75329
75315
75327
75309
75303
75318
75321
72825
74413
74337
74322
74324
74323
74333
74349
74349
74352
74351
74351
74343
74358
74367
74348
74350
74347
74344
74334
74347
74355
74349
74344
74341
74333
74331
74342
74323
74335
74342
74339
74346
74346
74344
74356
74354
74349
74350
74344
74347
74352
74356
74352
74351
74341
74341
74349
74343
74354
74339
74353
74370
74348
74354
74354
74348
74344
74349
74353
74359
74355
74356
74351
74354
74351
74342
74345
74333
74335
74347
74337
74346
74340
74338
74342
74344
74335
74344
74345
74337
74338
74335
74358
74340
74352
74340
74349
74344
74340
74341
74344
74334
74333
74343
75098
76323
75301
75338
75317
75318
75323
75300
75318
75321
75310
75308
75313
75317
75300
75324
75313
75320
75319
75320
75320
75324
75305
75315
75336
75310
75308
75315
75310
75323
75296
75324
75319
75316
75324
75320
75322
75327
75315
75332
75321
75320
75329
75321
75321
75320
75324
75301
75327
75321
75318
75321
75321
75325
75302
75326
75317
75304
75320
75307
75316
75315
75311
75310
75315
75320
75336
75320
75324
75328
75326
75327
75310
75320
75331
75338
75314
75327
75336
75312
75321
75324
75326
75317
75315
75343
75328
75319
75311
75325
75303
75317
75306
75317
75318
72932
74406
74342
74330
74349
74333
74329
74333
74348
74327
74339
74349
74346
74351
74340
74352
74339
74343
74348
74346
74349
74340
74348
74334
74343
74351
74355
74359
74351
74348
74349
74354
74351
74339
74328
74348
74340
74349
74345
74349
74348
74356
74353
74335
74347
74336
74347
74349
74339
74351
74352
74351
74356
74343
74347
74334
74352
74347
74360
74357
74348
74354
74348
74347
74351
74344
74339
74339
74340
74342
74335
74347
74334
74340
74324
74339
74351
74340
74343
74347
74348
74344
74351
74348
74350
74345
74338
74320
74351
74350
74341
74341
74349
74345
74352
74741
76632
75319
75338
75323
75330
75333
75335
75333
75323
75325
75315
75325
75328
75331
75319
75312
75323
75313
75306
75333
75333
75310
75344
75319
75325
75327
75344
75314
75341
75343
75327
75325
75348
75347
75326
75337
75322
75337
75329
75323
75331
75321
75326
75332
75318
75323
75335
75334
75330
75345
75336
75338
75338
75337
75326
75324
75324
75326
75333
75337
75322
75316
75321
75317
75314
75309
75327
75302
75332
75326
75326
75330
75334
75333
75346
75328
75323
75327
75327
75326
75314
75328
75325
75332
75337
75324
75339
75318
75337
75323
75334
75321
75326
75322
73036
74410
74350
74345
74342
74344
74341
74347
74336
74337
74349
74358
74352
74352
74353
74338
74353
74355
74343
74354
74345
74345
74358
74363
74359
74346
74358
74349
74358
74350
74350
74345
74320
74343
74346
74345
74339
74336
74328
74333
74322
74335
74329
74331
74338
74345
74351
74345
74333
74339
74348
74339
74349
74343
74356
74347
74338
74347
74345
74352
74340
74335
74339
74336
74343
74345
74348
74334
74331
74334
74346
74341
74338
74338
74350
74343
74335
74340
74328
74329
74332
74351
74324
74340
74344
74324
74330
74321
74342
74353
74338
74336
74327
74337
74333
74416
76890
75292
75326
75340
75332
75333
75317
75329
75312
75327
75305
75310
75333
75327
75327
75327
75312
75344
75318
75334
75316
75333
75315
75312
75331
75329
75312
75327
75329
75309
75326
75324
75325
75321
75323
75316
75312
75341
75320
75304
75326
75307
75319
75312
75334
75308
75315
75327
75319
75320
75325
75329
75351
75320
75317
75312
75305
75323
75324
75321
75319
75297
75326
75332
75314
75309
75321
75314
75329
75332
75325
75331
75322
75327
75343
75327
75317
75321
75323
75342
75307
75315
75320
75305
75313
75325
75326
75315
75307
75323
75309
75319
75318
75327
75319
75296
75314
75327
75318
75319
75310
75325
75314
75309
75322
75323
75330
75330
75315
75320
75326
75333
75337
75315
75323
75314
75323
75307
75332
75324
75326
75304
75309
75317
75307
75304
75328
75313
75296
75308
75315
75311
75320
75315
75317
75306
75314
75326
75326
75320
75320
75305
75321
75313
75310
75312
75317
75314
75316
75314
75316
75313
75313
75323
75338
75315
75311
75332
75315
75331
75326
75318
75329
75326
75296
75318
75313
75321
75305
75309
75310
75319
75320
75320
75313
75321
75328
75323
75301
75324
75326
75310
75308
75320
75299
75309
75313
75295
75302
75319
75313
75318
75310
75304
75309
75318
75294
75317
75318
75311
75331
75301
75316
75317
75297
75315
75314
75326
75296
75322
75320
75335
75315
75312
75319
75315
75318
75311
75319
75312
75333
75315
75326
75323
75328
75326
75321
75306
75327
75309
75317
75317
75329
75321
75336
75343
75329
75343
75359
75325
75320
75357
75329
75338
75331
75327
75322
75340
75315
75326
75311
75324
75311
75319
75326
75318
75310
75321
75315
75317
75306
75328
75319
75311
75314
75328
75313
75334
75317
75326
75315
75318
75317
75317
75330
75327
75324
75322
75350
75322
75316
75321
75320
75317
75310
75330
75319
75319
75332
75314
75307
75319
75334
75313
75328
75325
75320
75329
75316
75329
75333
75325
75308
75322
75321
75325
75328
75312
75317
75326
75312
75326
75330
75313
75318
75334
75308
75326
75314
75320
75325
75344
75326
75317
75320
75314
75327
75334
75314
75328
75306
75315
75323
75320
75318
75323
75325
75319
75329
75314
75343
75317
75312
75324
75306
75336
75330
75324
75313
75317
75325
75309
75301
75315
75320
75330
75304
75327
