17883
17927
18371
18577
18623
18616
18600
18591
18589
18591
18592
18586
18593
18589
18587
18591
18588
18591
18587
18583
18588
18595
18586
18584
18588
18588
18586
18587
18592
18587
18595
18589
18583
18589
18592
18587
18597
18591
18585
18589
18588
18593
18591
18586
18590
18588
18590
18590
18590
18594
18597
18591
18590
18587
18590
18593
18589
18593
18588
18581
18591
18589
18584
18586
18593
18590
18590
18594
18591
18590
18589
18585
18585
18591
18587
18580
18585
18590
18587
18587
18589
18587
18589
18591
18584
18586
18591
18589
18586
18584
18585
18588
18583
18581
18585
18734
19591
19430
19054
18796
18798
18828
18823
18827
18828
18826
18833
18827
18825
18830
18831
18834
18833
18817
18842
18821
18833
18832
18827
18833
18825
18840
18814
18836
18828
18817
18826
18836
18825
18829
18830
18828
18834
18800
18836
18827
18835
18822
18831
18829
18829
18823
18835
18835
18832
18826
18842
18822
18841
18821
18836
18832
18833
18832
18824
18841
18837
18823
18835
18833
18835
18822
18837
18836
18821
18841
18818
18842
18831
18831
18833
18838
18831
18830
18829
18848
18831
18838
18826
18837
18830
18829
18841
18822
18836
18828
18842
18825
18841
18835
17938
17888
18358
18579
18620
18611
18606
18589
18586
18590
18590
18586
18595
18595
18593
18590
18589
18587
18594
18585
18582
18586
18587
18582
18590
18591
18581
18583
18581
18587
18589
18588
18589
18588
18585
18585
18587
18590
18587
18586
18592
18591
18587
18592
18590
18594
18589
18583
18582
18595
18587
18590
18590
18592
18589
18591
18596
18583
18593
18593
18589
18588
18597
18591
18587
18593
18587
18587
18593
18587
18587
18589
18593
18587
18591
18588
18584
18587
18588
18590
18589
18585
18580
18585
18580
18589
18588
18590
18581
18583
18593
18586
18585
18585
18586
18700
19583
19415
19042
18818
18809
18837
18827
18837
18832
18835
18834
18823
18844
18820
18845
18822
18836
18837
18832
18824
18832
18838
18834
18829
18835
18837
18834
18829
18828
18832
18835
18842
18830
18836
18833
18837
18832
18831
18834
18831
18839
18833
18834
18829
18829
18837
18825
18840
18832
18826
18840
18837
18830
18836
18837
18836
18833
18843
18835
18830
18842
18835
18825
18839
18840
18824
18830
18847
18832
18836
18836
18836
18832
18840
18822
18838
18832
18835
18834
18827
18838
18831
18835
18847
18828
18838
18838
18833
18831
18844
18825
18836
18837
18839
18019
17877
18336
18569
18626
18620
18602
18602
18591
18592
18594
18594
18589
18594
18592
18587
18596
18599
18590
18595
18596
18594
18596
18595
18591
18584
18588
18596
18594
18592
18592
18588
18590
18589
18591
18595
18591
18592
18590
18588
18591
18589
18585
18590
18594
18586
18594
18596
18587
18589
18598
18599
18589
18594
18596
18591
18597
18596
18593
18599
18596
18593
18595
18592
18597
18593
18593
18594
18592
18594
18598
18592
18590
18595
18586
18594
18590
18584
18589
18597
18599
18588
18594
18593
18590
18592
18589
18589
18599
18593
18589
18593
18593
18587
18588
18663
19562
19452
19068
18826
18830
18833
18831
18835
18842
18845
18843
18841
18835
18835
18836
18824
18841
18839
18832
18842
18825
18846
18832
18827
18841
18824
18836
18837
18833
18827
18838
18828
18838
18834
18830
18835
18827
18847
18824
18837
18839
18818
18840
18831
18836
18837
18838
18836
18839
18839
18825
18842
18835
18831
18840
18829
18827
18849
18821
18838
18845
18832
18836
18834
18838
18825
18843
18836
18837
18842
18832
18831
18835
18838
18832
18816
18836
18843
18830
18836
18829
18839
18843
18841
18830
18833
18834
18834
18834
18836
18837
18826
18841
18838
18085
17853
18319
18562
18620
18618
18601
18597
18591
18584
18588
18592
18588
18590
18596
18587
18588
18590
18596
18586
18591
18595
18591
18593
18594
18594
18594
18594
18597
18590
18592
18594
18594
18594
18595
18590
18594
18591
18590
18594
18589
18586
18588
18587
18588
18590
18592
18591
18597
18592
18589
18593
18593
18589
18591
18598
18596
18591
18595
18589
18589
18596
18597
18595
18592
18589
18587
18596
18596
18590
18593
18595
18592
18585
18589
18592
18596
18593
18586
18587
18591
18585
18588
18592
18584
18587
18594
18594
18588
18587
18588
18592
18593
18586
18582
18609
19516
19500
19111
18834
18799
18830
18827
18831
18824
18838
18833
18837
18835
18837
18834
18828
18840
18837
18823
18838
18839
18835
18836
18825
18836
18828
18844
18822
18835
18834
18833
18832
18824
18834
18832
18830
18839
18828
18834
18826
18831
18841
18829
18827
18828
18834
18836
18836
18833
18835
18816
18823
18839
18824
18839
18833
18830
18828
18836
18842
18847
18826
18846
18830
18840
18840
18836
18834
18832
18840
18829
18845
18825
18838
18839
18840
18824
18836
18835
18834
18837
18835
18838
18835
18834
18836
18846
18833
18834
18833
18834
18829
18840
18840
18832
18830
18830
18828
18834
18842
18835
18837
18837
18832
18837
18835
18841
18831
18836
18840
18817
18841
18837
18839
18837
18830
18833
18832
18846
18831
18831
18832
18842
18827
18839
18836
18832
18835
18828
18840
18827
18842
18837
18834
18833
18822
18832
18835
18830
18839
18831
18833
18838
18823
18844
18837
18834
18834
18840
18835
18848
18840
18839
18818
18834
18835
18835
18829
18839
18827
18840
18830
18832
18843
18828
18837
18825
18822
18846
18837
18837
18837
18819
18833
18836
18844
18828
18826
18828
18833
18840
18830
18826
18831
18846
18824
18839
18820
18842
18833
18836
18837
18826
18835
18832
18833
18843
18824
18843
18827
18837
18816
18833
18839
18835
18841
18827
18834
18842
18828
18843
18837
18836
18824
18833
18835
18847
18827
18825
18840
18836
18827
18830
18833
18832
18820
18834
18840
18840
18834
18829
18840
18834
18836
18843
18825
18831
18837
18833
18834
18833
18831
18835
18828
18831
18827
18837
18840
18833
18832
18835
18839
18827
18842
18833
18838
18834
18841
18832
18822
18841
18833
18832
18834
18841
18821
18836
18838
18825
18835
18833
18828
18836
18833
18834
18837
18839
18828
18838
18839
18829
18829
18832
18844
18829
18832
18816
18831
18834
18838
18840
18823
18844
18832
18833
18827
18842
18835
18821
18835
18833
18821
18837
18830
18835
18830
18830
18833
18840
18836
18828
18835
18826
18833
18833
18839
18833
18827
18840
18819
18836
18828
18835
18837
18827
18820
18829
18847
18825
18837
18828
18844
18828
18827
18832
18839
18834
18824
18837
18839
18839
18833
18833
18838
18825
18836
18835
18826
18844
18818
18842
18826
18838
18835
18831
18838
18828
18833
