18766
18810
19253
19455
19500
19492
19478
19470
19465
19468
19470
19462
19469
19468
19467
19471
19466
19468
19467
19463
19469
19475
19467
19462
19465
19467
19466
19465
19471
19464
19473
19466
19459
19466
19469
19465
19473
19466
19462
19463
19464
19467
19465
19461
19463
19459
19463
19464
19463
19466
19469
19465
19465
19463
19467
19467
19466
19473
19465
19459
19469
19465
19463
19461
19468
19465
19465
19471
19467
19465
19467
19462
19463
19464
19466
19459
19465
19468
19466
19468
19469
19468
19469
19472
19465
19467
19468
19465
19462
19465
19465
19466
19463
19461
19464
19610
20447
20287
19919
19664
19665
19698
19688
19696
19698
19695
19701
19692
19691
19692
19693
19696
19700
19685
19704
19685
19697
19695
19691
19699
19693
19707
19677
19701
19692
19683
19691
19701
19689
19693
19695
19694
19699
19681
19699
19693
19701
19687
19694
19691
19692
19686
19699
19697
19693
19685
19704
19682
19703
19683
19696
19691
19692
19691
19684
19704
19700
19684
19697
19695
19694
19683
19701
19699
19682
19702
19680
19703
19691
19690
19694
19698
19695
19692
19688
19707
19693
19701
19688
19701
19693
19690
19705
19684
19699
19691
19706
19687
19705
19700
18820
18787
19238
19456
19499
19488
19485
19472
19467
19469
19470
19465
19473
19473
19474
19469
19468
19466
19473
19469
19465
19468
19471
19463
19474
19472
19461
19465
19463
19470
19474
19472
19473
19469
19466
19468
19468
19474
19467
19467
19472
19468
19464
19473
19470
19473
19468
19464
19460
19474
19466
19470
19469
19473
19469
19471
19480
19467
19473
19473
19470
19469
19476
19470
19468
19475
19470
19469
19474
19466
19470
19470
19471
19468
19473
19470
19466
19470
19469
19471
19470
19466
19461
19469
19465
19470
19470
19473
19465
19467
19475
19471
19472
19470
19469
19574
20437
20273
19905
19683
19674
19703
19693
19702
19696
19703
19700
19687
19708
19687
19709
19687
19697
19699
19694
19691
19698
19700
19698
19692
19698
19701
19700
19691
19691
19692
19693
19701
19690
19698
19693
19697
19693
19689
19694
19690
19700
19694
19695
19692
19692
19700
19691
19704
19694
19687
19703
19699
19693
19696
19695
19697
19692
19701
19692
19689
19702
19695
19687
19701
19703
19685
19690
19709
19695
19698
19695
19699
19693
19702
19683
19695
19694
19697
19694
19688
19699
19692
19696
19709
19689
19699
19697
19694
19689
19705
19686
19696
19696
19698
18898
18758
19210
19440
19497
19493
19475
19474
19464
19465
19466
19465
19461
19469
19466
19460
19464
19470
19460
19467
19466
19468
19467
19467
19463
19459
19461
19471
19467
19467
19464
19464
19467
19468
19467
19470
19467
19470
19470
19464
19466
19465
19459
19469
19471
19462
19470
19472
19464
19466
19474
19475
19467
19470
19473
19466
19468
19471
19467
19468
19469
19467
19467
19467
19472
19469
19471
19471
19471
19475
19477
19470
19469
19473
19463
19471
19467
19462
19466
19475
19476
19469
19472
19472
19466
19470
19465
19469
19472
19469
19468
19467
19470
19464
19463
19536
20413
20306
19927
19688
19688
19692
19692
19695
19702
19703
19700
19700
19699
19699
19701
19688
19704
19702
19697
19706
19689
19709
19694
19690
19703
19687
19701
19702
19699
19693
19699
19691
19703
19698
19694
19698
19693
19712
19690
19701
19696
19684
19708
19697
19696
19699
19700
19700
19703
19704
19688
19709
19702
19695
19705
19697
19692
19714
19685
19699
19707
19696
19699
19696
19699
19686
19706
19697
19699
19705
19693
19692
19697
19701
19696
19695
19703
19705
19694
19699
19693
19698
19706
19702
19690
19692
19693
19694
19693
19694
19698
19688
19700
19698
18962
18734
19193
19439
19497
19495
19478
19476
19468
19462
19466
19470
19468
19470
19475
19466
19464
19468
19474
19463
19466
19467
19466
19467
19468
19469
19469
19470
19473
19465
19466
19470
19469
19470
19471
19464
19469
19471
19470
19475
19470
19464
19467
19468
19468
19469
19471
19467
19472
19470
19467
19471
19468
19466
19471
19476
19474
19470
19473
19465
19468
19475
19477
19471
19469
19467
19468
19475
19475
19469
19474
19476
19473
19465
19469
19473
19473
19473
19468
19468
19470
19463
19467
19470
19462
19465
19470
19474
19466
19464
19466
19467
19470
19463
19461
19486
20370
20356
19972
19704
19667
19694
19691
19697
19689
19706
19699
19703
19701
19699
19700
19696
19706
19702
19687
19697
19700
19697
19701
19692
19701
19691
19707
19688
19701
19700
19697
19698
19687
19700
19696
19696
19705
19692
19700
19690
19696
19705
19696
19693
19700
19702
19702
19701
19700
19699
19698
19690
19705
19690
19702
19696
19695
19691
19699
19703
19707
19689
19708
19693
19699
19701
19698
19699
19695
19700
19687
19707
19684
19699
19698
19704
19688
19699
19696
19695
19701
19696
19699
19699
19697
19700
19708
19696
19697
19697
19697
19691
19702
19703
19695
19692
19694
19692
19697
19707
19696
19696
19698
19692
19695
19696
19703
19695
19700
19705
19683
19708
19701
19700
19699
19695
19697
19694
19707
19695
19692
19699
19705
19692
19703
19705
19699
19701
19695
19707
19693
19706
19700
19696
19698
19686
19696
19699
19695
19701
19694
19697
19705
19689
19709
19695
19695
19698
19702
19696
19710
19700
19701
19683
19700
19701
19702
19693
19706
19694
19705
19696
19700
19706
19692
19700
19691
19687
19706
19702
19700
19700
19681
19698
19702
19712
19696
19692
19692
19695
19708
19694
19690
19696
19712
19689
19704
19685
19705
19699
19701
19701
19688
19698
19695
19696
19704
19686
19705
19690
19702
19694
19695
19701
19701
19704
19694
19700
19706
19693
19707
19702
19701
19691
19697
19699
19710
19690
19688
19702
19699
19691
19697
19699
19696
19685
19698
19705
19705
19695
19691
19700
19696
19700
19704
19688
19695
19699
19701
19698
19696
19708
19700
19695
19696
19692
19701
19702
19694
19695
19697
19702
19686
19705
19696
19699
19695
19703
19697
19687
19706
19695
19695
19696
19704
19686
19703
19705
19692
19698
19699
19695
19701
19698
19696
19698
19703
19692
19702
19701
19692
19692
19694
19709
19696
19697
19700
19694
19697
19701
19705
19686
19709
19699
19701
19692
19710
19701
19689
19702
19702
19688
19701
19697
19701
19699
19698
19701
19707
19705
19696
19702
19691
19699
19700
19705
19698
19690
19708
19686
19704
19695
19701
19707
19694
19687
19695
19710
19689
19700
19692
19707
19688
19691
19694
19702
19695
19688
19703
19704
19705
19697
19694
19699
19689
19698
19695
19690
19708
19683
19705
19693
19701
19699
19694
19701
19691
19699
