15375
16191
17171
17552
17673
17699
17701
17695
17684
17687
17681
17687
17683
17674
17683
17691
17685
17684
17683
17678
17688
17684
17684
17685
17686
17683
17683
17687
17689
17688
17681
17679
17685
17690
17685
17680
17682
17678
17674
17687
17681
17681
17686
17682
17687
17679
17681
17679
17685
17682
17679
17681
17686
17685
17681
17684
17685
17682
17684
17682
17679
17684
17688
17684
17676
17676
17677
17681
17681
17681
17681
17683
17676
17681
17683
17681
17684
17683
17680
17682
17678
17676
17682
17681
17679
17679
17680
17678
17677
17680
17685
17675
17671
17682
17681
17683
17683
17675
17683
17676
17995
21299
20778
20285
19980
19726
19489
19264
19040
18812
18591
18436
18635
18793
18880
18875
18840
18837
18816
18834
18836
18832
18820
18839
18831
18830
18828
18833
18838
18825
18846
18827
18843
18832
18836
18830
18835
18837
18834
18835
18819
18832
18847
18829
18836
18832
18828
18846
18824
18837
18828
18846
18829
18838
18836
18829
18824
18831
18835
18826
18841
18829
18830
18840
18834
18831
18830
18843
18831
18840
18827
18842
18829
18836
18829
18847
18834
18837
18831
18829
18835
18833
18827
18842
18824
18837
18826
18841
18831
18829
18842
18826
18838
18836
18290
15191
16476
17290
17589
17686
17707
17698
17695
17684
17679
17679
17683
17679
17686
17681
17684
17679
17681
17685
17685
17677
17682
17682
17686
17680
17685
17682
17684
17691
17684
17684
17681
17678
17682
17681
17684
17679
17687
17679
17676
17685
17689
17685
17679
17675
17685
17684
17683
17689
17682
17683
17685
17679
17677
17680
17677
17678
17680
17679
17679
17680
17678
17681
17688
17686
17683
17677
17680
17679
17685
17681
17678
17675
17677
17685
17686
17678
17680
17683
17679
17681
17677
17680
17686
17688
17687
17680
17664
17681
17682
17680
17676
17683
17682
17681
17679
17676
17681
17682
17682
18754
21300
20638
20212
19927
19677
19441
19214
18987
18760
18538
18455
18680
18820
18893
18845
18834
18833
18840
18832
18828
18833
18834
18828
18830
18826
18826
18831
18832
18828
18827
18831
18832
18837
18825
18838
18845
18826
18833
18830
18830
18831
18836
18837
18821
18844
18819
18834
18827
18839
18829
18833
18837
18827
18838
18832
18825
18847
18833
18836
18826
18835
18843
18835
18835
18830
18832
18827
18846
18828
18828
18836
18847
18826
18825
18839
18840
18820
18837
18830
18830
18845
18824
18842
18823
18837
18833
18821
18834
18830
18835
18836
18822
18834
17474
15374
16718
17387
17627
17682
17700
17692
17687
17664
17678
17673
17675
17684
17682
17679
17682
17681
17672
17674
17676
17674
17679
17678
17678
17688
17682
17681
17683
17676
17676
17681
17680
17673
17682
17677
17686
17682
17684
17682
17685
17687
17680
17674
17679
17685
17678
17680
17680
17682
17680
17682
17681
17683
17684
17682
17679
17686
17685
17686
17680
17685
17682
17684
17683
17683
17676
17682
17677
17686
17681
17680
17682
17686
17679
17679
17679
17686
17683
17684
17676
17686
17683
17684
17679
17685
17682
17685
17681
17681
17680
17676
17680
17685
17679
17679
17682
17687
17679
17675
17680
19546
21187
20525
20145
19868
19629
19393
19166
18937
18712
18492
18496
18722
18842
18898
18853
18839
18841
18830
18832
18824
18834
18835
18844
18824
18832
18836
18839
18830
18831
18837
18820
18842
18830
18836
18824
18816
18834
18833
18831
18834
18821
18835
18839
18824
18834
18822
18839
18835
18822
18835
18828
18832
18830
18834
18840
18824
18833
18842
18831
18834
18839
18834
18830
18829
18829
18838
18831
18838
18836
18840
18839
18832
18824
18837
18831
18826
18838
18827
18836
18832
18828
18832
18834
18838
18830
18827
18845
18820
18836
18836
18839
18822
18845
16642
15667
16913
17464
17651
17694
17699
17702
17691
17684
17678
17687
17684
17685
17681
17683
17688
17688
17683
17680
17688
17678
17685
17689
17678
17682
17682
17680
17685
17677
17684
17689
17686
17687
17681
17681
17684
17685
17679
17685
17682
17690
17684
17686
17691
17687
17683
17688
17688
17690
17687
17684
17681
17689
17687
17685
17682
17687
17687
17690
17682
17681
17677
17686
17690
17685
17679
17686
17683
17681
17686
17688
17683
17687
17685
17685
17683
17681
17687
17684
17686
17681
17691
17688
17683
17683
17687
17685
17685
17679
17684
17690
17690
17690
17683
17685
17689
17684
17664
17681
17683
20370
21040
20428
20085
19820
19578
19344
19117
18892
18666
18450
18558
18763
18868
18890
18850
18831
18837
18840
18823
18836
18841
18835
18826
18834
18834
18841
18832
18840
18835
18844
18836
18840
18838
18834
18838
18835
18838
18823
18840
18836
18835
18836
18821
18839
18840
18831
18835
18839
18835
18830
18836
18835
18840
18829
18827
18841
18837
18836
18834
18839
18839
18836
18830
18844
18830
18833
18846
18825
18839
18844
18839
18831
18845
18822
18841
18838
18833
18841
18836
18832
18836
18836
18836
18838
18836
18838
18832
18843
18816
18845
18842
18834
18839
18838
18841
18831
18837
18841
18842
18832
18840
18844
18824
18845
18833
18834
18829
18836
18830
18827
18838
18843
18834
18846
18827
18837
18842
18831
18840
18841
18836
18843
18836
18839
18842
18835
18837
18827
18847
18843
18830
18838
18832
18835
18840
18829
18830
18838
18836
18832
18835
18837
18829
18836
18835
18832
18837
18830
18835
18844
18816
18830
18834
18820
18830
18844
18827
18845
18837
18831
18827
18842
18835
18845
18822
18839
18836
18837
18824
18839
18840
18834
18843
18826
18835
18842
18834
18835
18841
18828
18837
18823
18835
18836
18830
18833
18833
18843
18834
18836
18837
18836
18831
18825
18834
18840
18837
18831
18828
18835
18831
18837
18834
18818
18839
18828
18820
18836
18828
18843
18822
18840
18830
18830
18834
18831
18833
18824
18840
18832
18823
18847
18822
18844
18830
18832
18830
18836
18831
18837
18831
18839
18823
18832
18852
18831
18835
18829
18833
18831
18834
18839
18829
18845
18835
18841
18829
18828
18836
18843
18831
18833
18842
18825
18849
18834
18828
18833
18840
18834
18831
18826
18841
18837
18842
18828
18830
18829
18844
18832
18834
18831
18830
18843
18838
18831
18836
18825
18843
18822
18844
18840
18826
18843
18827
18832
18842
18835
18837
18828
18839
18838
18826
18833
18836
18840
18839
18827
18834
18830
18844
18827
18835
18841
18832
18837
18835
18842
18834
18839
18825
18830
18849
18832
18834
18839
18838
18816
18840
18829
18833
18840
18828
18833
18828
18835
18837
18835
18836
18826
18837
18826
18845
18832
18828
18829
18839
18832
