32254
35485
36146
36166
36134
36139
36128
36136
36134
36137
36141
36135
36140
36133
36135
36138
36131
36136
36130
36146
36130
36131
36125
36135
36139
36137
36136
36139
36136
36144
36134
36142
36140
36149
36140
36130
36147
36144
36142
36141
36135
36134
36141
36133
36136
36146
36135
36131
36131
36132
36141
36136
36139
36129
36132
36137
36129
36126
36138
36141
36132
36134
36134
36129
36130
36128
36141
36135
36136
36139
36138
36137
36135
36140
36130
36144
36132
36132
36132
36139
36138
36125
36146
36134
36140
36140
36133
36137
36134
36139
36121
36131
36131
36126
36122
36124
36127
36128
36137
36127
37562
42628
40805
39750
38780
37843
38019
38495
38427
38405
38406
38408
38403
38415
38410
38396
38404
38404
38393
38414
38392
38400
38401
38407
38399
38409
38405
38406
38406
38409
38391
38416
38404
38404
38390
38414
38389
38412
38395
38401
38409
38407
38410
38393
38404
38410
38402
38401
38401
38397
38393
38406
38398
38409
38406
38397
38410
38398
38401
38409
38413
38395
38396
38404
38393
38419
38392
38419
38404
38422
38403
38391
38409
38397
38408
38400
38391
38405
38386
38400
38398
38400
38402
38414
38394
38401
38395
38403
38408
38401
38405
38388
38389
38414
38256
32217
35535
36136
36156
36136
36125
36122
36132
36131
36123
36138
36130
36127
36122
36129
36127
36137
36125
36129
36137
36128
36138
36133
36127
36134
36138
36135
36125
36131
36133
36125
36131
36126
36139
36126
36132
36129
36124
36137
36127
36123
36123
36127
36125
36125
36134
36125
36133
36126
36134
36129
36128
36132
36116
36133
36123
36126
36132
36129
36125
36132
36128
36124
36126
36132
36126
36126
36129
36135
36133
36140
36121
36131
36117
36126
36135
36130
36128
36129
36134
36128
36135
36130
36132
36128
36133
36136
36132
36127
36127
36130
36131
36130
36132
36120
36124
36121
36132
36129
36115
37829
42530
40744
39693
38726
37809
38078
38475
38417
38395
38414
38396
38388
38386
38410
38396
38394
38406
38395
38394
38406
38383
38405
38403
38397
38405
38404
38397
38394
38414
38390
38387
38402
38394
38389
38401
38408
38391
38411
38386
38395
38400
38396
38394
38400
38385
38401
38410
38387
38394
38403
38395
38394
38392
38399
38385
38391
38408
38397
38399
38395
38391
38401
38399
38393
38387
38409
38384
38392
38356
38397
38381
38399
38391
38389
38392
38400
38403
38394
38398
38391
38395
38397
38400
38403
38401
38394
38400
38395
38393
38386
38389
38388
38740
38100
32232
35581
36136
36144
36118
36125
36132
36119
36121
36120
36129
36122
36117
36114
36116
36109
36115
36124
36122
36130
36118
36123
36122
36118
36127
36116
36129
36122
36124
36114
36121
36127
36123
36128
36127
36132
36125
36121
36125
36129
36132
36125
36120
36121
36115
36132
36127
36126
36124
36114
36131
36126
36123
36124
36126
36126
36120
36120
36126
36129
36130
36124
36125
36130
36123
36131
36132
36128
36134
36119
36130
36132
36130
36133
36122
36129
36124
36129
36125
36128
36133
36132
36116
36121
36132
36116
36130
36118
36133
36123
36124
36126
36117
36124
36130
36124
36125
36129
36135
36123
38168
42413
40671
39634
38670
37769
38113
38480
38421
38393
38397
38378
38402
38396
38381
38403
38393
38392
38377
38398
38399
38393
38407
38396
38392
38391
38406
38399
38385
38389
38408
38389
38382
38403
38381
38375
38412
38383
38391
38397
38393
38402
38400
38389
38401
38398
38382
38401
38385
38384
38394
38388
38389
38397
38389
38405
38390
38387
38377
38382
38392
38395
38381
38381
38379
38384
38393
38395
38391
38377
38396
38390
38373
38383
38380
38399
38382
38385
38393
38387
38392
38385
38480
38377
38388
38394
38388
38388
38400
38384
38403
38397
38385
38414
37896
32319
35626
36142
36147
36126
36116
36117
36116
36127
36119
36107
36126
36115
36124
36118
36118
36119
36112
36113
36121
36120
36121
36121
36119
36127
36123
36121
36136
36119
36125
36131
36127
36128
36119
36126
36127
36129
36128
36128
36127
36126
36131
36128
36124
36129
36128
36125
36122
36124
36130
36129
36119
36130
36128
36130
36126
36122
36125
36125
36130
36120
36130
36125
36124
36129
36118
36136
36119
36127
36128
36122
36124
36120
36134
36127
36130
36122
36127
36127
36129
36128
36124
36130
36124
36126
36122
36118
36126
36122
36121
36122
36125
36132
36121
36130
36125
36123
36127
36120
36123
38335
42378
40676
39630
38661
37762
38105
38481
38403
38394
38395
38373
38408
38385
38413
38388
38396
38403
38396
38389
38398
38399
38394
38391
38388
38394
38403
38403
38396
38399
38397
38395
38408
38400
38384
38400
38410
38397
38393
38401
38397
38398
38410
38399
38385
38400
38395
38389
38382
38392
38378
38406
38396
38383
38395
38388
38373
38397
38379
38383
38398
38388
38397
38381
38390
38403
38380
38400
38383
38400
38388
38390
38387
38412
38393
38377
38396
38374
38390
38400
38391
38389
38392
38399
38382
38392
38381
38400
38398
38383
38394
38391
38394
38375
38401
38385
38382
38379
38383
38391
38391
38382
38391
38388
38393
38382
38391
38391
38392
38394
38377
38397
38402
38386
38397
38390
38386
38392
38384
38395
38382
38386
38389
38395
38410
38373
38393
38401
38390
38403
38395
38383
38392
38384
38387
38396
38388
38390
38396
38397
38386
38401
38386
38394
38385
38393
38396
38371
38392
38395
38389
38390
38394
38395
38371
38394
38390
38384
38395
38390
38384
38403
38386
38407
38384
38396
38405
38382
38389
38398
38382
38385
38400
38357
38385
38398
38398
38392
38464
38392
38392
38385
38396
38371
38383
38408
38382
38399
38393
38386
38396
38372
38391
38401
38387
38396
38389
38378
38385
38390
38373
38400
38366
38401
38379
38397
38389
38402
38382
38385
38404
38374
38393
38373
38392
38403
38381
38400
38394
38380
38381
38392
38391
38395
38389
38370
38386
38383
38384
38386
38380
38379
38394
38379
38386
38383
38390
38378
38385
38386
38383
38372
38386
38400
38387
38372
38398
38394
38387
38394
38390
38394
38385
38391
38378
38376
38392
38386
38375
38392
38383
38381
38403
38386
38384
38395
38385
38398
38390
38392
38379
38397
38404
38401
38394
38388
38396
38395
38410
38384
38392
38388
38402
38385
38397
38396
38379
38382
38381
38390
38380
38398
38390
38384
38395
38394
38394
38389
38394
38386
38390
38395
38384
38396
38402
38385
38400
38394
38398
38391
38392
38391
38402
38389
38373
38397
38395
38385
38386
38374
38407
38391
38395
38382
38400
38392
38383
38868
38388
38400
38404
38399
38381
38403
38389
38379
38402
38386
38395
