16816
17408
18184
18458
18527
18532
18526
18513
18509
18509
18511
18513
18510
18509
18510
18510
18509
18506
18508
18512
18508
18504
18506
18512
18512
18511
18502
18512
18506
18507
18507
18512
18514
18520
18514
18511
18512
18515
18510
18507
18507
18509
18510
18515
18504
18510
18510
18509
18519
18518
18510
18517
18510
18511
18514
18513
18512
18512
18515
18511
18514
18510
18517
18512
18510
18514
18510
18510
18505
18513
18509
18508
18504
18508
18507
18514
18514
18505
18512
18519
18512
18505
18509
18511
18510
18511
18511
18512
18504
18504
18508
18509
18510
18510
18509
18509
18507
18511
20118
20737
20201
19867
19603
19358
19125
18917
19060
19203
19221
19216
19264
19211
19200
19219
19209
19207
19209
19194
19222
19204
19203
19217
19211
19203
19211
19208
19210
19206
19206
19216
19201
19214
19210
19210
19212
19197
19216
19210
19206
19198
19218
19209
19217
19211
19209
19206
19211
19209
19208
19205
19210
19208
19206
19207
19202
19211
19208
19213
19207
19191
19205
19206
19218
19203
19202
19207
19200
19219
19198
19210
19208
19200
19205
19205
19211
19189
19214
19200
19219
19197
19207
19211
19210
19199
19204
19211
19205
19213
19207
19206
19200
19208
17828
16950
17965
18387
18517
18536
18525
18524
18516
18516
18512
18505
18516
18508
18506
18506
18512
18511
18509
18507
18513
18506
18511
18511
18506
18507
18508
18510
18509
18509
18505
18513
18514
18514
18502
18507
18509
18509
18511
18505
18507
18515
18510
18508
18510
18515
18508
18511
18509
18503
18510
18512
18506
18503
18510
18509
18514
18507
18513
18515
18509
18506
18506
18513
18512
18506
18511
18505
18508
18507
18504
18511
18516
18515
18501
18507
18510
18509
18506
18508
18507
18512
18509
18502
18514
18511
18508
18505
18510
18507
18502
18509
18507
18506
18506
18503
18508
18507
19200
20889
20383
19986
19703
19453
19219
18983
18965
19153
19226
19204
19207
19217
19201
19206
19200
19211
19198
19216
19208
19203
19194
19204
19206
19213
19206
19210
19204
19215
19214
19216
19206
19200
19216
19210
19199
19214
19201
19201
19215
19208
19210
19202
19204
19209
19202
19208
19215
19201
19209
19207
19202
19206
19212
19205
19207
19213
19205
19196
19211
19201
19211
19217
19202
19206
19215
19201
19203
19211
19201
19218
19195
19211
19207
19213
19203
19200
19209
19203
19218
19205
19264
19211
19187
19207
19212
19213
19208
19206
19204
19205
19212
19212
18823
16656
17654
18282
18486
18536
18526
18516
18516
18517
18516
18509
18510
18514
18510
18507
18506
18508
18507
18510
18503
18505
18514
18506
18510
18509
18509
18511
18505
18510
18508
18503
18506
18506
18509
18510
18507
18504
18510
18509
18513
18504
18511
18506
18509
18506
18507
18512
18507
18507
18510
18513
18509
18504
18506
18508
18503
18502
18506
18507
18506
18511
18511
18505
18511
18503
18506
18503
18511
18505
18501
18509
18512
18505
18506
18507
18511
18512
18506
18509
18515
18514
18512
18505
18513
18518
18503
18510
18515
18517
18508
18513
18509
18509
18513
18514
18510
18510
18519
20690
20621
20126
19818
19558
19317
19085
18922
19107
19215
19219
19207
19225
19206
19219
19212
19212
19200
19211
19202
19211
19207
19207
19212
19214
19213
19264
19221
19207
19212
19215
19205
19205
19216
19210
19207
19213
19215
19199
19208
19215
19204
19204
19212
19198
19210
19206
19211
19208
19216
19207
19196
19215
19200
19212
19199
19211
19203
19214
19202
19216
19208
19200
19209
19208
19202
19207
19201
19202
19196
19211
19204
19216
19204
19202
19210
19197
19215
19197
19203
19219
19207
19208
19200
19207
19207
19202
19205
19200
19195
19204
19203
19205
19205
17234
17216
18100
18431
18516
18536
18520
18514
18511
18508
18499
18508
18506
18499
18507
18501
18510
18507
18503
18504
18501
18509
18511
18506
18498
18507
18509
18505
18508
18501
18506
18504
18505
18510
18505
18507
18504
18505
18509
18508
18512
18503
18508
18507
18507
18505
18501
18509
18506
18511
18506
18508
18508
18507
18506
18509
18507
18509
18504
18505
18507
18507
18510
18509
18505
18508
18503
18508
18507
18506
18508
18506
18506
18500
18501
18507
18510
18513
18505
18511
18514
18512
18507
18509
18510
18509
18512
18514
18501
18504
18516
18509
18516
18512
18512
18508
18510
18514
19696
20831
20281
19924
19653
19407
19170
18937
19016
19177
19222
19209
19217
19199
19213
19216
19198
19215
19208
19211
19201
19212
19205
19208
19197
19214
19207
19213
19190
19212
19209
19196
19213
19196
19205
19208
19202
19214
19201
19195
19217
19194
19208
19207
19202
19202
19214
19209
19196
19212
19213
19192
19212
19219
19204
19212
19203
19200
19212
19207
19213
19211
19208
19208
19200
19209
19208
19208
19210
19204
19212
19206
19204
19198
19214
19198
19208
19211
19206
19209
19197
19216
19203
19206
19207
19193
19207
19219
19203
19194
19210
19210
19192
19206
19207
19215
19193
19221
19198
19211
19200
19211
19197
19209
19202
19207
19198
19211
19198
19205
19211
19207
19204
19205
19205
19199
19207
19200
19191
19211
19209
19199
19210
19199
19210
19208
19209
19204
19202
19212
19208
19193
19207
19210
19201
19210
19206
19197
19210
19203
19198
19207
19205
19202
19208
19211
19197
19214
19197
19210
19205
19200
19205
19210
19202
19216
19194
19205
19206
19205
19207
19205
19206
19203
19197
19213
19199
19212
19186
19216
19193
19198
19215
19199
19201
19201
19211
19194
19205
19201
19203
19204
19201
19198
19199
19212
19207
19199
19204
19200
19215
19193
19209
19198
19202
19210
19203
19204
19196
19209
19198
19210
19206
19204
19192
19208
19218
19202
19192
19204
19209
19202
19212
19209
19205
19203
19198
19208
19200
19201
19194
19211
19201
19199
19207
19204
19207
19197
19195
19203
19197
19211
19196
19214
19195
19208
19194
19201
19216
19192
19209
19205
19208
19197
19211
19202
19212
19201
19201
19208
19201
19205
19197
19212
19213
19196
19200
19211
19208
19196
19197
19211
19187
19208
19214
19207
19208
19207
19206
19191
19212
19195
19213
19197
19204
19208
19208
19199
19200
19213
19187
19209
19201
19211
19198
19211
19202
19206
19203
19205
19205
19201
19208
19203
19197
19202
19210
19194
19207
19211
19193
19206
19203
19205
19200
19206
19198
19209
19195
19205
19206
19193
19200
19210
19197
19193
19204
19209
19194
19194
19211
19208
19198
19202
19214
19206
19200
19204
19196
19202
19201
19212
19203
19194
19208
19280
19202
19197
19212
19191
19215
19201
19207
19264
19210
19194
19210
19204
19204
