2361
2299
2256
2231
2219
2214
2219
2230
2246
2260
2277
2293
2309
2321
2332
2345
2356
2364
2369
2376
2383
2387
2391
2396
2399
2400
2401
2404
2406
2406
2406
2412
2409
2409
2408
2409
2411
2411
2410
2411
2411
2409
2409
2409
2409
2409
2408
2408
2408
2408
2407
2408
2409
2409
2407
2408
2410
2409
2408
2407
2408
2407
2406
2406
2407
2406
2406
2407
2407
2407
2406
2406
2407
2407
2406
2408
2408
2407
2406
2407
2408
2409
2407
2407
2409
2408
2406
2407
2408
2408
2406
2407
2407
2406
2405
2406
2407
2422
2523
2573
2598
2610
2617
2620
2620
2618
2615
2611
2605
2596
2585
2577
2569
2561
2554
2549
2542
2537
2531
2527
2522
2517
2514
2509
2505
2501
2497
2493
2490
2486
2482
2478
2475
2470
2466
2463
2460
2456
2453
2449
2445
2441
2438
2435
2431
2432
2439
2444
2447
2451
2454
2458
2459
2462
2461
2458
2460
2461
2457
2460
2463
2462
2459
2462
2465
2467
2461
2455
2459
2462
2465
2467
2464
2456
2459
2461
2464
2467
2464
2462
2465
2460
2463
2466
2466
2457
2457
2462
2464
2466
2456
2348
2289
2251
2227
2217
2215
2220
2233
2247
2263
2279
2296
2311
2323
2334
2346
2356
2363
2370
2378
2383
2386
2391
2397
2400
2401
2404
2406
2406
2406
2409
2409
2410
2409
2409
2411
2410
2409
2409
2409
2411
2409
2409
2410
2411
2409
2409
2409
2409
2408
2408
2409
2408
2406
2406
2407
2408
2406
2405
2407
2412
2406
2407
2407
2408
2407
2406
2407
2407
2407
2405
2406
2408
2407
2407
2408
2409
2408
2407
2407
2408
2407
2407
2406
2407
2407
2405
2407
2406
2404
2404
2407
2407
2406
2406
2407
2408
2438
2535
2576
2601
2612
2618
2620
2619
2617
2614
2609
2600
2588
2578
2571
2563
2556
2549
2544
2538
2533
2528
2523
2519
2514
2509
2506
2501
2498
2494
2489
2485
2482
2478
2475
2470
2467
2463
2459
2456
2453
2448
2444
2441
2437
2433
2432
2439
2443
2448
2452
2455
2457
2460
2458
2451
2453
2456
2459
2462
2464
2466
2460
2454
2458
2461
2463
2466
2462
2463
2465
2462
2461
2465
2467
2463
2456
2460
2462
2464
2467
2464
2457
2459
2463
2465
2468
2466
2458
2459
2462
2465
2466
2440
2339
2284
2247
2226
2216
2215
2222
2235
2248
2263
2281
2297
2311
2323
2336
2348
2357
2364
2371
2377
2383
2386
2391
2396
2398
2398
2401
2404
2406
2406
2408
2408
2408
2407
2409
2411
2409
2409
2410
2411
2410
2409
2410
2410
2409
2409
2409
2409
2409
2408
2408
2409
2408
2406
2407
2408
2408
2407
2406
2408
2407
2407
2407
2408
2407
2406
2406
2408
2408
2407
2406
2408
2408
2407
2407
2407
2406
2405
2406
2406
2406
2406
2405
2406
2407
2406
2406
2406
2407
2406
2406
2408
2407
2406
2407
2407
2407
2451
2543
2583
2602
2613
2618
2620
2618
2617
2613
2608
2604
2594
2583
2574
2567
2559
2553
2546
2541
2537
2531
2527
2522
2518
2513
2508
2504
2501
2497
2493
2488
2484
2481
2478
2473
2470
2466
2463
2459
2456
2452
2449
2445
2441
2437
2434
2430
2433
2440
2444
2448
2451
2454
2457
2460
2460
2452
2452
2456
2459
2461
2463
2466
2466
2461
2456
2459
2462
2464
2467
2462
2462
2465
2462
2461
2465
2462
2461
2465
2466
2463
2456
2459
2462
2465
2465
2461
2464
2465
2461
2464
2466
2419
2320
2271
2240
2222
2214
2216
2226
2239
2253
2269
2287
2303
2315
2327
2338
2348
2357
2365
2373
2379
2384
2388
2394
2398
2400
2401
2404
2406
2406
2406
2408
2409
2409
2408
2409
2410
2409
2408
2410
2410
2408
2408
2410
2410
2408
2407
2409
2410
2408
2408
2409
2410
2407
2407
2408
2408
2407
2406
2407
2408
2408
2407
2408
2408
2412
2405
2406
2407
2406
2405
2406
2409
2407
2406
2406
2408
2406
2406
2406
2407
2412
2405
2407
2408
2408
2406
2407
2409
2407
2406
2406
2407
2406
2405
2406
2407
2406
2471
2551
2587
2604
2613
2618
2619
2618
2615
2611
2607
2596
2585
2588
2568
2561
2553
2547
2542
2536
2531
2527
2522
2517
2512
2508
2504
2500
2496
2492
2488
2484
2481
2477
2473
2470
2465
2462
2458
2454
2451
2447
2444
2441
2437
2433
2433
2439
2444
2449
2452
2455
2458
2460
2457
2458
2461
2463
2464
2457
2454
2458
2460
2463
2464
2465
2461
2463
2465
2459
2455
2460
2462
2465
2467
2462
2464
2466
2467
2460
2457
2461
2464
2466
2462
2463
2465
2462
2463
2465
2462
2462
2466
2464
2460
2458
2462
2464
2465
2461
2463
2466
2461
2464
2466
2467
2458
2457
2461
2464
2467
2461
2456
2459
2462
2465
2467
2463
2463
2466
2462
2455
2460
2462
2464
2467
2465
2463
2465
2461
2464
2466
2466
2458
2459
2462
2465
2466
2461
2464
2466
2460
2456
2459
2461
2464
2466
2462
2464
2463
2461
2464
2466
2463
2456
2459
2462
2465
2467
2466
2457
2459
2462
2465
2468
2467
2459
2459
2462
2464
2462
2462
2465
2466
2461
2457
2460
2463
2466
2444
2462
2464
2464
2461
2465
2467
2465
2457
2459
2462
2464
2467
2466
2457
2458
2462
2464
2466
2466
2457
2457
2461
2464
2465
2466
2459
2456
2461
2463
2465
2467
2462
2464
2466
2467
2459
2457
2461
2464
2464
2467
2460
2456
2459
2462
2465
2467
2467
2460
2458
2461
2465
2467
2463
2456
2459
2462
2464
2466
2468
2463
2457
2460
2463
2466
2468
2464
2456
2459
2461
2464
2467
2464
2462
2465
2465
2456
2458
2461
2463
2465
2467
2465
2457
2459
2462
2464
2466
2466
2457
2459
2462
2464
2466
2467
2459
2457
2461
2464
2465
2467
2460
2456
2460
2463
2465
2466
2460
2456
2459
2462
2465
2466
2462
2463
2466
2467
2461
2456
2460
2463
2465
2462
2461
2464
2463
2461
2464
2462
2460
2463
2463
2461
2463
2464
2460
2462
2465
2464
2456
2457
2460
2462
2464
2465
2461
2464
2465
2461
2463
2465
2460
2462
2464
2460
2462
2464
2465
2457
2457
2460
2463
2464
2465
2461
2463
2460
2461
2464
2466
2460
2455
2459
2462
