75502
77221
77134
77136
77145
77130
77134
77126
77124
77122
77137
77134
77133
77136
77129
77137
77145
77142
77138
77146
77122
77130
77120
77137
77135
77140
77139
77131
77124
77139
77140
77128
77136
77124
77125
77132
77136
77120
77124
77121
77125
77127
77134
77122
77124
77127
77137
77127
77146
77129
77128
77127
77111
77120
77129
77133
77136
77134
77139
77136
77131
77134
77131
77153
77148
77149
77147
77139
77149
77139
77150
77129
77146
77143
77151
77147
77150
77147
77143
77160
77126
77142
77136
77136
77144
77137
77130
77135
77133
77122
77130
77133
77141
77127
77139
78297
78830
78088
78088
78080
78089
78073
78096
78086
78083
78080
78094
78077
78081
78073
78087
78078
78099
78073
78086
78076
78088
78076
78095
78096
78093
78102
78099
78120
78100
78078
78088
78090
78103
78085
78083
78088
78098
78084
78099
78086
78094
78084
78096
78080
78088
78083
78094
78098
78091
78101
78092
78066
78081
78079
78074
78066
78078
78082
78071
78067
78074
78088
78073
78058
78081
78069
78073
78067
78078
78065
78077
78079
78089
78068
78075
78092
78069
78093
78076
78095
78067
78090
78084
78098
78085
78083
78077
78107
78088
78101
78089
78087
78085
78079
75561
77207
77136
77127
77126
77112
77117
77134
77126
77125
77125
77123
77109
77121
77134
77115
77121
77115
77110
77106
77122
77128
77125
77116
77068
77119
77119
77133
77110
77121
77126
77122
77126
77127
77123
77128
77125
77130
77125
77132
77112
77118
77113
77123
77126
77118
77111
77129
77127
77137
77113
77123
77137
77115
77122
77130
77121
77113
77124
77118
77115
77106
77121
77117
77112
77116
77109
77121
77113
77112
77124
77119
77125
77118
77122
77113
77116
77104
77116
77121
77106
77118
77109
77127
77109
77123
77113
77124
77118
77117
77120
77118
77105
77108
77120
77877
79100
78056
78084
78064
78069
78085
78056
78067
78071
78060
78063
78062
78067
78060
78073
78073
78074
78074
78073
78072
78083
78062
78070
78098
78067
78071
78077
78077
78089
78062
78077
78071
78075
78074
78084
78073
78069
78065
78086
78062
78069
78095
78087
78079
78074
78086
78067
78084
78075
78086
78076
78078
78078
78051
78085
78073
78053
78074
78064
78074
78062
78064
78057
78064
78060
78071
78065
78072
78072
78059
78065
78057
78066
78085
78094
78077
78092
78088
78066
78092
78082
78080
78071
78076
78095
78085
78077
78077
78096
78073
78084
78080
78078
78083
75668
77193
77123
77109
77131
77117
77108
77114
77124
77102
77111
77116
77117
77126
77112
77119
77125
77115
77120
77111
77119
77112
77121
77110
77116
77118
77109
77114
77122
77115
77110
77121
77117
77104
77097
77124
77101
77111
77109
77128
77122
77133
77132
77116
77132
77114
77128
77124
77111
77123
77121
77122
77119
77118
77125
77113
77128
77112
77121
77116
77112
77123
77120
77109
77116
77116
77118
77123
77127
77117
77119
77121
77111
77123
77112
77121
77126
77122
77120
77132
77127
77119
77116
77112
77107
77118
77113
77113
77127
77128
77130
77122
77121
77115
77131
77522
79422
78077
78098
78083
78090
78085
78093
78085
78078
78087
78079
78081
78089
78087
78082
78084
78088
78087
78079
78098
78097
78076
78103
78071
78077
78075
78092
78066
78079
78095
78073
78078
78100
78106
78075
78088
78080
78099
78094
78083
78086
78079
78082
78089
78089
78078
78089
78089
78082
78094
78090
78086
78072
78096
78085
78081
78079
78086
78091
78102
78083
78081
78079
78073
78070
78075
78089
78080
78096
78084
78078
78076
78079
78076
78098
78082
78076
78072
78067
78078
78061
78065
78060
78069
78071
78062
78077
78070
78156
78075
78091
78079
78074
78073
75748
77172
77118
77123
77121
77124
77124
77133
77130
77122
77118
77116
77128
77134
77133
77114
77130
77128
77123
77140
77132
77127
77136
77145
77137
77126
77133
77121
77139
77135
77137
77125
77127
77124
77125
77118
77122
77116
77109
77125
77112
77125
77126
77117
77118
77110
77121
77124
77116
77117
77133
77121
77129
77118
77134
77133
77129
77138
77127
77149
77133
77123
77131
77136
77130
77131
77128
77123
77124
77120
77133
77137
77133
77133
77137
77124
77127
77132
77120
77128
77117
77132
77120
77127
77135
77113
77125
77114
77133
77139
77132
77126
77130
77144
77142
77210
79692
78051
78080
78096
78102
78102
78088
78098
78082
78098
78081
78090
78100
78094
78093
78092
78088
78111
78097
78111
78085
78103
78085
78087
78105
78100
78069
78079
78097
78082
78094
78089
78089
78080
78082
78080
78077
78088
78083
78063
78080
78071
78086
78067
78091
78071
78080
78091
78081
78067
78075
78079
78079
78062
78073
78089
78055
78067
78069
78074
78074
78039
78072
78070
78065
78077
78085
78072
78076
78084
78082
78079
78075
78072
78085
78063
78050
78063
78061
78079
78061
78077
78086
78080
78066
78088
78088
78072
78062
78079
78068
78078
78078
78087
78082
78069
78067
78080
78067
78075
78069
78081
78069
78076
78078
78068
78075
78071
78065
78067
78068
78070
78078
78052
78067
78063
78061
78054
78073
78066
78069
78061
78057
78054
78053
78048
78065
78060
78036
78048
78043
78038
78047
78035
78042
78037
78039
78046
78057
78054
78058
78045
78061
78055
78056
78051
78055
78051
78052
78061
78061
78059
78064
78062
78081
78053
78057
78077
78050
78075
78077
78061
78067
78059
78053
78061
78065
78070
78060
78054
78059
78076
78073
78065
78057
78069
78077
78075
78053
78068
78079
78056
78064
78071
78050
78062
78067
78045
78048
78075
78076
78077
78069
78071
78077
78081
78052
78079
78080
78066
78084
78044
78071
78081
78068
78082
78071
78085
78050
78070
78072
78089
78059
78068
78064
78058
78060
78052
78067
78058
78085
78066
78076
78077
78083
78077
78067
78055
78080
78066
78081
78077
78083
78071
78079
78088
78059
78083
78097
78061
78053
78078
78056
78076
78083
78087
78070
78095
78060
78078
78071
78081
78067
78069
78074
78062
78061
78065
78062
78066
78054
78072
78064
78054
78057
78075
78058
78092
78067
78078
78067
78067
78069
78051
78075
78064
78069
78057
78087
78064
78057
78067
78074
78073
78058
78088
78069
78082
78090
78063
78057
78070
78081
78069
78091
78069
78070
78083
78070
78079
78085
78075
78070
78082
78075
78072
78066
78056
78059
78071
78059
78065
78085
78067
78075
78090
78073
78094
78069
78077
78081
78095
78080
78063
78064
78067
78074
78086
78059
78072
78057
78077
78074
78068
78064
78066
78061
78065
78073
78068
78097
78074
78066
78077
78053
78082
78078
78082
78078
78087
78086
78080
78065
78076
78079
78085
78061
78085
