2273
2158
2088
2053
2045
2056
2072
2093
2118
2144
2165
2185
2206
2226
2242
2255
2270
2281
2291
2298
2308
2316
2323
2327
2331
2336
2340
2342
2344
2344
2348
2349
2351
2354
2355
2354
2355
2355
2352
2354
2355
2356
2357
2352
2356
2357
2357
2355
2352
2356
2356
2354
2353
2355
2355
2354
2354
2356
2352
2353
2353
2355
2355
2354
2354
2354
2354
2354
2353
2355
2355
2354
2353
2355
2354
2353
2352
2354
2354
2354
2352
2354
2356
2355
2353
2353
2354
2353
2352
2352
2354
2353
2352
2353
2355
2354
2353
2354
2353
2352
2360
2565
2664
2708
2724
2728
2726
2720
2714
2706
2699
2685
2671
2660
2650
2642
2634
2626
2619
2613
2608
2602
2597
2593
2588
2583
2579
2575
2570
2566
2562
2558
2554
2550
2546
2542
2539
2535
2531
2527
2523
2519
2516
2513
2509
2505
2502
2499
2495
2492
2488
2485
2480
2477
2475
2470
2467
2463
2460
2457
2453
2449
2446
2442
2439
2435
2432
2428
2424
2421
2417
2413
2411
2416
2423
2426
2430
2434
2436
2439
2441
2444
2446
2449
2451
2452
2454
2456
2457
2458
2461
2462
2402
2216
2124
2073
2052
2053
2069
2092
2109
2133
2158
2182
2200
2218
2237
2252
2265
2276
2289
2298
2304
2312
2320
2326
2330
2333
2337
2342
2344
2345
2347
2349
2351
2351
2354
2354
2354
2354
2356
2356
2355
2354
2356
2356
2355
2354
2355
2357
2356
2355
2355
2356
2356
2354
2355
2352
2355
2354
2355
2355
2354
2353
2354
2355
2355
2353
2353
2355
2354
2354
2354
2356
2354
2353
2351
2353
2353
2352
2352
2353
2353
2352
2352
2354
2353
2351
2353
2353
2353
2352
2352
2353
2353
2352
2353
2355
2354
2353
2353
2355
2356
2439
2615
2686
2717
2725
2727
2724
2718
2710
2702
2690
2675
2664
2654
2644
2636
2629
2622
2616
2610
2604
2598
2594
2588
2584
2580
2575
2571
2567
2563
2559
2555
2551
2546
2544
2540
2535
2532
2528
2525
2521
2517
2514
2510
2506
2503
2499
2496
2492
2488
2485
2481
2478
2474
2471
2467
2463
2461
2457
2453
2449
2446
2443
2439
2436
2476
2428
2425
2421
2419
2414
2411
2413
2420
2425
2429
2432
2435
2438
2441
2444
2447
2449
2452
2454
2460
2457
2458
2460
2461
2463
2464
2319
2173
2100
2076
2052
2057
2074
2097
2121
2143
2167
2189
2209
2225
2242
2258
2271
2281
2293
2303
2311
2318
2322
2329
2333
2335
2339
2344
2345
2345
2347
2351
2353
2352
2353
2354
2355
2354
2355
2357
2358
2356
2355
2356
2356
2355
2355
2358
2358
2358
2356
2357
2356
2354
2353
2354
2354
2354
2353
2354
2354
2353
2353
2355
2355
2354
2353
2354
2355
2353
2353
2354
2355
2354
2354
2354
2354
2353
2352
2354
2354
2352
2353
2353
2354
2354
2352
2352
2354
2353
2352
2353
2354
2353
2352
2353
2353
2353
2351
2352
2353
2529
2649
2701
2722
2727
2726
2721
2715
2707
2698
2688
2674
2663
2653
2643
2635
2628
2621
2616
2609
2603
2598
2594
2589
2585
2580
2576
2572
2567
2563
2559
2556
2551
2548
2543
2539
2536
2532
2529
2525
2522
2517
2514
2510
2507
2503
2500
2496
2492
2488
2485
2482
2477
2474
2470
2467
2464
2460
2457
2453
2449
2446
2443
2439
2436
2433
2429
2427
2423
2419
2415
2412
2413
2420
2425
2429
2432
2435
2439
2441
2443
2446
2448
2450
2452
2454
2455
2457
2459
2460
2461
2429
2235
2134
2077
2053
2052
2064
2083
2106
2130
2154
2176
2197
2217
2232
2247
2262
2272
2285
2295
2304
2313
2319
2323
2329
2335
2338
2341
2346
2348
2349
2349
2351
2353
2354
2354
2355
2355
2355
2354
2355
2357
2356
2355
2354
2356
2355
2354
2355
2356
2355
2354
2354
2355
2355
2354
2354
2352
2356
2354
2354
2355
2355
2353
2354
2355
2355
2352
2352
2354
2354
2351
2352
2353
2353
2352
2352
2354
2353
2353
2353
2354
2355
2353
2352
2353
2354
2354
2353
2355
2356
2353
2354
2354
2354
2353
2353
2353
2354
2354
2353
2409
2604
2681
2714
2726
2728
2723
2718
2712
2703
2695
2681
2668
2657
2648
2640
2632
2625
2618
2613
2607
2601
2596
2591
2587
2581
2576
2573
2569
2564
2560
2556
2552
2548
2545
2541
2538
2534
2530
2526
2523
2524
2515
2512
2508
2505
2501
2498
2494
2491
2487
2484
2480
2476
2472
2469
2466
2462
2459
2455
2452
2448
2445
2441
2438
2435
2431
2427
2424
2420
2417
2414
2412
2418
2423
2428
2431
2434
2438
2441
2443
2445
2447
2448
2450
2453
2455
2456
2457
2459
2461
2461
2463
2464
2466
2467
2469
2469
2471
2470
2465
2467
2463
2465
2467
2469
2462
2459
2462
2465
2467
2432
2456
2460
2462
2464
2465
2461
2464
2466
2458
2456
2460
2463
2465
2466
2461
2465
2466
2460
2456
2460
2463
2465
2462
2455
2458
2461
2463
2466
2464
2462
2465
2465
2462
2465
2465
2457
2457
2461
2463
2465
2466
2458
2457
2461
2464
2467
2467
2460
2458
2461
2463
2465
2461
2455
2459
2461
2463
2467
2464
2456
2459
2462
2464
2467
2465
2457
2459
2462
2464
2466
2461
2463
2466
2468
2459
2458
2462
2464
2466
2461
2463
2465
2460
2455
2458
2461
2463
2465
2462
2461
2464
2462
2461
2464
2463
2455
2457
2460
2462
2465
2466
2463
2456
2458
2462
2463
2465
2465
2462
2465
2464
2456
2456
2461
2462
2464
2465
2460
2464
2459
2461
2464
2466
2466
2457
2456
2461
2463
2466
2466
2459
2456
2460
2444
2465
2460
2461
2465
2465
2460
2455
2459
2462
2464
2461
2460
2464
2466
2462
2462
2465
2462
2454
2458
2460
2462
2465
2463
2461
2464
2466
2463
2456
2459
2461
2463
2467
2464
2456
2459
2461
2432
2465
2467
2464
2457
2460
2463
2465
2465
2460
2463
2466
2465
2458
2457
2462
2464
2466
2466
2462
2459
2460
2463
2465
2460
2463
2464
2465
2459
2456
2459
2462
2465
2466
2460
2456
2459
2462
2465
2466
2462
2462
2465
2462
2461
2464
2466
2462
2456
2459
2462
2465
2466
2463
2455
2458
2461
2444
2466
2464
2456
2458
2461
