4417
4138
4097
4166
4260
4355
4433
4501
4550
4595
4624
4650
4667
4682
4690
4699
4702
4707
4707
4710
4711
4714
4712
4713
4710
4708
4709
4708
4707
4708
4706
4705
4705
4706
4706
4708
4708
4708
4707
4706
4704
4704
4705
4706
4706
4705
4707
4704
4706
4707
4708
4706
4705
4705
4708
4706
4709
4706
4707
4704
4706
4704
4707
4705
4707
4706
4708
4704
4708
4705
4706
4705
4708
4707
4707
4704
4704
4707
4708
4705
4706
4704
4706
4704
4708
4706
4708
4707
4708
4705
4708
4707
4705
4706
4709
4708
4707
4705
4705
4704
5117
5412
5451
5436
5406
5356
5306
5269
5238
5212
5188
5168
5148
5129
5111
5094
5077
5062
5045
5029
5013
4997
4982
4967
4951
4936
4920
4905
4889
4874
4858
4843
4828
4824
4843
4859
4873
4885
4895
4906
4912
4917
4924
4929
4932
4935
4938
4942
4937
4935
4930
4919
4929
4934
4916
4923
4930
4926
4928
4918
4916
4925
4932
4924
4930
4923
4929
4912
4918
4925
4931
4923
4931
4916
4917
4925
4932
4924
4923
4924
4929
4924
4928
4923
4920
4924
4924
4925
4929
4911
4919
4926
4930
4583
4178
4090
4145
4235
4333
4413
4484
4539
4584
4616
4645
4663
4680
4689
4698
4702
4707
4707
4713
4711
4712
4710
4710
4710
4711
4707
4710
4707
4709
4707
4706
4705
4707
4705
4708
4707
4707
4704
4706
4707
4704
4707
4706
4707
4704
4705
4700
4705
4676
4705
4705
4706
4704
4704
4703
4707
4704
4705
4704
4706
4706
4708
4707
4709
4706
4709
4704
4708
4676
4706
4704
4708
4701
4706
4703
4706
4705
4709
4706
4708
4703
4706
4704
4707
4705
4706
4705
4706
4705
4708
4705
4708
4707
4710
4706
4707
4705
4707
4707
4979
5385
5451
5441
5414
5374
5322
5282
5250
5222
5197
5175
5156
5137
5119
5101
5083
5068
5052
5036
5020
5004
4989
4973
4957
4941
4927
4911
4896
4880
4865
4850
4835
4823
4840
4857
4868
4878
4888
4898
4908
4914
4920
4923
4925
4930
4932
4938
4941
4938
4935
4929
4934
4918
4920
4929
4922
4928
4924
4913
4924
4929
4921
4915
4924
4932
4925
4929
4922
4928
4921
4922
4922
4927
4920
4926
4920
4925
4921
4929
4912
4916
4925
4929
4921
4920
4923
4926
4921
4929
4912
4915
4925
4722
4235
4095
4127
4212
4310
4394
4468
4526
4575
4610
4638
4660
4678
4687
4697
4701
4707
4707
4712
4710
4711
4709
4711
4709
4712
4708
4709
4706
4710
4707
4709
4705
4708
4705
4708
4705
4707
4704
4706
4706
4706
4706
4707
4706
4707
4705
4706
4704
4705
4705
4706
4705
4706
4708
4708
4706
4705
4707
4706
4706
4706
4709
4704
4708
4707
4707
4672
4706
4705
4708
4704
4708
4706
4708
4707
4711
4707
4710
4709
4710
4705
4705
4703
4709
4703
4705
4703
4706
4704
4707
4704
4706
4704
4710
4705
4707
4706
4707
4707
4854
5335
5445
5445
5421
5387
5337
5293
5260
5232
5207
5216
5160
5144
5125
5108
5091
5074
5057
5042
5026
5011
4995
4978
4963
4948
4932
4917
4903
4887
4872
4856
4841
4826
4833
4852
4866
4875
4885
4895
4908
4910
4916
4922
4925
4929
4932
4936
4940
4943
4933
4938
4920
4925
4933
4926
4916
4926
4933
4922
4920
4928
4935
4918
4920
4929
4933
4926
4924
4926
4924
4926
4928
4912
4922
4930
4927
4913
4923
4930
4932
4914
4923
4930
4929
4913
4923
4931
4928
4929
4922
4915
4924
4828
4302
4107
4113
4191
4291
4378
4453
4514
4567
4601
4634
4656
4676
4686
4695
4700
4707
4707
4711
4710
4713
4711
4711
4708
4711
4710
4711
4708
4709
4708
4711
4707
4709
4705
4709
4706
4707
4706
4708
4705
4707
4707
4708
4704
4705
4705
4708
4706
4705
4703
4705
4704
4706
4706
4707
4706
4704
4703
4705
4704
4705
4704
4705
4707
4708
4707
4706
4706
4706
4705
4705
4705
4706
4709
4707
4705
4704
4705
4706
4709
4706
4708
4704
4707
4705
4710
4707
4706
4684
4705
4706
4708
4706
4708
4707
4709
4707
4711
4706
4760
5273
5437
5449
5429
5394
5340
5295
5260
5232
5207
5183
5163
5143
5125
5106
5090
5074
5057
5041
5025
5010
4994
4978
4962
4946
4931
4917
4902
4885
4870
4855
4840
4824
4832
4851
4864
4878
4890
4899
4907
4915
4921
4926
4929
4933
4936
4939
4942
4939
4936
4922
4923
4930
4935
4918
4923
4932
4924
4930
4923
4929
4923
4923
4924
4922
4925
4927
4924
4920
4926
4930
4912
4921
4927
4930
4924
4927
4924
4919
4926
4925
4925
4924
4926
4924
4926
4922
4926
4927
4922
4919
4928
4923
4912
4922
4928
4930
4926
4927
4925
4925
4926
4924
4925
4923
4926
4922
4926
4921
4927
4924
4911
4921
4928
4931
4924
4927
4925
4926
4924
4931
4913
4918
4926
4930
4913
4920
4928
4934
4917
4920
4929
4925
4925
4930
4912
4921
4928
4928
4926
4926
4925
4924
4926
4924
4926
4923
4924
4918
4927
4926
4912
4921
4929
4932
4913
4921
4929
4930
4926
4926
4927
4926
4926
4930
4912
4921
4929
4930
4927
4927
4912
4922
4929
4932
4925
4930
4912
4920
4929
4927
4927
4920
4911
4921
4928
4931
4924
4927
4911
4924
4926
4932
4922
4915
4923
4931
4923
4928
4931
4912
4920
4927
4929
4924
4930
4921
4928
4920
4927
4921
4927
4920
4925
4919
4924
4921
4923
4925
4921
4929
4921
4927
4920
4927
4921
4926
4924
4924
4929
4910
4918
4925
4931
4923
4928
4922
4912
4921
4927
4927
4924
4930
4921
4927
4910
4917
4924
4930
4934
4914
4920
4926
4929
4923
4930
4921
4928
4921
4926
4919
4964
4921
4926
4919
4925
4920
4909
4919
4925
4931
4923
4928
4921
4912
4922
4928
4932
4924
4924
4923
4929
4921
4920
4922
4928
4920
4927
4921
4911
4920
4928
4927
4924
4929
4922
4915
4923
4929
4922
4928
4923
4910
4920
4927
4929
4923
4925
4922
4929
4911
4916
4922
4929
4927
4925
4930
4913
4919
4925
4931
4924
4928
4921
4928
4924
4925
4923
4925
4926
4924
4930
4912
4917
4925
4932
4922
4928
4919
4926
4930
4912
4921
4927
