4611
4430
4371
4390
4442
4512
4570
4625
4662
4695
4716
4737
4747
4756
4759
4767
4780
4772
4770
4772
4768
4770
4768
4772
4763
4765
4765
4765
4766
4766
4764
4765
4765
4765
4765
4763
4760
4765
4763
4765
4760
4762
4762
4765
4764
4764
4764
4760
4766
4766
4766
4765
4765
4764
4762
4763
4763
4762
4763
4763
4765
4765
4767
4765
4765
4764
4764
4762
4763
4762
4764
4763
4764
4762
4763
4762
4765
4764
4765
4762
4765
4762
4765
4762
4765
4762
4764
4763
4764
4764
4764
4763
4766
4763
4762
4763
4764
4929
5146
5198
5207
5200
5181
5142
5105
5077
5051
5027
5009
4989
4971
4955
4939
4922
4907
4890
4876
4861
4846
4832
4822
4843
4853
4858
4870
4876
4861
4873
4883
4881
4869
4881
4880
4883
4879
4887
4873
4878
4884
4880
4881
4884
4879
4877
4885
4870
4878
4882
4882
4882
4871
4883
4880
4887
4875
4877
4888
4878
4877
4887
4881
4880
4872
4884
4880
4889
4874
4876
4886
4882
4877
4879
4882
4878
4880
4882
4871
4876
4887
4872
4876
4884
4879
4880
4884
4879
4881
4883
4879
4884
4869
4617
4428
4369
4385
4444
4510
4571
4621
4661
4693
4732
4735
4748
4755
4763
4766
4768
4768
4769
4768
4770
4768
4768
4768
4767
4767
4767
4766
4764
4764
4765
4765
4765
4763
4763
4760
4764
4765
4766
4767
4763
4764
4763
4763
4764
4764
4762
4762
4763
4765
4760
4766
4764
4767
4763
4764
4763
4760
4761
4764
4760
4764
4762
4763
4761
4764
4761
4764
4763
4766
4765
4766
4760
4765
4765
4766
4760
4764
4762
4763
4760
4763
4763
4767
4763
4762
4763
4763
4763
4767
4765
4768
4764
4765
4763
4766
4762
4924
5138
5198
5207
5201
5181
5138
5101
5071
5047
5025
5004
4985
4968
4951
4935
4919
4903
4884
4873
4857
4843
4827
4822
4845
4861
4861
4871
4894
4864
4873
4883
4882
4877
4881
4882
4879
4880
4881
4870
4882
4884
4884
4885
4872
4885
4874
4872
4886
4883
4886
4870
4884
4887
4871
4878
4889
4873
4881
4890
4875
4880
4880
4887
4877
4876
4887
4881
4876
4886
4883
4875
4887
4873
4877
4888
4875
4878
4888
4879
4878
4887
4883
4878
4888
4873
4879
4890
4875
4879
4886
4881
4878
4887
4631
4444
4369
4386
4439
4506
4566
4619
4659
4692
4714
4734
4746
4756
4763
4768
4770
4770
4769
4769
4767
4767
4765
4766
4765
4769
4768
4767
4766
4766
4766
4765
4764
4763
4763
4765
4763
4763
4764
4763
4764
4764
4763
4763
4765
4766
4765
4764
4764
4762
4765
4764
4765
4764
4763
4764
4764
4763
4762
4762
4765
4764
4765
4763
4764
4765
4766
4765
4764
4762
4764
4762
4763
4763
4764
4762
4765
4760
4765
4762
4766
4763
4764
4762
4764
4762
4765
4762
4764
4763
4765
4765
4772
4764
4766
4764
4765
4888
5136
5197
5208
5202
5183
5145
5106
5077
5051
5029
5009
4990
4971
4955
4938
4922
4906
4890
4875
4861
4846
4832
4820
4840
4857
4868
4865
4874
4871
4877
4877
4879
4881
4881
4871
4882
4884
4885
4881
4883
4881
4879
4886
4870
4881
4888
4883
4879
4888
4871
4881
4889
4883
4879
4883
4883
4885
4873
4885
4883
4879
4883
4892
4881
4885
4871
4877
4887
4882
4878
4887
4873
4877
4892
4877
4877
4888
4880
4877
4886
4883
4875
4887
4881
4883
4871
4880
4886
4882
4881
4882
4885
4869
4668
4445
4373
4380
4433
4500
4564
4615
4659
4690
4715
4734
4749
4755
4761
4763
4780
4767
4769
4770
4770
4770
4771
4768
4769
4765
4767
4766
4767
4765
4765
4765
4763
4760
4764
4764
4765
4764
4766
4765
4763
4762
4762
4765
4764
4763
4763
4765
4763
4764
4762
4764
4764
4763
4764
4766
4766
4766
4766
4764
4763
4765
4763
4764
4761
4764
4762
4764
4762
4764
4762
4768
4760
4760
4762
4763
4760
4765
4762
4767
4764
4764
4761
4764
4765
4767
4763
4767
4766
4766
4760
4767
4763
4766
4761
4764
4763
4869
5120
5191
5205
5202
5185
5153
5113
5081
5056
5032
5008
4992
4975
4957
4941
4925
4909
4894
4879
4863
4848
4833
4820
4835
4853
4856
4865
4872
4875
4878
4874
4884
4872
4875
4886
4882
4878
4884
4877
4875
4885
4884
4887
4882
4878
4892
4870
4884
4884
4882
4886
4872
4883
4882
4885
4880
4878
4872
4885
4884
4880
4882
4881
4871
4883
4885
4872
4884
4882
4885
4869
4881
4887
4871
4881
4889
4872
4881
4890
4874
4879
4890
4876
4879
4887
4882
4879
4874
4887
4883
4874
4886
4881
4883
4870
4881
4887
4871
4882
4889
4872
4883
4883
4886
4872
4879
4889
4885
4876
4889
4875
4878
4888
4878
4879
4886
4882
4878
4881
4883
4879
4882
4869
4880
4886
4870
4881
4892
4870
4882
4890
4871
4882
4891
4874
4880
4885
4885
4886
4873
4884
4876
4872
4885
4880
4882
4884
4879
4883
4880
4879
4884
4870
4882
4887
4871
4883
4882
4886
4869
4879
4888
4873
4880
4884
4883
4880
4888
4875
4878
4886
4870
4880
4888
4883
4881
4873
4885
4884
4873
4884
4875
4875
4886
4878
4872
4884
4881
4874
4885
4883
4879
4882
4880
4870
4883
4889
4868
4879
4882
4882
4882
4870
4883
4878
4886
4873
4875
4884
4876
4874
4883
4880
4880
4878
4886
4869
4880
4881
4883
4894
4872
4884
4884
4879
4881
4883
4884
4870
4874
4886
4879
4883
4882
4884
4870
4881
4886
4880
4884
4883
4879
4876
4882
4884
4886
4869
4881
4889
4870
4881
4888
4881
4882
4878
4881
4881
4884
4879
4881
4883
4876
4886
4872
4877
4886
4881
4883
4884
4876
4884
4881
4885
4870
4881
4886
4881
4877
4879
4882
4876
4872
4883
4890
4871
4882
4883
4884
4884
4880
4880
4883
4892
4879
4883
4879
4892
4882
4882
4883
4870
4883
4885
4870
4881
4880
4884
4881
4878
4883
4881
4877
4881
4881
4883
4878
4879
4883
4879
4871
4880
4877
4885
4870
4872
4886
4883
4873
4885
4884
4871
4883
4884
4869
4882
4890
4874
4879
4885
4881
4887
4871
4882
4887
4870
4881
4887
4882
4877
4884
4870
4879
4887
