2230
2092
2014
1979
1973
1983
2005
2031
2057
2085
2110
2135
2156
2175
2195
2213
2226
2238
2251
2262
2270
2278
2285
2292
2298
2302
2307
2311
2313
2316
2320
2322
2323
2323
2325
2327
2327
2327
2327
2330
2329
2328
2330
2330
2330
2329
2329
2330
2330
2329
2328
2329
2331
2328
2329
2328
2328
2328
2328
2329
2330
2327
2327
2328
2328
2326
2327
2328
2328
2326
2326
2327
2328
2326
2325
2327
2329
2328
2327
2327
2328
2327
2326
2326
2326
2327
2326
2327
2328
2327
2326
2326
2328
2328
2327
2328
2328
2327
2326
2327
2328
2327
2420
2640
2730
2768
2780
2780
2776
2780
2758
2747
2734
2718
2705
2694
2684
2675
2668
2660
2653
2647
2641
2637
2631
2626
2622
2617
2612
2607
2603
2599
2595
2591
2587
2583
2579
2575
2572
2568
2565
2560
2557
2553
2549
2546
2542
2539
2535
2531
2527
2524
2520
2518
2514
2510
2506
2503
2500
2496
2492
2488
2485
2482
2478
2475
2471
2468
2464
2461
2456
2453
2450
2446
2443
2439
2436
2433
2429
2425
2422
2418
2415
2412
2408
2405
2407
2414
2419
2422
2426
2430
2433
2258
2091
2010
1974
1966
1978
1999
2026
2052
2081
2109
2132
2153
2175
2195
2212
2225
2238
2252
2261
2270
2279
2288
2295
2298
2336
2308
2312
2312
2315
2320
2322
2322
2323
2327
2332
2327
2328
2330
2331
2331
2330
2332
2331
2330
2329
2330
2331
2329
2329
2330
2330
2329
2329
2329
2330
2329
2328
2328
2330
2328
2327
2328
2328
2328
2327
2327
2328
2327
2326
2327
2328
2327
2327
2327
2328
2328
2327
2326
2328
2327
2326
2328
2329
2327
2326
2327
2328
2328
2326
2327
2332
2327
2326
2327
2327
2327
2326
2326
2327
2328
2326
2376
2621
2723
2766
2780
2783
2777
2768
2759
2749
2734
2718
2705
2694
2685
2676
2668
2660
2654
2648
2642
2636
2631
2626
2622
2617
2612
2607
2600
2599
2595
2591
2588
2584
2580
2576
2572
2567
2564
2561
2557
2553
2549
2546
2542
2539
2535
2532
2528
2525
2521
2517
2514
2510
2506
2502
2499
2496
2492
2489
2485
2482
2478
2474
2471
2467
2464
2460
2457
2454
2450
2447
2443
2439
2436
2434
2429
2425
2422
2419
2416
2412
2409
2406
2409
2416
2420
2424
2427
2430
2433
2312
2115
2023
1976
1966
1976
1996
2019
2046
2076
2102
2126
2149
2171
2190
2206
2222
2236
2249
2258
2267
2278
2287
2293
2297
2559
2308
2311
2314
2316
2319
2321
2322
2325
2327
2332
2327
2328
2330
2329
2327
2329
2330
2329
2328
2330
2330
2329
2332
2328
2329
2329
2328
2329
2330
2330
2329
2328
2330
2329
2327
2328
2329
2329
2328
2327
2328
2329
2328
2327
2328
2328
2327
2326
2328
2328
2328
2327
2329
2328
2327
2327
2328
2328
2326
2326
2327
2327
2325
2325
2326
2328
2326
2326
2327
2328
2326
2326
2329
2330
2328
2327
2340
2589
2706
2758
2778
2782
2777
2770
2762
2751
2740
2725
2716
2700
2689
2680
2671
2664
2657
2650
2645
2639
2634
2629
2623
2618
2614
2610
2605
2601
2597
2594
2589
2585
2581
2578
2574
2570
2566
2562
2559
2555
2551
2547
2543
2540
2537
2533
2530
2526
2523
2519
2516
2513
2508
2505
2501
2498
2495
2491
2487
2484
2480
2477
2474
2470
2466
2463
2458
2455
2452
2449
2445
2441
2438
2434
2468
2428
2424
2420
2417
2414
2410
2407
2405
2411
2416
2420
2424
2428
2430
2348
2131
2029
1978
1964
1972
1990
2013
2041
2070
2097
2120
2145
2168
2187
2203
2219
2234
2247
2257
2268
2277
2285
2290
2296
2303
2306
2308
2313
2316
2320
2321
2323
2325
2326
2325
2326
2328
2329
2327
2328
2330
2330
2330
2329
2331
2332
2329
2329
2330
2329
2329
2328
2329
2330
2329
2328
2329
2330
2327
2326
2328
2328
2328
2326
2327
2328
2327
2327
2327
2328
2328
2325
2326
2327
2326
2325
2327
2329
2328
2326
2327
2332
2326
2326
2326
2327
2326
2326
2326
2327
2327
2327
2327
2328
2328
2327
2327
2328
2328
2327
2327
2327
2545
2689
2753
2777
2782
2778
2772
2764
2754
2743
2727
2712
2700
2689
2680
2672
2664
2657
2651
2644
2639
2634
2629
2624
2619
2615
2610
2606
2602
2597
2593
2589
2585
2581
2577
2574
2570
2566
2562
2559
2555
2551
2548
2544
2540
2537
2533
2530
2526
2522
2519
2515
2512
2509
2506
2501
2498
2494
2491
2487
2483
2479
2477
2472
2469
2466
2462
2459
2454
2451
2448
2445
2441
2438
2434
2430
2427
2423
2420
2417
2413
2410
2406
2405
2412
2416
2421
2425
2428
2431
2434
2438
2440
2444
2447
2448
2452
2455
2456
2458
2459
2461
2461
2463
2464
2464
2465
2467
2468
2469
2471
2472
2468
2460
2463
2465
2467
2468
2463
2465
2461
2464
2461
2461
2465
2462
2461
2465
2462
2461
2464
2463
2456
2458
2461
2463
2465
2465
2456
2456
2461
2463
2465
2460
2463
2465
2466
2459
2457
2460
2464
2461
2460
2463
2465
2462
2455
2459
2462
2463
2463
2460
2463
2464
2460
2463
2458
2461
2462
2464
2458
2455
2459
2462
2465
2466
2460
2455
2459
2462
2464
2461
2460
2464
2462
2460
2464
2462
2454
2456
2460
2462
2464
2464
2460
2463
2464
2459
2462
2464
2463
2455
2457
2460
2462
2465
2465
2456
2455
2460
2463
2463
2465
2460
2462
2458
2461
2463
2465
2466
2458
2456
2459
2462
2464
2459
2460
2463
2459
2461
2463
2460
2459
2463
2460
2459
2462
2465
2461
2454
2458
2460
2463
2465
2462
2454
2458
2460
2462
2465
2468
2463
2456
2460
2462
2432
2464
2457
2456
2459
2462
2464
2466
2465
2456
2457
2461
2463
2465
2465
2462
2464
2465
2461
2463
2465
2458
2455
2459
2461
2444
2465
2461
2462
2464
2466
2459
2456
2460
2462
2465
2461
2461
2464
2466
2460
2455
2458
2461
2464
2465
2462
2455
2458
2461
2464
2465
2462
2462
2465
2466
2462
2455
2459
2461
2464
2463
2461
2463
2465
2463
2455
2458
2461
2462
2465
2464
2456
2457
2461
2463
2465
2465
2457
2456
2460
2462
2464
2466
2461
2463
2459
