35294
37190
37501
37474
37465
37456
37463
37465
37466
37465
37472
37471
37473
37473
37471
37464
37478
37476
37468
37455
37474
37469
37467
37462
37469
37459
37469
37467
37467
37460
37464
37466
37470
37471
37471
37462
37466
37468
37461
37469
37467
37463
37455
37463
37475
37460
37467
37461
37463
37463
37466
37461
37460
37454
37466
37454
37462
37450
37468
37457
37462
37453
37472
37457
37458
37456
37461
37471
37461
37461
37467
37455
37458
37461
37458
37447
37474
37449
37461
37453
37464
37456
37465
37454
37463
37462
37464
37459
37463
37465
37461
37457
37466
37463
37461
37459
37540
40616
39260
38242
38302
38404
38409
38394
38410
38410
38394
38420
38402
38403
38423
38402
38402
38401
38410
38409
38414
38412
38403
38401
38405
38407
38417
38400
38402
38405
38409
38406
38409
38413
38407
38410
38396
38415
38415
38401
38401
38419
38401
38406
38414
38415
38408
38399
38423
38405
38386
38407
38402
38396
38403
38409
38418
38407
38415
38408
38407
38399
38411
38407
38401
38415
38404
38415
38403
38419
38403
38408
38407
38409
38401
38397
38412
38415
38405
38408
38410
38402
38397
38404
38410
38401
38406
38402
38403
38387
38412
38410
38412
38395
38414
35951
36798
37480
37479
37461
37463
37455
37460
37454
37461
37454
37466
37455
37461
37467
37466
37458
37467
37461
37467
37460
37456
37460
37457
37455
37462
37450
37457
37459
37458
37456
37463
37456
37459
37458
37462
37450
37458
37462
37457
37457
37457
37453
37472
37464
37461
37463
37466
37463
37461
37466
37457
37459
37466
37457
37464
37460
37468
37462
37462
37457
37469
37460
37464
37456
37462
37453
37462
37456
37467
37456
37465
37467
37477
37454
37470
37459
37470
37464
37461
37455
37473
37457
37461
37459
37473
37464
37475
37467
37472
37464
37467
37469
37471
37458
37469
37460
39949
39675
38533
38172
38398
38403
38424
38409
38411
38404
38420
38405
38397
38421
38413
38408
38417
38419
38402
38412
38405
38426
38403
38412
38415
38413
38402
38403
38410
38417
38412
38401
38405
38418
38403
38420
38401
38412
38420
38408
38407
38402
38420
38409
38425
38397
38406
38411
38398
38394
38418
38398
38406
38408
38414
38399
38405
38407
38397
38409
38403
38411
38406
38401
38408
38402
38413
38399
38407
38401
38418
38396
38412
38396
38397
38402
38414
38393
38403
38405
38395
38409
38401
38396
38401
38398
38397
38401
38401
38409
38397
38406
38407
38480
36937
36108
37437
37483
37456
37458
37464
37455
37449
37467
37452
37462
37466
37457
37463
37468
37458
37456
37456
37461
37468
37457
37462
37454
37458
37452
37460
37454
37452
37450
37456
37461
37458
37461
37462
37457
37452
37452
37458
37467
37468
37467
37458
37458
37459
37456
37463
37457
37467
37463
37460
37468
37466
37457
37466
37442
37466
37458
37475
37461
37468
37456
37474
37464
37462
37462
37463
37456
37473
37464
37461
37465
37464
37465
37465
37461
37469
37463
37461
37472
37459
37477
37470
37465
37465
37468
37477
37455
37472
37455
37463
37450
37468
37445
37459
37459
37458
38943
40104
38774
38132
38404
38410
38409
38412
38410
38409
38410
38464
38403
38868
38413
38400
38411
38400
38399
38411
38410
38391
38415
38402
38412
38409
38409
38406
38402
38404
38413
38400
38404
38418
38413
38398
38411
38402
38413
38410
38404
38408
38403
38411
38402
38408
38402
38411
38402
38405
38396
38412
38410
38412
38412
38395
38408
38398
38411
38406
38400
38407
38399
38407
38413
38400
38414
38389
38407
38411
38394
38406
38420
38404
38400
38401
38414
38394
38405
38407
38396
38395
38411
38400
38388
38412
38392
38423
38407
38407
38403
38410
38417
38407
38120
35354
37298
37501
37463
37466
37467
37471
37463
37464
37458
37465
37463
37470
37462
37465
37468
37461
37470
37471
37467
37456
37461
37472
37445
37462
37463
37462
37466
37468
37456
37462
37467
37463
37452
37465
37461
37478
37452
37466
37457
37466
37453
37460
37460
37474
37459
37471
37466
37454
37460
37469
37464
37459
37469
37465
37457
37468
37454
37471
37456
37468
37455
37465
37456
37461
37452
37458
37449
37462
37454
37463
37460
37462
37450
37462
37451
37458
37450
37463
37460
37452
37464
37460
37456
37463
37460
37457
37461
37465
37452
37456
37460
37461
37460
37464
37458
37899
40547
39097
38194
38341
38406
38399
38398
38401
38420
38399
38406
38396
38400
38409
38384
38404
38409
38409
38403
38393
38407
38409
38393
38409
38403
38410
38411
38404
38408
38401
38402
38407
38412
38405
38406
38401
38414
38399
38408
38402
38480
38405
38397
38407
38397
38399
38406
38394
38408
38396
38396
38396
38405
38407
38393
38408
38406
38399
38397
38403
38405
38405
38394
38419
38408
38400
38406
38406
38411
38409
38406
38421
38411
38392
38412
38406
38393
38406
38403
38415
38395
38408
38394
38400
38415
38398
38405
38401
38412
38395
38396
38409
38412
38406
38412
38405
38403
38405
38408
38414
38404
38409
38394
38424
38402
38396
38404
38407
38401
38396
38393
38413
38406
38404
38398
38396
38416
38385
38406
38404
38381
38396
38413
38390
38408
38395
38393
38409
38399
38395
38402
38395
38410
38401
38395
38402
38398
38405
38402
38401
38404
38397
38403
38404
38407
38409
38403
38396
38412
38407
38398
38401
38409
38405
38402
38421
38393
38415
38408
38397
38402
38395
38413
38416
38396
38400
38410
38403
38400
38408
38407
38409
38402
38396
38409
38401
38390
38423
38405
38408
38410
38403
38419
38402
38413
38412
38405
38404
38405
38407
38396
38398
38406
38403
38404
38403
38403
38402
38395
38398
38402
38391
38403
38740
38410
38398
38408
38411
38389
38419
38412
38407
38402
38406
38410
38417
38404
38411
38405
38394
38416
38415
38400
38415
38396
38415
38393
38406
38409
38404
38409
38398
38414
38405
38411
38413
38394
38417
38394
38422
38407
38406
38409
38409
38401
38400
38400
38409
38386
38396
38406
38391
38405
38389
38417
38384
38409
38396
38401
38402
38400
38396
38400
38390
38419
38393
38413
38400
38410
38386
38407
38409
38397
38412
38409
38396
38407
38407
38400
38399
38406
38417
38382
38413
38417
38402
38398
38404
38413
38414
38409
38402
38401
38410
38392
38412
38401
38403
38415
38408
38413
38408
38386
38415
38395
38404
38408
38406
38414
38407
38408
38408
38386
38421
38401
38403
38415
38390
38413
38405
38401
38409
38401
38394
38425
38411
38394
38415
38403
38419
38403
38409
38402
38416
38404
38403
38410
38398
38418
38399
38397
38397
38412
38394
38406
38409
38393
38410
38388
38404
38412
38402
38409
