2159
2019
1938
1903
1896
1907
1929
1955
1982
2009
2036
2061
2082
2103
2123
2140
2155
2167
2180
2191
2197
2208
2216
2212
2229
2232
2238
2242
2244
2247
2251
2253
2253
2254
2256
2258
2259
2258
2259
2260
2260
2260
2260
2262
2261
2260
2261
2261
2262
2260
2259
2261
2263
2260
2260
2260
2259
2258
2260
2261
2260
2259
2259
2259
2259
2257
2258
2259
2260
2258
2257
2259
2259
2258
2256
2259
2260
2259
2258
2258
2259
2257
2257
2257
2258
2258
2258
2258
2259
2258
2258
2258
2260
2259
2259
2259
2260
2258
2258
2258
2259
2258
2355
2587
2682
2722
2734
2736
2731
2721
2711
2700
2685
2670
2656
2645
2634
2625
2617
2611
2602
2595
2589
2583
2578
2572
2568
2562
2558
2553
2549
2544
2540
2535
2531
2528
2524
2519
2513
2511
2508
2503
2501
2432
2492
2488
2485
2481
2477
2473
2469
2466
2462
2458
2461
2451
2447
2444
2445
2432
2432
2428
2425
2421
2417
2414
2410
2407
2403
2399
2395
2392
2388
2385
2381
2378
2374
2370
2366
2363
2359
2356
2352
2349
2345
2342
2344
2350
2356
2360
2364
2320
2371
2185
2016
1935
1898
1890
1903
1924
1949
1977
2006
2033
2058
2081
2102
2122
2139
2153
2167
2180
2191
2199
2209
2218
2224
2229
2233
2239
2242
2244
2246
2250
2253
2253
2254
2257
2260
2258
2260
2261
2262
2263
2262
2263
2263
2261
2260
2261
2262
2261
2260
2262
2263
2261
2259
2261
2262
2260
2259
2260
2261
2260
2258
2257
2260
2259
2258
2258
2258
2258
2256
2258
2259
2258
2258
2258
2259
2259
2259
2258
2259
2258
2258
2259
2259
2259
2257
2258
2259
2259
2257
2258
2259
2258
2258
2259
2259
2259
2258
2257
2259
2259
2257
2309
2566
2674
2720
2736
2738
2732
2724
2714
2703
2687
2671
2657
2645
2635
2626
2617
2609
2602
2596
2589
2583
2578
2572
2568
2563
2558
2553
2549
2545
2540
2536
2529
2527
2524
2520
2516
2501
2507
2504
2500
2496
2493
2488
2485
2481
2477
2474
2471
2466
2462
2458
2455
2451
2447
2443
2440
2436
2432
2429
2426
2421
2418
2414
2410
2406
2402
2399
2396
2392
2388
2385
2382
2377
2374
2370
2367
2363
2360
2355
2352
2349
2345
2342
2345
2353
2357
2362
2365
2324
2370
2244
2041
1947
1901
1890
1901
1920
1943
1972
2001
2028
2053
2076
2098
2119
2133
2149
2165
2178
2188
2196
2207
2217
2223
2228
2233
2239
2241
2243
2247
2250
2252
2252
2255
2257
2258
2257
2259
2260
2260
2258
2259
2261
2260
2259
2260
2262
2260
2259
2258
2260
2260
2260
2259
2261
2261
2259
2260
2260
2260
2258
2259
2259
2260
2258
2259
2260
2259
2258
2258
2258
2258
2258
2257
2258
2259
2258
2258
2260
2260
2258
2258
2259
2259
2257
2257
2259
2259
2257
2256
2258
2258
2258
2259
2259
2259
2258
2259
2260
2261
2259
2258
2272
2533
2655
2712
2734
2738
2732
2725
2716
2704
2694
2677
2662
2649
2639
2629
2620
2613
2605
2599
2592
2586
2581
2575
2571
2565
2561
2556
2552
2545
2542
2538
2534
2530
2527
2521
2518
2514
2510
2506
2502
2498
2494
2491
2487
2483
2468
2475
2472
2468
2464
2460
2456
2452
2451
2445
2442
2438
2435
2431
2426
2423
2420
2416
2412
2409
2405
2402
2398
2394
2391
2387
2383
2380
2376
2372
2369
2366
2361
2358
2355
2351
2347
2341
2343
2348
2354
2358
2362
2366
2368
2282
2058
1955
1902
1888
1896
1914
1938
1966
1995
2023
2047
2072
2095
2114
2131
2145
2163
2176
2187
2198
2197
2216
2221
2227
2234
2236
2197
2244
2247
2251
2249
2254
2257
2257
2257
2258
2260
2260
2259
2259
2261
2262
2261
2260
2263
2263
2261
2260
2261
2261
2257
2260
2261
2263
2261
2259
2261
2261
2260
2258
2259
2261
2260
2259
2260
2261
2260
2258
2260
2260
2259
2257
2258
2258
2258
2256
2259
2261
2259
2259
2259
2259
2258
2258
2258
2258
2257
2257
2257
2258
2258
2258
2259
2259
2259
2259
2259
2260
2260
2259
2258
2260
2485
2639
2707
2733
2738
2734
2727
2718
2708
2696
2679
2663
2650
2640
2630
2621
2613
2606
2598
2592
2586
2581
2576
2570
2566
2561
2556
2551
2547
2543
2538
2534
2530
2526
2522
2518
2514
2510
2506
2502
2499
2494
2490
2487
2484
2479
2476
2472
2468
2464
2461
2457
2454
2449
2446
2442
2439
2435
2431
2427
2424
2420
2417
2412
2409
2407
2402
2398
2394
2391
2387
2373
2379
2377
2372
2369
2365
2362
2358
2354
2350
2347
2344
2341
2349
2354
2360
2363
2366
2370
2373
2376
2377
2382
2387
2388
2390
2393
2395
2397
2399
2399
2400
2402
2403
2404
2406
2407
2408
2409
2411
2412
2407
2400
2402
2405
2406
2405
2403
2405
2400
2403
2400
2400
2404
2401
2400
2403
2401
2400
2404
2402
2394
2397
2399
2402
2405
2404
2396
2396
2400
2402
2404
2399
2402
2404
2407
2398
2396
2399
2402
2400
2399
2402
2404
2401
2394
2397
2400
2402
2403
2399
2402
2403
2397
2402
2398
2400
2403
2404
2396
2395
2399
2401
2404
2405
2399
2395
2398
2402
2404
2401
2400
2403
2402
2399
2403
2402
2393
2395
2399
2401
2401
2403
2399
2402
2403
2399
2401
2401
2402
2394
2396
2399
2402
2404
2404
2396
2395
2398
2402
2401
2404
2400
2402
2398
2400
2402
2404
2405
2399
2396
2399
2402
2404
2399
2401
2403
2399
2400
2404
2399
2400
2403
2400
2399
2402
2405
2400
2393
2397
2400
2402
2404
2402
2393
2397
2399
2402
2404
2407
2402
2396
2398
2401
2403
2404
2395
2394
2399
2401
2403
2405
2404
2393
2397
2400
2402
2404
2405
2400
2403
2404
2400
2402
2404
2396
2394
2398
2400
2403
2404
2399
2402
2404
2405
2398
2394
2399
2402
2404
2399
2401
2402
2405
2398
2394
2397
2400
2404
2405
2400
2394
2398
2400
2402
2405
2402
2401
2401
2406
2401
2394
2398
2400
2403
2402
2399
2402
2405
2402
2395
2396
2400
2401
2404
2403
2395
2393
2399
2403
2404
2405
2395
2395
2399
2401
2404
2404
2400
2402
2398
