2310
2221
2165
2140
2126
2130
2141
2160
2182
2203
2222
2242
2260
2276
2288
2301
2314
2323
2332
2340
2348
2353
2358
2362
2412
2371
2373
2374
2377
2378
2379
2380
2381
2381
2381
2381
2382
2383
2381
2381
2383
2382
2381
2381
2382
2383
2383
2382
2382
2383
2382
2381
2382
2382
2380
2380
2380
2381
2379
2379
2381
2381
2380
2380
2381
2381
2380
2379
2380
2380
2379
2378
2379
2380
2380
2380
2381
2382
2380
2379
2379
2381
2380
2379
2380
2381
2381
2379
2380
2380
2380
2379
2380
2379
2379
2378
2379
2379
2379
2466
2589
2639
2660
2668
2671
2670
2667
2663
2656
2649
2639
2627
2616
2620
2600
2593
2586
2580
2574
2568
2564
2559
2555
2550
2545
2540
2537
2532
2528
2524
2521
2517
2513
2509
2506
2501
2497
2494
2491
2487
2483
2480
2476
2473
2469
2466
2462
2459
2455
2452
2448
2444
2441
2437
2433
2430
2427
2423
2420
2424
2430
2434
2438
2442
2445
2447
2450
2452
2455
2455
2458
2460
2461
2463
2465
2466
2460
2462
2444
2465
2466
2458
2457
2459
2463
2464
2466
2461
2464
2465
2461
2441
2292
2210
2159
2133
2125
2129
2145
2165
2184
2206
2224
2246
2263
2278
2292
2304
2314
2324
2334
2342
2347
2354
2361
2365
2366
2368
2372
2375
2376
2377
2380
2382
2382
2381
2383
2383
2382
2382
2383
2384
2383
2382
2383
2383
2382
2383
2382
2382
2381
2381
2381
2383
2381
2381
2382
2383
2382
2381
2380
2381
2380
2379
2381
2381
2380
2376
2381
2381
2380
2380
2380
2381
2382
2380
2380
2380
2380
2379
2380
2380
2379
2378
2379
2381
2381
2379
2380
2382
2381
2381
2380
2381
2382
2381
2381
2381
2382
2380
2380
2511
2606
2647
2664
2671
2672
2671
2668
2663
2655
2649
2636
2624
2614
2606
2598
2572
2585
2580
2574
2568
2563
2558
2553
2549
2544
2540
2536
2531
2527
2524
2520
2516
2512
2508
2505
2502
2497
2495
2490
2487
2483
2480
2475
2472
2468
2464
2460
2457
2454
2451
2447
2444
2440
2437
2433
2430
2426
2423
2420
2426
2431
2436
2440
2443
2445
2448
2451
2453
2455
2458
2459
2460
2462
2463
2459
2460
2462
2464
2465
2458
2454
2458
2461
2463
2465
2464
2466
2457
2457
2461
2464
2411
2270
2197
2150
2128
2125
2134
2150
2169
2191
2212
2231
2249
2267
2283
2295
2306
2318
2329
2337
2343
2350
2355
2360
2362
2367
2370
2373
2375
2378
2376
2380
2380
2382
2382
2383
2382
2383
2385
2383
2383
2383
2383
2382
2380
2381
2382
2382
2382
2383
2384
2396
2381
2382
2382
2381
2380
2382
2382
2382
2380
2380
2381
2381
2380
2381
2382
2382
2381
2380
2380
2381
2379
2379
2380
2381
2379
2379
2380
2381
2380
2379
2380
2380
2378
2380
2380
2380
2379
2379
2380
2381
2380
2379
2380
2381
2381
2380
2380
2395
2546
2618
2652
2666
2671
2672
2670
2666
2661
2654
2646
2633
2622
2612
2603
2596
2589
2584
2578
2572
2567
2562
2557
2552
2547
2543
2539
2535
2530
2526
2523
2519
2515
2511
2507
2504
2500
2497
2493
2489
2486
2482
2479
2474
2471
2467
2464
2460
2457
2453
2450
2446
2443
2439
2432
2432
2429
2426
2422
2422
2429
2434
2439
2441
2444
2447
2450
2452
2455
2456
2458
2460
2462
2463
2464
2465
2463
2461
2463
2465
2463
2455
2459
2462
2463
2466
2467
2463
2463
2466
2462
2462
2366
2245
2179
2143
2127
2128
2137
2152
2177
2195
2217
2236
2255
2271
2285
2298
2311
2321
2330
2339
2348
2353
2356
2361
2366
2369
2370
2374
2377
2378
2378
2380
2381
2382
2381
2382
2384
2383
2383
2384
2385
2384
2383
2382
2383
2383
2382
2382
2383
2383
2383
2383
2388
2382
2380
2381
2381
2381
2379
2379
2381
2383
2380
2380
2381
2381
2380
2380
2381
2381
2381
2380
2381
2381
2381
2380
2381
2381
2380
2379
2381
2381
2379
2379
2380
2381
2380
2379
2381
2382
2380
2379
2380
2381
2380
2380
2380
2381
2379
2430
2572
2632
2658
2668
2672
2671
2668
2665
2659
2648
2640
2629
2618
2609
2601
2594
2587
2580
2575
2570
2564
2559
2555
2551
2546
2541
2537
2532
2529
2525
2521
2518
2513
2510
2506
2502
2498
2495
2491
2488
2484
2481
2476
2472
2470
2466
2462
2459
2455
2451
2448
2445
2441
2438
2434
2431
2427
2424
2420
2425
2431
2435
2439
2442
2445
2447
2449
2452
2455
2456
2458
2460
2461
2464
2465
2466
2462
2463
2464
2465
2460
2463
2465
2466
2458
2456
2461
2463
2465
2466
2462
2464
2466
2468
2459
2457
2462
2464
2466
2468
2461
2457
2460
2463
2465
2468
2462
2458
2461
2463
2467
2468
2464
2458
2461
2463
2465
2466
2462
2465
2460
2463
2465
2460
2463
2465
2461
2463
2465
2461
2463
2465
2461
2463
2466
2462
2456
2459
2461
2464
2467
2464
2456
2459
2462
2464
2466
2466
2458
2458
2462
2465
2466
2467
2456
2458
2463
2465
2467
2462
2464
2462
2461
2464
2467
2463
2456
2460
2462
2465
2467
2465
2457
2460
2462
2464
2465
2462
2464
2466
2462
2464
2466
2466
2459
2458
2462
2464
2466
2460
2463
2466
2461
2463
2461
2460
2444
2465
2461
2463
2462
2460
2463
2466
2468
2462
2456
2460
2462
2465
2463
2460
2463
2467
2444
2456
2459
2462
2463
2466
2468
2464
2458
2460
2463
2465
2465
2461
2464
2465
2461
2464
2466
2465
2457
2458
2461
2463
2465
2466
2461
2464
2465
2458
2456
2460
2464
2465
2466
2461
2464
2466
2467
2459
2457
2461
2463
2466
2467
2461
2456
2460
2463
2466
2467
2468
2461
2458
2461
2465
2467
2463
2463
2466
2462
2463
2465
2467
2462
2457
2460
2462
2465
2464
2461
2464
2466
2463
2463
2463
2460
2463
2466
2464
2456
2458
2462
2464
2466
2465
2457
2457
2461
2463
2465
2468
2466
2458
2459
2462
2464
2466
2467
2458
2457
2461
2463
2466
2467
2459
2457
2460
2463
2466
2467
2462
2464
2466
2467
2459
2456
2460
2464
2466
2462
2463
2465
2466
2460
2460
2459
2462
2465
2467
2463
2464
2467
2462
2456
