4175
3842
3812
3887
3997
4096
4188
4262
4327
4374
4415
4441
4465
4481
4496
4503
4513
4513
4518
4518
4522
4521
4525
4522
4522
4519
4524
4521
4522
4522
4524
4522
4521
4519
4520
4517
4519
4518
4521
4521
4518
4525
4520
4519
4518
4518
4515
4519
4519
4519
4517
4519
4518
4520
4517
4518
4517
4521
4519
4519
4515
4519
4518
4521
4519
4519
4517
4521
4519
4523
4518
4519
4518
4521
4518
4519
4517
4520
4517
4519
4517
4520
4516
4520
4520
4520
4518
4518
4519
4520
4517
4516
4519
4519
4517
4518
4520
4518
4519
4518
4518
4730
5339
5471
5462
5428
5379
5319
5274
5239
5209
5183
5160
5140
5120
5102
5084
5067
5050
5034
5019
5004
4988
4972
4958
4943
4928
4913
4898
4883
4869
4853
4838
4825
4809
4795
4780
4766
4752
4739
4723
4708
4695
4688
4711
4728
4742
4757
4770
4780
4790
4797
4804
4807
4814
4818
4823
4819
4813
4814
4807
4803
4811
4807
4802
4798
4809
4804
4806
4794
4805
4809
4793
4805
4811
4793
4806
4806
4802
4807
4804
4795
4807
4807
4795
4806
4804
4807
4797
4802
4810
4805
4801
4795
4248
3854
3808
3879
3988
4090
4182
4257
4321
4368
4410
4433
4463
4478
4496
4503
4512
4515
4523
4521
4523
4521
4523
4519
4525
4523
4523
4523
4523
4523
4522
4518
4518
4516
4518
4520
4520
4519
4518
4518
4518
4519
4519
4520
4518
4519
4518
4518
4516
4517
4516
4519
4517
4520
4519
4522
4519
4519
4517
4519
4515
4519
4517
4520
4517
4521
4519
4519
4517
4518
4516
4520
4519
4521
4517
4519
4517
4517
4513
4520
4519
4522
4518
4520
4517
4517
4516
4519
4519
4519
4520
4520
4518
4518
4519
4519
4513
4518
4519
4518
4519
4679
5313
5467
5466
5433
5382
5322
5276
5240
5210
5184
5161
5140
5121
5103
5084
5068
5052
5035
5020
5003
4988
4973
4959
4942
4929
4913
4899
4883
4869
4854
4840
4824
4810
4793
4780
4766
4751
4738
4722
4709
4694
4689
4712
4729
4744
4759
4770
4781
4790
4797
4803
4806
4811
4817
4822
4824
4804
4814
4809
4816
4800
4806
4811
4795
4807
4805
4796
4808
4801
4813
4797
4803
4809
4793
4804
4805
4808
4801
4798
4809
4793
4801
4811
4796
4801
4807
4801
4804
4806
4802
4804
4807
4300
3863
3803
3872
3977
4083
4178
4253
4341
4367
4407
4437
4462
4479
4493
4500
4511
4514
4523
4521
4524
4524
4525
4523
4524
4522
4525
4521
4522
4521
4521
4525
4522
4520
4520
4516
4518
4519
4518
4518
4518
4518
4518
4519
4518
4517
4519
4519
4517
4518
4519
4520
4520
4520
4519
4521
4520
4519
4517
4519
4517
4518
4517
4519
4517
4521
4517
4520
4519
4521
4517
4519
4518
4520
4517
4520
4518
4521
4519
4521
4517
4521
4518
4519
4518
4521
4517
4518
4518
4519
4517
4520
4519
4520
4519
4519
4517
4516
4517
4519
4521
4629
5294
5467
5468
5436
5387
5322
5277
5241
5211
5183
5159
5139
5120
5102
5084
5068
5051
5035
5020
5004
4988
4974
4958
4943
4928
4915
4898
4884
4868
4854
4839
4821
4810
4794
4780
4764
4751
4736
4722
4709
4693
4690
4714
4729
4742
4756
4768
4779
4788
4796
4804
4807
4811
4817
4822
4818
4818
4801
4809
4811
4796
4808
4805
4808
4792
4803
4811
4794
4804
4806
4807
4795
4798
4810
4805
4802
4808
4801
4798
4808
4802
4804
4793
4805
4807
4793
4805
4809
4794
4806
4811
4795
4395
3892
3803
3862
3966
4068
4165
4245
4309
4359
4402
4431
4458
4475
4492
4502
4511
4514
4521
4520
4523
4522
4526
4523
4525
4522
4523
4521
4524
4517
4523
4519
4521
4517
4519
4520
4521
4519
4520
4518
4519
4518
4521
4520
4519
4516
4517
4518
4516
4516
4517
4520
4521
4517
4518
4520
4519
4518
4519
4525
4516
4519
4519
4518
4515
4519
4517
4520
4519
4520
4520
4521
4519
4521
4519
4522
4519
4520
4519
4524
4519
4518
4516
4518
4517
4522
4518
4520
4517
4519
4513
4518
4517
4519
4519
4520
4518
4518
4517
4518
4518
4584
5249
5458
5468
5438
5395
5336
5288
5249
5218
5191
5168
5147
5127
5105
5090
5073
5057
5040
5025
5009
4995
4978
4962
4947
4934
4918
4903
4888
4875
4859
4845
4830
4815
4800
4786
4771
4757
4741
4733
4714
4699
4686
4704
4723
4737
4752
4765
4776
4785
4794
4801
4805
4810
4815
4819
4825
4810
4809
4816
4799
4808
4808
4796
4809
4805
4803
4807
4802
4804
4801
4804
4804
4793
4806
4802
4807
4790
4802
4812
4801
4800
4803
4806
4804
4795
4808
4802
4805
4791
4803
4809
4806
4798
4797
4807
4806
4803
4807
4800
4804
4805
4803
4804
4805
4795
4796
4806
4801
4808
4804
4756
4802
4806
4801
4803
4789
4804
4808
4807
4795
4798
4809
4806
4809
4792
4804
4804
4806
4803
4795
4808
4794
4798
4808
4795
4799
4809
4805
4808
4805
4798
4797
4807
4797
4799
4809
4804
4806
4804
4803
4813
4793
4804
4803
4807
4803
4799
4808
4793
4800
4810
4794
4789
4810
4797
4801
4811
4798
4800
4810
4800
4799
4809
4804
4798
4809
4804
4800
4804
4791
4802
4811
4799
4801
4810
4804
4800
4802
4804
4802
4793
4805
4806
4807
4801
4810
4794
4800
4804
4803
4807
4792
4804
4807
4791
4802
4812
4798
4757
4809
4798
4798
4808
4804
4813
4804
4756
4793
4806
4811
4793
4803
4811
4793
4801
4809
4803
4799
4808
4804
4795
4806
4805
4794
4805
4807
4793
4804
4813
4797
4801
4807
4803
4796
4794
4805
4804
4805
4801
4808
4791
4802
4810
4800
4804
4807
4791
4798
4808
4806
4802
4805
4803
4797
4804
4805
4792
4804
4806
4805
4806
4793
4806
4807
4804
4800
4807
4791
4801
4808
4803
4803
4805
4801
4808
4792
4802
4809
4803
4799
4807
4791
4799
4808
4801
4803
4804
4800
4802
4802
4798
4802
4801
4804
4801
4756
4809
4795
4799
4805
4802
4807
4790
4801
4807
4803
4797
4794
4805
4810
4792
4803
4811
4799
4800
4808
4802
4800
4791
4803
4801
4805
4799
4808
4792
4756
4808
4756
4796
4808
