35367
37729
38126
38101
38089
38081
38081
38083
38090
38082
38089
38087
38084
38083
38090
38081
38093
38086
38081
38096
38082
38083
38087
38084
38079
38101
38081
38096
38091
38086
38084
38083
38090
38092
38084
38094
38094
38098
38085
38088
38089
38087
38092
38089
38092
38092
38093
38081
38092
38084
38088
38087
38091
38086
38089
38090
38105
38097
38092
38084
38086
38093
38091
38094
38092
38090
38090
38090
38087
38096
38084
38083
38086
38102
38091
38090
38086
38093
38080
38095
38097
38090
38089
38084
38090
38081
38087
38088
38090
38094
38088
38088
38092
38083
38085
38089
38087
38078
41382
41160
40054
39139
39185
39418
39408
39413
39399
39418
39397
39412
39406
39407
39405
39408
39415
39416
39397
39416
39405
39425
39410
39404
39411
39410
39399
39414
39401
39400
39412
39417
39392
39419
39408
39405
39408
39409
39414
39410
39406
39411
39407
39420
39411
39414
39408
39408
39413
39399
39408
39416
39410
39408
39409
39405
39394
39412
39403
39398
39411
39393
39400
39417
39396
39409
39397
39408
39403
39401
39405
39396
39416
39391
39414
39408
39404
39409
39425
39413
39414
39405
39412
39407
39408
39404
39403
39417
39388
39409
39397
39412
39399
39399
37243
36600
38038
38122
38095
38086
38085
38088
38082
38079
38080
38070
38082
38082
38090
38081
38088
38089
38086
38085
38099
38090
38094
38084
38097
38084
38091
38088
38088
38084
38089
38099
38096
38094
38088
38088
38093
38087
38086
38084
38084
38090
38088
38095
38086
38087
38086
38088
38087
38085
38093
38091
38082
38083
38088
38086
38084
38085
38091
38084
38094
38079
38092
38087
38094
38083
38098
38090
38083
38092
38090
38089
38077
38093
38082
38088
38079
38091
38088
38078
38092
38089
38081
38086
38083
38086
38081
38081
38086
38076
38081
38086
38080
38087
38083
38083
38085
38090
38999
42018
40530
39564
38992
39384
39400
39403
39409
39400
39413
39410
39396
39408
39405
39416
39402
39407
39408
39408
39410
39407
39402
39412
39394
39410
39398
39414
39400
39401
39408
39409
39412
39401
39408
39403
39414
39404
39415
39397
39407
39418
39405
39396
39405
39407
39410
39404
39404
39399
39388
39402
39391
39408
39388
39410
39386
39400
39401
39387
39398
39403
39399
39389
39410
39401
39393
39404
39399
39397
39390
39413
39405
39406
39398
39391
39403
39410
39394
39393
39394
39387
39410
39391
39396
39405
39389
39388
39400
39392
39397
39401
39385
39392
39401
35544
37619
38100
38099
38076
38073
38081
38073
38081
38081
38077
38068
38081
38083
38076
38076
38081
38089
38086
38085
38078
38087
38087
38092
38082
38091
38075
38091
38077
38091
38072
38094
38079
38090
38080
38076
38082
38086
38094
38078
38078
38080
38089
38082
38084
38083
38084
38084
38076
38076
38088
38084
38084
38084
38084
38088
38084
38078
38091
38094
38083
38088
38080
38087
38085
38083
38080
38084
38081
38081
38081
38083
38084
38079
38089
38088
38090
38082
38088
38094
38078
38084
38087
38080
38100
38090
38096
38082
38089
38097
38092
38084
38096
38097
38087
38084
38092
38085
41076
41227
40086
39160
39191
39384
39413
39399
39408
39412
39395
39409
39418
39391
39411
39401
39404
39414
39420
39399
39413
39395
39415
39410
39399
39386
39401
39409
39407
39389
39396
39380
39404
39393
39389
39392
39403
39399
39392
39405
39398
39404
39387
39402
39397
39406
39407
39395
39401
39410
39394
39395
39419
39391
39406
39408
39402
39392
39398
39404
39391
39390
39407
39385
39398
39394
39396
39392
39405
39395
39386
39395
39397
39397
39386
39396
39398
39394
39402
39403
39398
39399
39391
39399
39388
39403
39395
39406
39388
39383
39394
39393
39390
39381
37753
36252
37994
38113
38093
38074
38077
38082
38082
38077
38083
38085
38081
38081
38077
38076
38071
38080
38078
38079
38070
38080
38079
38076
38074
38078
38071
38077
38075
38084
38072
38077
38082
38076
38080
38084
38085
38081
38060
38083
38086
38089
38079
38073
38071
38067
38078
38073
38084
38071
38075
38074
38086
38071
38084
38078
38078
38073
38078
38081
38077
38074
38079
38076
38072
38082
38067
38071
38075
38081
38071
38071
38078
38068
38064
38081
38081
38081
38082
38077
38071
38076
38079
38080
38070
38077
38077
38076
38079
38077
38077
38074
38071
38072
38070
38074
38077
38065
38477
42217
40700
39704
38954
39335
39415
39383
39401
39390
39400
39392
39384
39404
39387
39389
39400
39382
39394
39392
39389
39386
39402
39393
39394
39399
39385
39410
39405
39389
39400
39400
39396
39402
39402
39360
39409
39389
39397
39398
39396
39394
39389
39401
39399
39405
39393
39391
39389
39399
39402
39391
39382
39386
39397
39397
39394
39406
39391
39393
39388
39401
39384
39408
39409
39393
39403
39400
39401
39401
39390
39404
39400
39393
39409
39389
39394
39404
39390
39402
39395
39390
39399
39381
39403
39393
39391
39402
39393
39377
39395
39398
39386
39395
39390
39393
39390
39384
39390
39386
39400
39387
39391
39383
39393
39398
39391
39390
39379
39391
39394
39391
39389
39376
39390
39388
39400
39390
39399
39381
39398
39401
39388
39401
39386
39392
39392
39398
39392
39405
39379
39400
39388
39390
39393
39396
39389
39387
39388
39393
39390
39391
39392
39386
39402
39398
39382
39398
39389
39396
39388
39395
39393
39396
39399
39392
39393
39405
39395
39397
39393
39412
39385
39414
39393
39392
39398
39392
39390
39394
39392
39381
39389
39410
39383
39407
39399
39397
39383
39396
39395
39399
39383
39391
39403
39400
39377
39392
39395
39387
39400
39386
39407
39395
39396
39400
39404
39386
39407
39400
39383
39414
39393
39408
39387
39400
39389
39405
39381
39400
39399
39394
39398
39389
39391
39407
39389
39393
39397
39398
39393
39392
39394
39385
39402
39393
39397
39393
39398
39401
39379
39401
39397
39399
39384
39400
39383
39391
39404
39397
39395
39399
39398
39392
39408
39400
39393
39395
39405
39397
39391
39398
39400
39399
39397
39385
39401
39393
39388
39390
39394
39394
39394
39390
39379
39393
39389
39401
39394
39391
39387
39399
39385
39400
39399
39392
39387
39391
39401
39399
39383
39396
39400
39397
39397
39409
39387
39396
39407
39404
39387
39391
39397
39406
39405
39395
39404
39397
39400
39405
39414
39383
39404
39407
39397
39401
39401
39409
39400
39405
39396
39396
39399
39401
39407
39398
39399
39397
39403
39417
39391
39398
39410
39402
39409
39385
39408
39402
39391
39404
39400
39395
39402
39402
39402
39392
39412
39396
39397
39393
39393
39396
39402
39399
39403
39379
39407
39402
39397
