4321
3994
3964
4038
4146
4245
4335
4406
4469
4515
4555
4580
4605
4620
4635
4642
4651
4651
4656
4652
4660
4658
4664
4659
4661
4656
4660
4659
4660
4659
4662
4660
4658
4657
4657
4656
4656
4655
4658
4659
4657
4657
4659
4657
4656
4656
4653
4656
4656
4657
4656
4656
4655
4658
4655
4657
4655
4659
4657
4658
4652
4657
4657
4658
4656
4657
4655
4659
4656
4659
4655
4658
4656
4660
4657
4657
4655
4658
4655
4657
4656
4657
4654
4657
4657
4658
4656
4656
4657
4657
4653
4654
4656
4656
4655
4655
4656
4656
4657
4656
4656
4856
5436
5560
5552
5520
5473
5417
5375
5341
5313
5287
5265
5247
5228
5211
5194
5179
5162
5147
5131
5117
5102
5088
5074
5059
5044
5030
5016
5002
4988
4973
4959
4945
4928
4917
4903
4889
4875
4861
4848
4834
4820
4815
4837
4853
4866
4881
4892
4903
4912
4919
4927
4930
4935
4938
4943
4940
4934
4935
4929
4925
4932
4927
4924
4920
4931
4926
4927
4916
4927
4931
4917
4928
4933
4917
4927
4960
4923
4927
4926
4917
4928
4928
4918
4929
4926
4928
4914
4924
4931
4926
4924
4918
4391
4006
3960
4030
4138
4238
4329
4402
4465
4510
4550
4576
4603
4618
4634
4641
4650
4653
4660
4658
4661
4658
4660
4658
4662
4660
4661
4658
4660
4659
4659
4656
4656
4654
4657
4657
4659
4656
4655
4656
4656
4656
4658
4658
4654
4655
4656
4656
4653
4655
4654
4656
4655
4658
4657
4659
4656
4668
4653
4657
4652
4655
4654
4657
4654
4658
4656
4658
4655
4657
4654
4657
4654
4658
4654
4657
4654
4654
4653
4656
4654
4658
4656
4657
4654
4654
4652
4656
4656
4656
4657
4656
4655
4655
4657
4656
4653
4654
4656
4655
4656
4806
5410
5556
5555
5524
5477
5419
5376
5341
5313
5288
5266
5246
5228
5210
5193
5177
5161
5146
5131
5115
5100
5086
5071
5057
5044
5030
5015
5001
4987
4973
4958
4944
4930
4917
4903
4889
4875
4861
4847
4834
4819
4815
4836
4853
4868
4882
4893
4903
4911
4920
4924
4927
4933
4938
4943
4944
4925
4934
4929
4937
4922
4927
4932
4918
4928
4926
4918
4931
4925
4933
4918
4924
4930
4914
4925
4926
4929
4924
4920
4930
4915
4921
4932
4918
4922
4928
4926
4924
4927
4923
4925
4929
4441
4013
3954
4023
4129
4230
4324
4396
4462
4507
4546
4575
4602
4616
4631
4638
4648
4652
4658
4657
4661
4660
4661
4659
4661
4660
4661
4658
4659
4659
4659
4657
4660
4658
4658
4653
4656
4655
4655
4655
4655
4655
4655
4656
4655
4654
4654
4656
4654
4654
4655
4658
4656
4657
4654
4656
4668
4655
4655
4656
4654
4655
4655
4656
4653
4658
4654
4657
4656
4658
4655
4655
4655
4656
4655
4657
4654
4657
4657
4658
4653
4657
4654
4655
4655
4657
4655
4656
4654
4657
4654
4657
4657
4657
4657
4656
4654
4654
4654
4656
4657
4760
5393
5556
5557
5527
5480
5421
5377
5343
5314
5288
5267
5246
5228
5211
5194
5178
5162
5146
5132
5117
5102
5088
5075
5059
5046
5036
5016
5002
4988
4973
4959
4946
4931
4918
4903
4889
4875
4862
4848
4834
4820
4828
4839
4855
4866
4881
4891
4903
4911
4919
4926
4928
4933
4937
4942
4938
4938
4923
4929
4932
4918
4929
4927
4931
4915
4925
4931
4916
4925
4928
4929
4918
4920
4932
4972
4924
4929
4923
4920
4929
4925
4925
4914
4927
4929
4916
4926
4930
4915
4927
4932
4916
4533
4042
3954
4013
4116
4215
4312
4389
4452
4500
4542
4570
4597
4614
4629
4638
4648
4650
4657
4657
4660
4658
4662
4660
4662
4658
4660
4659
4662
4657
4658
4655
4658
4655
4656
4657
4659
4656
4658
4656
4656
4655
4657
4657
4656
4653
4654
4655
4654
4653
4654
4657
4658
4654
4655
4657
4655
4655
4655
4656
4653
4656
4656
4655
4653
4656
4654
4657
4655
4658
4657
4657
4656
4658
4657
4659
4656
4657
4657
4657
4655
4656
4653
4656
4655
4659
4656
4657
4654
4657
4653
4655
4654
4656
4656
4657
4656
4657
4654
4655
4656
4719
5351
5549
5557
5529
5488
5433
5387
5351
5322
5296
5274
5254
5234
5217
5201
5184
5168
5153
5138
5123
5104
5093
5079
5068
5050
5036
5022
5007
4993
4980
4966
4952
4937
4924
4910
4894
4881
4866
4853
4840
4825
4812
4830
4848
4862
4876
4890
4900
4910
4917
4924
4928
4933
4938
4941
4947
4933
4932
4938
4921
4931
4931
4919
4931
4928
4925
4929
4924
4927
4923
4926
4927
4916
4928
4925
4929
4913
4924
4933
4921
4922
4924
4927
4926
4917
4929
4924
4927
4914
4925
4931
4927
4921
4919
4929
4927
4924
4928
4920
4925
4928
4924
4926
4927
4917
4920
4928
4924
4930
4926
4923
4926
4926
4924
4925
4915
4926
4928
4927
4917
4920
4930
4927
4931
4915
4925
4925
4929
4925
4918
4930
4917
4921
4931
4919
4922
4932
4927
4930
4927
4922
4919
4929
4914
4921
4931
4924
4926
4925
4923
4929
4915
4926
4926
4928
4924
4920
4930
4914
4922
4931
4916
4922
4932
4918
4921
4931
4920
4922
4931
4923
4921
4930
4924
4921
4931
4925
4921
4926
4911
4923
4932
4920
4922
4930
4926
4922
4923
4926
4924
4915
4927
4928
4928
4923
4931
4915
4921
4927
4924
4927
4914
4925
4929
4913
4924
4933
4918
4920
4930
4920
4919
4928
4925
4928
4925
4921
4915
4926
4931
4914
4925
4932
4915
4923
4930
4924
4921
4929
4926
4917
4928
4927
4914
4927
4928
4915
4926
4934
4919
4923
4928
4926
4918
4916
4926
4926
4928
4923
4930
4914
4923
4930
4925
4926
4927
4913
4919
4929
4928
4923
4925
4924
4914
4926
4926
4913
4924
4928
4927
4960
4914
4926
4928
4925
4922
4927
4913
4923
4928
4925
4925
4927
4922
4929
4913
4923
4930
4924
4921
4930
4914
4921
4930
4923
4924
4926
4921
4923
4924
4920
4923
4923
4925
4923
4921
4930
4917
4920
4926
4924
4929
4913
4924
4929
4926
4919
4916
4926
4931
4914
4925
4932
4922
4921
4930
4924
4922
4914
4925
4925
4927
4922
4930
4915
4921
4930
4922
4920
4930
