17118
17454
18115
18320
18369
18373
18363
18355
18351
18354
18345
18353
18354
18357
18359
18351
18357
18352
18349
18352
18353
18354
18353
18356
18356
18361
18357
18359
18357
18349
18353
18351
18353
18352
18354
18345
18355
18354
18349
18352
18350
18353
18355
18349
18354
18351
18351
18352
18355
18355
18355
18349
18355
18358
18350
18351
18353
18353
18355
18358
18357
18355
18352
18345
18357
18336
18352
18352
18353
18353
18359
18353
18350
18357
18358
18352
18357
18354
18357
18351
18354
18364
18353
18357
18360
18352
18355
18358
18353
18352
18355
18357
18355
18364
18353
18352
18353
19863
19895
19441
19139
18886
18652
18743
18819
18834
18823
18819
18835
18834
18835
18842
18821
18821
18825
18829
18827
18832
18828
18830
18826
18831
18820
18832
18824
18829
18834
18830
18827
18831
18823
18833
18833
18828
18833
18819
18839
18830
18837
18814
18833
18825
18825
18821
18818
18833
18833
18828
18826
18827
18816
18821
18820
18834
18825
18837
18822
18822
18827
18826
18827
18817
18835
18819
18830
18830
18830
18833
18820
18825
18823
18826
18820
18834
18820
18830
18823
18834
18813
18831
18834
18832
18831
18817
18827
18831
18837
18821
18832
18830
18835
17673
17212
17988
18289
18373
18381
18373
18361
18348
18357
18359
18353
18354
18359
18354
18352
18351
18355
18357
18350
18346
18352
18354
18353
18345
18346
18349
18351
18348
18350
18346
18352
18348
18353
18350
18354
18348
18349
18354
18357
18351
18346
18352
18353
18349
18349
18355
18352
18349
18348
18357
18353
18355
18345
18341
18352
18348
18336
18356
18352
18355
18350
18348
18349
18350
18349
18356
18356
18336
18357
18347
18353
18357
18353
18350
18350
18347
18350
18355
18351
18350
18351
18353
18353
18356
18349
18351
18358
18353
18347
18352
18349
18352
18350
18350
18352
18358
19353
19995
19521
19193
18925
18685
18714
18796
18828
18814
18824
18821
18823
18826
18821
18825
18826
18818
18822
18826
18826
18828
18819
18827
18819
18816
18834
18822
18823
18821
18834
18813
18819
18831
18816
18827
18827
18832
18810
18831
18826
18828
18830
18833
18818
18827
18823
18830
18826
18817
18823
18834
18814
18824
18842
18821
18815
18833
18835
18816
18834
18817
18832
18823
18821
18827
18828
18819
18822
18827
18829
18836
18824
18825
18823
18821
18832
18833
18821
18828
18827
18828
18827
18831
18817
18827
18818
18820
18829
18839
18816
18818
18826
18838
18245
17002
17811
18239
18353
18381
18365
18354
18354
18355
18349
18349
18353
18349
18350
18353
18349
18348
18347
18345
18352
18359
18354
18351
18349
18359
18349
18356
18351
18355
18353
18361
18355
18352
18353
18356
18353
18356
18356
18348
18352
18353
18351
18350
18356
18357
18349
18347
18355
18353
18357
18347
18353
18351
18350
18351
18358
18356
18354
18349
18351
18350
18351
18353
18352
18346
18352
18352
18351
18351
18336
18352
18350
18349
18355
18351
18349
18350
18350
18350
18345
18349
18350
18347
18336
18345
18347
18353
18351
18347
18350
18351
18351
18350
18354
18349
18348
18869
20062
19672
19290
19013
18768
18647
18780
18806
18825
18826
18824
18823
18835
18819
18827
18819
18831
18823
18826
18819
18826
18819
18838
18819
18825
18824
18829
18824
18826
18817
18818
18826
18828
18835
18822
18823
18833
18821
18819
18828
18820
18829
18829
18827
18818
18830
18824
18819
18831
18817
18832
18825
18832
18824
18819
18829
18823
18822
18823
18827
18815
18821
18824
18830
18815
18816
18828
18827
18814
18823
18821
18825
18823
18822
18827
18823
18830
18819
18812
18829
18825
18820
18824
18800
18828
18823
18822
18823
18822
18814
18824
18829
18827
18697
16979
17580
18158
18342
18369
18370
18362
18359
18349
18347
18352
18351
18341
18351
18353
18348
18346
18353
18336
18354
18358
18353
18351
18352
18354
18346
18351
18352
18352
18346
18349
18355
18359
18346
18349
18354
18345
18351
18354
18357
18359
18346
18352
18352
18355
18355
18354
18354
18358
18353
18355
18357
18350
18350
18354
18357
18357
18344
18350
18353
18352
18355
18349
18356
18355
18351
18356
18356
18349
18355
18353
18357
18346
18348
18353
18357
18354
18354
18354
18363
18347
18350
18356
18354
18354
18350
18349
18355
18356
18351
18351
18351
18363
18353
18351
18349
18453
20003
19794
19357
19073
18824
18659
18770
18827
18811
18830
18819
18830
18835
18818
18831
18825
18816
18831
18836
18825
18825
18826
18825
18829
18822
18840
18826
18821
18835
18825
18827
18826
18818
18835
18826
18833
18818
18816
18830
18824
18822
18822
18830
18831
18826
18828
18820
18819
18829
18840
18816
18831
18824
18829
18828
18831
18826
18824
18826
18833
18825
18831
18832
18819
18835
18832
18824
18827
18827
18829
18830
18827
18835
18828
18826
18818
18831
18829
18822
18823
18835
18828
18834
18824
18821
18835
18826
18824
18828
18826
18833
18826
18820
18822
18833
18823
18818
18832
18827
18829
18820
18827
18822
18822
18831
18819
18816
18833
18818
18833
18823
18825
18830
18815
18827
18833
18818
18808
18832
18822
18816
18830
18819
18837
18824
18819
18824
18831
18817
18818
18828
18830
18820
18827
18814
18832
18829
18818
18826
18825
18818
18816
18825
18813
18825
18822
18828
18830
18820
18824
18821
18831
18826
18800
18835
18820
18830
18824
18829
18823
18819
18820
18832
18821
18825
18833
18825
18834
18820
18834
18821
18835
18811
18832
18821
18816
18832
18822
18811
18832
18833
18817
18823
18822
18833
18823
18824
18821
18816
18828
18829
18827
18817
18837
18828
18818
18824
18824
18822
18831
18828
18835
18817
18825
18831
18837
18825
18818
18835
18814
18820
18836
18830
18826
18813
18837
18834
18817
18818
18835
18824
18813
18822
18832
18818
18824
18819
18828
18814
18834
18830
18815
18827
18824
18815
18824
18808
18821
18823
18817
18834
18825
18823
18823
18829
18822
18824
18827
18815
18818
18828
18827
18823
18812
18823
18827
18815
18816
18837
18817
18832
18812
18827
18822
18819
18839
18822
18824
18820
18821
18837
18820
18832
18816
18825
18830
18820
18834
18828
18807
18830
18821
18824
18829
18822
18827
18819
18827
18830
18823
18815
18825
18831
18830
18810
18834
18822
18815
18824
18828
18837
18825
18815
18824
18814
18816
18835
18814
18829
18812
18831
18825
18828
18827
18823
18826
18805
18816
18818
18835
18812
18837
18826
18824
18818
18830
18820
18821
18829
18822
18821
18829
18822
18834
18826
18828
18820
18825
18837
18831
18808
18826
18831
18824
18814
18828
18827
18825
18813
18831
18817
18834
18826
