72142
75374
75321
75317
75317
75324
75312
75324
75311
75308
75319
75323
75308
75323
75314
75314
75319
75314
75312
75303
75318
75314
75317
75321
75323
75320
75318
75317
75324
75310
75305
75303
75322
75312
75317
75295
75306
75310
75327
75317
75315
75321
75318
75308
75317
75312
75315
75314
75322
75315
75314
75314
75301
75325
75312
75313
75311
75323
75316
75302
75319
75304
75308
75317
75317
75308
75316
75305
75317
75309
75304
75310
75306
75304
75303
75308
75306
75296
75311
75312
75306
75307
75309
75305
75300
75299
75299
75299
75297
75297
75303
75299
75299
75310
75306
75303
75304
75309
81718
78428
77853
78058
78062
78046
78064
78063
78084
78067
78060
78072
78059
78066
78063
78050
78056
78059
78051
78040
78054
78063
78055
78040
78046
78047
78057
78057
78041
78069
78054
78059
78070
78043
78068
78052
78062
78057
78059
78061
78067
78082
78060
78068
78060
78076
78059
78066
78069
78069
78073
78071
78064
78074
78074
78077
78071
78048
78060
78048
78061
78045
78041
78053
78071
78048
78023
78036
78039
78054
78031
78058
78053
78035
78047
78044
78042
78052
78047
78041
78053
78044
78046
78054
78052
78033
78044
78037
78029
78036
78044
78061
78060
78040
73841
74978
75325
75298
75290
75292
75278
75288
75277
75274
75276
75276
75286
75279
75304
75299
75304
75309
75307
75299
75294
75296
75292
75293
75283
75291
75302
75309
75286
75289
75304
75305
75296
75289
75287
75279
75273
75293
75292
75286
75287
75281
75281
75275
75289
75293
75292
75301
75287
75303
75308
75288
75296
75311
75297
75302
75288
75296
75297
75305
75299
75310
75303
75300
75287
75299
75295
75282
75308
75289
75297
75297
75288
75293
75297
75299
75307
75296
75286
75284
75279
75283
75296
75285
75300
75283
75279
75284
75284
75286
75290
75302
75287
75297
75291
75308
75292
75295
78498
80625
77522
78062
78051
78042
78053
78047
78062
78040
78045
78043
78031
78044
78019
78044
78034
78032
78047
78049
78029
78048
78026
78046
78037
78032
78042
78030
78051
78042
78047
78028
78041
78027
78062
78036
78048
78036
78039
78045
78035
78061
78036
78050
78044
78037
78050
78028
78051
78033
78031
78037
78033
78037
78029
78031
78043
78052
78046
78027
78027
78042
78034
78034
78014
78026
78033
78038
78029
78041
78030
78044
78022
78021
78012
78031
78034
78030
78031
78039
78016
78034
78021
78027
78026
78036
78013
78033
78008
78029
78023
78036
78030
78036
77955
72112
75339
75289
75282
75278
75294
75282
75285
75278
75297
75281
75279
75299
75290
75291
75290
75270
75271
75276
75281
75274
75279
75277
75278
75283
75278
75286
75282
75280
75275
75283
75283
75278
75283
75273
75279
75273
75278
75291
75268
75285
75278
75274
75277
75288
75292
75289
75282
75285
75297
75285
75279
75288
75299
75295
75297
75291
75281
75302
75290
75299
75295
75304
75296
75308
75297
75276
75264
75291
75298
75272
75289
75280
75265
75269
75269
75267
75266
75278
75281
75281
75283
75271
75286
75275
75280
75288
75273
75281
75275
75273
75271
75274
75258
75274
75256
75275
75264
81712
78344
77841
78024
78018
78017
78035
78013
78013
78033
78028
78020
78025
78021
78029
78029
78039
78045
78024
78036
78035
78033
78008
78035
78030
78024
78026
78016
78025
78016
78006
78018
78005
78019
78026
78022
78033
78023
78026
78021
78032
78012
78039
78019
78014
78008
78019
78010
78028
78014
78025
78013
78027
78016
78035
78024
78030
77996
78009
78015
78013
77999
78022
78014
78012
78022
78008
78008
77995
78000
78007
78009
78018
77998
78013
78016
78012
78013
78017
78032
78030
78005
78026
78014
78024
78008
78015
78037
78005
78045
78012
78003
78021
78022
73792
74980
75305
75273
75290
75288
75273
75278
75284
75286
75288
75283
75290
75274
75280
75288
75289
75286
75281
75281
75281
75281
75272
75290
75296
75285
75294
75288
75283
75290
75284
75278
75290
75286
75284
75289
75280
75296
75270
75285
75282
75284
75278
75290
75282
75270
75271
75277
75287
75285
75279
75276
75274
75277
75280
75280
75292
75281
75275
75290
75285
75284
75277
75292
75276
75275
75279
75280
75288
75285
75281
75286
75280
75277
75262
75266
75269
75282
75274
75276
75262
75275
75279
75284
75275
75265
75274
75272
75277
75284
75276
75280
75276
75281
75269
75281
75273
75281
78474
80553
77541
78029
78037
78019
78042
78022
78033
78033
78027
78033
78027
78036
78029
78027
78009
78025
78027
78010
78018
78014
78016
78030
78020
78033
78016
78026
78022
78033
78026
78023
78028
78035
78017
78032
78028
78046
78034
78052
78032
78039
78034
78033
78041
78049
78032
78037
78019
78018
78022
78024
78024
78028
78034
78041
78016
78012
78031
78008
78025
78024
78011
78020
78017
78024
78013
78022
78029
78023
78027
78034
78040
78016
78028
78015
78028
78032
78019
78026
78017
78019
78030
78029
78028
78019
78026
78029
78042
78026
78035
78014
78045
78025
78025
78026
78039
78017
78016
78021
78020
78035
78049
78013
78033
78025
78025
78028
78017
78031
78022
78030
78022
78008
78012
78029
78022
78014
78024
78013
77998
78003
78015
77993
78018
78016
78029
78012
78009
78021
77991
78014
78007
78039
78014
78011
78037
78025
78021
78012
78020
78018
78019
78025
78016
78017
78021
78024
78020
78030
78023
78016
78020
78038
78027
78008
78037
78035
78011
78033
78019
78036
78031
78011
78011
78024
78033
78024
78030
78041
78029
78019
78028
78045
78021
78020
78037
78024
78010
78039
78004
78016
78027
78027
78044
78031
78026
78027
78039
78017
78043
78018
78021
78014
78049
78009
78037
78042
78025
78030
78017
78034
78044
78029
78030
78033
78030
78030
78028
78017
78024
78032
78027
78034
78019
78023
78029
78024
78033
78028
78014
78006
78017
78038
78023
78017
78017
78023
78034
78030
78045
78030
78040
78045
78015
78036
78011
78032
78033
78015
78037
78017
78047
78049
78039
78044
78046
78031
78045
78049
78021
78031
78052
78045
78040
78024
78051
78040
78048
78044
78032
78031
78033
78041
78038
78033
78042
78037
78026
78042
78033
78032
78043
78051
78037
78039
78053
78048
78051
78057
78037
78033
78062
78049
78052
78058
78049
78016
78044
78029
78038
78048
78023
78034
78015
78032
78026
78045
78026
78024
78043
78036
78025
78030
78051
78006
78030
78040
78043
78034
78050
78044
78066
78043
78043
78036
78039
78041
78036
78047
78041
78032
78037
78032
78047
78024
78029
78045
78039
78029
78039
78030
78044
78031
78035
78022
78026
78025
78044
78039
78030
78050
78030
78052
78041
78028
78038
78026
78030
