4537
4304
4256
4304
4384
4462
4533
4590
4634
4672
4700
4732
4734
4745
4755
4761
4762
4763
4766
4767
4766
4766
4763
4763
4762
4763
4762
4764
4761
4762
4762
4763
4763
4761
4759
4762
4758
4760
4759
4761
4759
4760
4757
4760
4758
4761
4760
4762
4756
4760
4758
4760
4759
4760
4752
4759
4757
4760
4758
4761
4759
4762
4760
4762
4758
4759
4758
4762
4757
4760
4760
4762
4758
4759
4758
4760
4758
4759
4759
4761
4759
4763
4761
4762
4761
4762
4762
4762
4760
4761
4759
4760
4759
4759
4759
4759
4758
4758
4822
5213
5326
5312
5332
5309
5269
5227
5196
5169
5146
5125
5105
5087
5070
5055
5039
5024
5009
4994
4980
4965
4950
4936
4921
4908
4893
4880
4865
4851
4843
4864
4879
4892
4902
4911
4918
4925
4930
4924
4929
4923
4924
4911
4922
4931
4927
4918
4929
4924
4960
4927
4924
4923
4928
4920
4920
4930
4925
4919
4930
4927
4918
4930
4930
4932
4917
4923
4933
4920
4923
4930
4914
4925
4932
4926
4923
4926
4928
4917
4921
4931
4927
4924
4929
4920
4921
4929
4924
4921
4930
4925
4926
4915
4630
4329
4254
4291
4369
4451
4523
4582
4630
4667
4697
4719
4732
4743
4749
4756
4760
4764
4766
4748
4765
4767
4765
4765
4763
4763
4762
4764
4761
4762
4761
4763
4760
4759
4758
4760
4756
4759
4758
4760
4758
4760
4759
4763
4761
4763
4758
4758
4756
4760
4758
4761
4757
4761
4760
4762
4757
4759
4758
4759
4757
4761
4759
4761
4759
4761
4761
4761
4757
4758
4760
4761
4760
4761
4758
4761
4759
4760
4759
4761
4762
4761
4760
4761
4760
4760
4759
4758
4758
4760
4759
4757
4759
4760
4760
4760
4759
4759
4779
5169
5319
5342
5333
5311
5270
5228
5196
5169
5146
5124
5105
5088
5071
5054
5038
5023
5008
4993
4978
4965
4950
4936
4921
4907
4893
4879
4864
4850
4841
4863
4879
4891
4899
4908
4916
4923
4929
4934
4917
4921
4931
4924
4925
4927
4922
4925
4926
4916
4919
4929
4930
4912
4927
4926
4929
4924
4926
4929
4913
4923
4932
4917
4922
4932
4919
4923
4933
4921
4922
4930
4926
4923
4917
4929
4920
4926
4928
4924
4922
4927
4923
4924
4930
4921
4920
4929
4924
4920
4930
4924
4921
4929
4713
4359
4255
4279
4351
4436
4509
4573
4620
4661
4691
4714
4728
4743
4749
4755
4758
4762
4764
4766
4765
4766
4762
4765
4762
4765
4763
4764
4759
4760
4757
4760
4758
4761
4758
4761
4760
4762
4759
4761
4757
4760
4759
4761
4759
4760
4755
4758
4759
4761
4759
4761
4760
4761
4758
4760
4758
4758
4757
4759
4757
4759
4758
4760
4758
4761
4759
4760
4758
4757
4757
4759
4759
4759
4758
4760
4760
4759
4759
4759
4759
4758
4759
4758
4759
4758
4760
4757
4760
4759
4760
4758
4761
4760
4760
4759
4759
4756
4759
5089
5307
5342
5337
5317
5287
5242
5207
5178
5154
5134
5114
5095
5078
5062
5045
5029
5014
5000
4986
4971
4957
4943
4929
4914
4901
4887
4872
4858
4845
4841
4862
4878
4889
4900
4907
4914
4921
4927
4933
4938
4939
4922
4932
4926
4920
4930
4928
4920
4930
4925
4922
4930
4919
4921
4929
4924
4931
4916
4927
4927
4918
4972
4923
4927
4925
4923
4928
4913
4924
4931
4925
4923
4916
4928
4926
4918
4929
4925
4928
4926
4923
4929
4913
4924
4931
4915
4925
4927
4928
4925
4917
4929
4778
4389
4258
4270
4338
4426
4498
4562
4614
4656
4686
4711
4726
4741
4748
4756
4759
4761
4762
4765
4761
4764
4762
4763
4761
4765
4761
4763
4759
4761
4759
4761
4760
4761
4756
4759
4759
4762
4759
4760
4758
4758
4758
4761
4758
4758
4758
4761
4758
4759
4760
4759
4758
4759
4760
4758
4758
4758
4758
4760
4760
4759
4760
4761
4760
4761
4759
4759
4759
4760
4760
4759
4761
4760
4759
4756
4759
4759
4761
4760
4761
4760
4762
4759
4760
4760
4759
4756
4757
4757
4760
4757
4760
4758
4760
4757
4760
4758
4758
5004
5290
5336
5341
5322
5292
5246
5210
5180
5155
5134
5114
5096
5079
5061
5046
5031
5016
5001
4986
4972
4958
4943
4928
4914
4900
4886
4873
4858
4844
4854
4873
4888
4898
4908
4914
4922
4929
4922
4972
4922
4925
4922
4925
4911
4924
4932
4925
4960
4915
4926
4930
4928
4920
4919
4928
4924
4925
4927
4923
4925
4918
4926
4928
4915
4926
4924
4964
4924
4925
4928
4924
4923
4916
4928
4926
4916
4928
4929
4917
4927
4930
4917
4928
4927
4924
4927
4924
4918
4929
4929
4925
4927
4924
4922
4928
4931
4917
4928
4922
4918
4929
4925
4918
4930
4924
4927
4929
4925
4924
4930
4921
4921
4931
4925
4920
4931
4916
4922
4932
4919
4922
4928
4927
4923
4921
4926
4926
4922
4925
4927
4923
4911
4924
4932
4918
4923
4933
4920
4922
4933
4921
4922
4931
4927
4922
4925
4929
4925
4926
4914
4925
4931
4926
4922
4930
4915
4926
4933
4917
4927
4928
4929
4917
4921
4931
4919
4922
4930
4925
4927
4929
4925
4927
4925
4926
4927
4916
4929
4929
4916
4927
4931
4917
4927
4933
4918
4928
4928
4930
4915
4922
4931
4925
4926
4960
4923
4926
4912
4923
4933
4919
4922
4931
4919
4920
4928
4925
4908
4924
4920
4929
4921
4920
4929
4923
4918
4928
4928
4930
4925
4921
4929
4915
4920
4929
4927
4916
4929
4928
4915
4927
4930
4916
4926
4930
4927
4924
4922
4927
4931
4916
4926
4924
4927
4923
4925
4927
4933
4916
4926
4922
4930
4925
4917
4928
4926
4916
4929
4923
4926
4925
4922
4929
4917
4920
4930
4931
4917
4928
4930
4915
4924
4930
4915
4925
4932
4926
4922
4917
4928
4928
4929
4925
4926
4928
4923
4926
4927
4925
4914
4927
4928
4914
4926
4935
4919
4923
4932
4919
4921
4932
4927
4924
4926
4922
4931
4914
4925
4930
4914
4924
4931
4924
4925
4929
4924
4918
4928
4927
4917
4929
4929
4917
4927
4931
4929
4918
4921
4929
4926
4932
4920
4921
4930
4927
4930
4926
4925
4929
4913
4923
4932
4925
4920
4930
4926
4918
4929
