17132
17729
18506
18782
18849
18854
18847
18836
18831
18833
18831
18835
18831
18830
18833
18835
18833
18844
18832
18837
18832
18828
18829
18835
18836
18830
18823
18834
18826
18830
18834
18835
18835
18841
18836
18834
18836
18838
18831
18829
18830
18833
18831
18839
18825
18831
18831
18828
18837
18836
18831
18838
18831
18829
18832
18832
18834
18832
18835
18831
18834
18834
18838
18832
18832
18833
18830
18831
18824
18834
18831
18830
18826
18830
18827
18833
18832
18825
18831
18837
18832
18826
18831
18835
18833
18834
18833
18837
18830
18829
18833
18833
18833
18836
18829
18836
18828
18834
20434
21052
20515
20182
19917
19673
19441
19231
19372
19515
19531
19528
19514
19524
19513
19532
19522
19520
19468
19506
19535
19518
19518
19532
19521
19518
19524
19523
19524
19521
19520
19530
19515
19529
19520
19525
19525
19512
19529
19522
19519
19509
19530
19519
19528
19522
19521
19519
19525
19524
19522
19514
19524
19525
19520
19524
19519
19525
19524
19528
19524
19506
19520
19524
19535
19522
19524
19521
19515
19532
19513
19525
19523
19518
19520
19522
19524
19505
19529
19515
19534
19514
19523
19523
19525
19514
19520
19524
19520
19528
19522
19521
19514
19522
18142
17267
18292
18711
18843
18858
18849
18849
18842
18840
18835
18831
18839
18833
18824
18829
18837
18837
18836
18832
18839
18833
18837
18837
18833
18833
18832
18833
18831
18833
18830
18834
18839
18840
18830
18834
18833
18835
18838
18832
18836
18840
18834
18835
18837
18845
18837
18838
18832
18832
18838
18839
18831
18824
18836
18832
18839
18829
18836
18839
18833
18831
18832
18839
18842
18834
18839
18836
18836
18837
18835
18837
18843
18843
18829
18835
18835
18835
18832
18833
18830
18838
18830
18831
18843
18838
18835
18834
18838
18836
18828
18837
18836
18832
18834
18834
18835
18835
19525
21207
20702
20306
20026
19773
19536
19302
19285
19471
19541
19521
19525
19536
19517
19523
19517
19530
19517
19534
19525
19521
19514
19521
19524
19533
19521
19526
19520
19532
19533
19535
19525
19516
19533
19530
19517
19532
19517
19518
19533
19525
19525
19518
19524
19527
19519
19525
19529
19517
19527
19522
19517
19522
19529
19520
19525
19529
19518
19513
19524
19519
19526
19532
19518
19520
19528
19514
19524
19528
19517
19534
19512
19528
19525
19524
19517
19514
19526
19522
19535
19523
19520
19532
19506
19523
19527
19520
19524
19517
19514
19518
19524
19525
19135
16973
17976
18604
18807
18860
18848
18841
18841
18839
18838
18834
18832
18838
18831
18830
18831
18836
18834
18834
18830
18837
18840
18833
18839
18835
18836
18837
18833
18844
18838
18829
18844
18833
18836
18837
18834
18832
18835
18835
18839
18831
18837
18830
18836
18844
18833
18837
18830
18831
18834
18836
18834
18829
18831
18834
18830
18828
18832
18833
18832
18834
18840
18833
18832
18830
18833
18828
18836
18830
18826
18837
18839
18833
18831
18844
18838
18839
18830
18834
18832
18835
18836
18829
18836
18842
18827
18833
18840
18840
18831
18838
18833
18830
18832
18835
18830
18831
18841
21001
20930
20435
20127
19870
19626
19393
19244
19416
19523
19527
19515
19548
19516
19530
19522
19522
19512
19522
19514
19525
19518
19516
19520
19524
19527
19513
19534
19518
19525
19527
19515
19517
19528
19521
19521
19525
19526
19511
19522
19531
19517
19517
19524
19509
19523
19518
19522
19521
19528
19522
19509
19528
19513
19524
19511
19525
19515
19526
19519
19528
19525
19515
19523
19525
19468
19526
19517
19518
19512
19525
19517
19529
19519
19515
19528
19513
19529
19511
19517
19532
19519
19525
19515
19520
19523
19517
19519
19514
19510
19522
19516
19522
19522
17549
17532
18425
18757
18842
18862
18846
18840
18837
18835
18826
18834
18833
18825
18834
18826
18835
18833
18830
18832
18829
18837
18840
18835
18825
18833
18832
18833
18832
18829
18832
18830
18831
18838
18836
18834
18829
18831
18828
18830
18836
18831
18835
18836
18835
18832
18840
18835
18831
18837
18831
18835
18834
18834
18832
18836
18838
18837
18834
18837
18836
18833
18836
18844
18829
18832
18829
18835
18836
18832
18835
18833
18835
18824
18828
18835
18837
18836
18829
18833
18839
18838
18835
18833
18833
18834
18834
18838
18832
18827
18836
18833
18837
18833
18834
18833
18835
18838
20015
21142
20597
20236
19963
19719
19482
19251
19329
19489
19535
19523
19527
19511
19523
19529
19509
19526
19520
19521
19514
19527
19520
19521
19511
19529
19522
19527
19504
19527
19526
19511
19528
19510
19519
19523
19517
19527
19517
19507
19532
19508
19523
19519
19515
19517
19528
19523
19509
19519
19528
19507
19524
19531
19515
19522
19514
19510
19521
19512
19520
19521
19516
19520
19517
19522
19519
19521
19522
19515
19526
19521
19521
19516
19528
19509
19521
19522
19519
19527
19508
19528
19514
19521
19518
19506
19521
19531
19516
19507
19524
19529
19508
19523
19517
19530
19506
19535
19512
19526
19515
19522
19511
19524
19518
19524
19517
19529
19516
19519
19529
19524
19521
19521
19521
19514
19521
19519
19510
19526
19524
19518
19528
19514
19524
19522
19526
19518
19518
19528
19520
19509
19525
19525
19512
19523
19518
19510
19523
19518
19513
19523
19520
19516
19521
19522
19511
19528
19509
19524
19518
19512
19514
19523
19511
19526
19509
19520
19520
19517
19521
19524
19522
19519
19513
19523
19517
19529
19504
19535
19515
19519
19533
19514
19515
19515
19526
19508
19522
19519
19519
19519
19517
19514
19513
19527
19521
19513
19518
19514
19531
19512
19524
19512
19515
19522
19515
19516
19510
19522
19510
19523
19519
19517
19504
19517
19529
19517
19506
19518
19522
19511
19523
19521
19518
19519
19512
19523
19512
19516
19507
19527
19514
19510
19517
19512
19515
19508
19510
19518
19516
19526
19513
19531
19509
19522
19511
19516
19533
19510
19526
19520
19527
19517
19527
19513
19524
19515
19515
19521
19514
19518
19509
19524
19528
19510
19516
19526
19525
19510
19514
19526
19502
19521
19531
19519
19522
19521
19518
19506
19523
19513
19529
19513
19518
19520
19523
19512
19516
19528
19504
19523
19515
19523
19512
19525
19518
19520
19516
19520
19518
19512
19525
19518
19514
19520
19526
19509
19521
19526
19509
19522
19518
19522
19518
19522
19516
19525
19513
19523
19521
19513
19518
19524
19517
19516
19522
19523
19511
19508
19529
19526
19513
19524
19531
19524
19524
19524
19517
19523
19517
19527
19520
19513
19527
19518
19519
19512
19531
19509
19530
19519
19526
19516
19529
19512
19526
19519
19519
