2385
2352
2329
2313
2301
2300
2295
2296
2298
2304
2313
2320
2328
2338
2348
2355
2362
2369
2377
2382
2387
2393
2397
2412
2402
2405
2408
2408
2408
2412
2414
2413
2414
2415
2416
2414
2414
2428
2415
2414
2413
2415
2414
2413
2412
2414
2413
2411
2412
2413
2411
2410
2410
2408
2411
2410
2411
2411
2411
2410
2410
2412
2410
2410
2411
2412
2411
2410
2411
2411
2411
2411
2412
2411
2410
2409
2410
2410
2409
2409
2411
2408
2410
2410
2411
2411
2410
2410
2411
2410
2409
2410
2411
2410
2409
2411
2455
2491
2513
2526
2534
2538
2541
2543
2542
2540
2537
2535
2528
2517
2508
2500
2494
2486
2481
2475
2469
2465
2459
2454
2450
2445
2441
2436
2432
2444
2439
2433
2437
2442
2444
2439
2435
2440
2442
2438
2442
2440
2437
2434
2438
2442
2443
2439
2433
2437
2439
2441
2444
2441
2433
2436
2439
2440
2443
2446
2441
2434
2437
2439
2441
2444
2445
2444
2433
2437
2439
2442
2443
2445
2439
2441
2443
2444
2437
2433
2436
2440
2442
2444
2444
2439
2442
2443
2438
2441
2443
2443
2435
2423
2371
2343
2322
2307
2299
2295
2293
2296
2303
2309
2316
2325
2335
2343
2351
2359
2366
2374
2378
2383
2388
2394
2397
2400
2403
2406
2407
2409
2411
2412
2412
2412
2414
2414
2414
2414
2415
2415
2414
2415
2415
2415
2414
2414
2414
2413
2411
2412
2413
2411
2411
2412
2413
2411
2411
2411
2411
2411
2411
2412
2411
2410
2410
2411
2410
2410
2409
2411
2410
2409
2410
2410
2410
2409
2411
2412
2411
2408
2411
2408
2408
2410
2412
2411
2411
2410
2411
2411
2409
2409
2409
2410
2409
2409
2410
2416
2469
2498
2517
2528
2534
2536
2541
2542
2542
2539
2537
2534
2524
2514
2506
2498
2488
2485
2479
2473
2469
2463
2458
2454
2448
2445
2440
2434
2435
2441
2438
2443
2442
2432
2439
2443
2440
2434
2438
2441
2443
2439
2442
2443
2439
2442
2444
2439
2442
2439
2439
2443
2444
2438
2432
2437
2440
2442
2444
2445
2439
2435
2437
2441
2442
2444
2446
2438
2434
2438
2440
2443
2444
2445
2440
2443
2444
2439
2441
2442
2438
2440
2442
2444
2440
2435
2435
2439
2441
2443
2445
2443
2434
2408
2362
2340
2318
2306
2299
2294
2295
2299
2304
2310
2318
2330
2337
2344
2354
2362
2369
2374
2379
2386
2391
2394
2398
2402
2404
2405
2407
2411
2412
2412
2414
2414
2416
2420
2416
2416
2416
2414
2416
2414
2415
2413
2414
2414
2412
2413
2413
2414
2413
2413
2413
2412
2410
2410
2411
2411
2409
2411
2410
2410
2409
2409
2410
2409
2409
2410
2411
2411
2410
2411
2412
2412
2408
2412
2412
2411
2411
2411
2412
2411
2410
2410
2410
2410
2410
2410
2411
2410
2410
2410
2412
2410
2411
2411
2408
2431
2483
2506
2522
2531
2537
2540
2542
2543
2540
2538
2536
2533
2521
2513
2503
2497
2490
2483
2478
2473
2467
2462
2456
2453
2460
2440
2438
2435
2435
2441
2435
2432
2441
2442
2439
2443
2437
2434
2438
2442
2445
2441
2434
2436
2441
2443
2444
2444
2441
2438
2436
2442
2437
2438
2442
2443
2436
2433
2436
2439
2441
2443
2445
2444
2435
2432
2439
2441
2442
2443
2435
2433
2437
2440
2441
2440
2445
2442
2440
2441
2438
2441
2442
2445
2441
2433
2436
2438
2441
2443
2444
2440
2440
2395
2357
2332
2315
2540
2297
2294
2296
2299
2305
2313
2322
2329
2338
2347
2355
2362
2368
2375
2381
2384
2390
2394
2399
2401
2404
2407
2410
2411
2411
2413
2415
2414
2415
2416
2416
2420
2414
2416
2420
2413
2414
2414
2414
2412
2412
2412
2414
2411
2412
2413
2408
2411
2411
2411
2411
2409
2411
2412
2411
2409
2410
2411
2409
2408
2410
2410
2409
2409
2408
2411
2409
2410
2411
2412
2410
2410
2410
2411
2409
2410
2410
2411
2409
2410
2411
2410
2409
2410
2411
2408
2410
2411
2408
2411
2410
2449
2491
2512
2525
2534
2539
2541
2542
2543
2541
2538
2535
2530
2518
2510
2502
2495
2489
2482
2477
2471
2466
2461
2456
2448
2460
2442
2437
2434
2437
2441
2434
2436
2442
2440
2434
2437
2441
2440
2437
2435
2438
2442
2444
2440
2435
2437
2440
2442
2443
2436
2442
2440
2443
2439
2442
2437
2441
2442
2443
2439
2441
2442
2438
2440
2443
2442
2434
2433
2438
2444
2441
2443
2444
2442
2434
2436
2439
2441
2443
2445
2441
2441
2443
2444
2439
2442
2444
2438
2432
2436
2438
2440
2443
2444
2439
2440
2442
2444
2439
2441
2442
2440
2439
2441
2443
2443
2434
2434
2437
2440
2441
2440
2442
2438
2442
2443
2445
2440
2434
2437
2444
2441
2443
2445
2436
2441
2443
2438
2440
2442
2444
2437
2432
2436
2438
2441
2443
2442
2444
2439
2442
2443
2438
2440
2443
2442
2439
2441
2440
2441
2432
2435
2438
2444
2442
2444
2445
2438
2434
2437
2440
2441
2444
2444
2440
2441
2442
2445
2438
2441
2442
2437
2440
2442
2443
2438
2440
2443
2442
2434
2433
2437
2440
2440
2443
2442
2438
2440
2443
2440
2438
2440
2443
2438
2439
2441
2443
2443
2436
2432
2436
2438
2441
2442
2440
2442
2432
2434
2437
2439
2441
2443
2444
2439
2438
2442
2443
2444
2437
2434
2436
2439
2441
2442
2445
2443
2434
2434
2438
2439
2441
2443
2445
2441
2444
2442
2444
2439
2440
2442
2440
2438
2440
2441
2437
2438
2441
2440
2437
2439
2441
2443
2441
2433
2434
2437
2439
2441
2443
2443
2445
2439
2442
2443
2438
2439
2442
2442
2438
2439
2442
2443
2442
2433
2434
2436
2439
2441
2442
2444
2436
2439
2442
2443
2438
2444
2441
2437
2438
2440
2442
2442
2442
2433
2434
2437
2439
2441
2443
2445
2439
2440
2442
2440
2437
2432
2435
2437
2440
2440
2443
2445
2443
2435
2435
2438
2439
2441
2440
2445
2439
2433
2435
2438
2444
2442
2444
2445
2437
2433
2437
2439
2442
2443
2445
2443
2435
2432
2438
2436
2441
2443
2444
2441
2439
2442
2439
2437
2441
2442
2443
2438
2440
2441
2436
2439
2440
2442
