4276
3991
3949
4020
4115
4212
4291
4362
4413
4458
4489
4513
4533
4549
4556
4566
4569
4575
4574
4579
4579
4582
4579
4580
4576
4576
4575
4576
4574
4576
4574
4574
4573
4575
4574
4575
4592
4576
4574
4574
4572
4572
4572
4572
4573
4572
4573
4571
4572
4573
4574
4573
4571
4569
4574
4571
4575
4571
4574
4571
4572
4570
4573
4571
4573
4572
4574
4569
4573
4571
4572
4571
4574
4573
4573
4571
4573
4573
4575
4572
4572
4571
4573
4570
4574
4571
4575
4572
4573
4571
4573
4573
4570
4572
4576
4573
4573
4572
4569
4570
5004
5313
5355
5339
5309
5256
5204
5163
5128
5103
5080
5057
5036
5019
4998
4981
4963
4946
4929
4912
4896
4879
4863
4848
4832
4815
4798
4783
4767
4751
4735
4719
4724
4699
4720
4820
4748
4763
4773
4784
4791
4796
4804
4808
4808
4815
4819
4821
4817
4814
4809
4798
4809
4813
4794
4802
4808
4806
4808
4798
4795
4803
4811
4803
4810
4802
4809
4790
4797
4805
4810
4802
4811
4795
4796
4806
4810
4800
4802
4803
4808
4802
4806
4802
4798
4803
4804
4801
4808
4790
4798
4805
4808
4448
4032
3943
3998
4090
4191
4271
4344
4400
4448
4480
4509
4529
4546
4555
4565
4569
4575
4575
4580
4579
4580
4578
4578
4577
4579
4574
4578
4574
4577
4574
4574
4572
4575
4572
4575
4574
4576
4571
4573
4575
4575
4574
4574
4574
4571
4572
4572
4574
4570
4573
4572
4573
4570
4571
4570
4575
4572
4571
4569
4574
4573
4575
4574
4576
4573
4573
4571
4573
4570
4574
4570
4574
4569
4573
4571
4573
4571
4574
4573
4574
4570
4572
4571
4574
4571
4572
4571
4572
4572
4576
4573
4574
4575
4576
4573
4574
4572
4574
4573
4859
5286
5356
5346
5318
5274
5220
5178
5144
5114
5090
5065
5045
5026
5006
4989
4970
4954
4937
4919
4903
4886
4870
4854
4837
4822
4806
4789
4773
4758
4743
4727
4711
4698
4716
4733
4744
4754
4767
4777
4786
4793
4799
4803
4805
4810
4813
4818
4820
4819
4814
4808
4815
4798
4799
4809
4802
4808
4804
4793
4803
4808
4800
4794
4801
4809
4804
4808
4801
4808
4752
4800
4800
4807
4800
4806
4800
4805
4801
4808
4791
4796
4804
4809
4801
4800
4802
4805
4801
4809
4797
4796
4804
4592
4090
3947
3981
4067
4166
4253
4329
4385
4438
4474
4503
4524
4543
4554
4564
4569
4575
4573
4579
4576
4579
4596
4578
4576
4579
4575
4576
4573
4578
4597
4576
4572
4575
4572
4574
4573
4575
4570
4572
4572
4573
4573
4574
4573
4573
4572
4573
4572
4572
4571
4573
4573
4572
4573
4574
4572
4570
4573
4571
4572
4572
4574
4571
4575
4574
4573
4569
4572
4569
4573
4571
4574
4572
4574
4573
4576
4572
4576
4574
4576
4571
4571
4569
4574
4568
4571
4570
4571
4571
4574
4570
4571
4570
4576
4571
4573
4572
4574
4575
4729
5235
5351
5351
5326
5290
5237
5190
5155
5124
5098
5074
5053
5033
5015
4992
4977
4960
4943
4925
4909
4894
4877
4861
4845
4828
4813
4796
4780
4765
4750
4733
4718
4701
4708
4728
4742
4752
4762
4772
4782
4788
4794
4802
4805
4808
4812
4816
4820
4822
4812
4816
4797
4804
4812
4804
4795
4806
4813
4800
4799
4806
4815
4795
4798
4807
4812
4804
4803
4804
4803
4804
4807
4790
4799
4808
4806
4792
4801
4808
4811
4792
4802
4808
4808
4792
4801
4809
4807
4807
4801
4791
4803
4701
4157
3960
3964
4045
4146
4235
4312
4375
4428
4465
4497
4521
4540
4556
4562
4567
4574
4573
4578
4576
4581
4576
4578
4574
4578
4578
4578
4575
4576
4574
4577
4574
4575
4571
4575
4573
4575
4574
4575
4569
4575
4573
4592
4572
4573
4572
4575
4572
4573
4570
4573
4571
4572
4573
4574
4572
4572
4570
4572
4572
4573
4572
4572
4575
4575
4575
4573
4574
4573
4572
4572
4572
4572
4576
4573
4572
4572
4573
4573
4576
4572
4574
4571
4574
4572
4576
4573
4572
4570
4572
4571
4573
4572
4573
4574
4575
4573
4576
4570
4629
5169
5341
5354
5332
5295
5238
5191
5154
5124
5097
5073
5051
5031
5012
4993
4975
4959
4941
4924
4904
4891
4874
4859
4842
4826
4811
4794
4779
4763
4746
4731
4715
4700
4707
4727
4741
4754
4767
4776
4786
4794
4800
4805
4808
4811
4814
4818
4822
4819
4816
4800
4801
4810
4816
4797
4802
4811
4803
4809
4801
4809
4801
4801
4803
4803
4805
4806
4803
4798
4805
4809
4792
4798
4806
4808
4803
4807
4803
4798
4805
4801
4805
4803
4804
4802
4803
4800
4804
4805
4800
4796
4805
4801
4789
4802
4807
4808
4805
4805
4804
4803
4804
4803
4803
4802
4803
4800
4803
4799
4805
4803
4787
4799
4807
4809
4802
4806
4803
4804
4803
4810
4790
4798
4804
4809
4790
4799
4806
4813
4794
4798
4807
4804
4805
4809
4789
4800
4806
4806
4804
4805
4801
4801
4804
4803
4803
4803
4804
4797
4806
4804
4791
4756
4806
4811
4790
4800
4807
4807
4805
4805
4804
4803
4805
4808
4790
4799
4807
4808
4804
4804
4789
4757
4806
4811
4803
4808
4790
4799
4807
4805
4804
4803
4790
4800
4808
4810
4803
4807
4788
4797
4805
4810
4800
4793
4803
4809
4801
4807
4809
4790
4799
4805
4807
4803
4809
4801
4807
4799
4806
4801
4805
4798
4805
4798
4800
4800
4801
4804
4800
4808
4799
4807
4799
4805
4800
4805
4804
4803
4807
4789
4796
4804
4810
4800
4806
4801
4789
4801
4806
4807
4803
4808
4800
4806
4787
4795
4803
4809
4813
4791
4798
4805
4808
4802
4809
4801
4806
4799
4804
4798
4805
4800
4805
4797
4804
4756
4787
4798
4805
4811
4803
4808
4801
4792
4801
4807
4812
4801
4804
4803
4808
4801
4799
4801
4809
4736
4806
4801
4790
4800
4807
4807
4803
4809
4800
4794
4801
4809
4803
4806
4803
4789
4799
4806
4808
4802
4804
4800
4813
4789
4794
4802
4809
4807
4805
4810
4791
4798
4804
4811
4802
4808
4799
4806
4803
4804
4800
4803
4804
4803
4808
4790
4796
4804
4809
4801
4807
4798
4805
4809
4789
4798
4806
