74199
75917
75816
75819
75830
75813
75825
75814
75820
75810
75829
75824
75834
75828
75816
75826
75833
75821
75825
75832
75813
75829
75830
75833
75827
75826
75832
75831
75829
75833
75830
75819
75835
75825
75815
75822
75826
75810
75816
75819
75821
75815
75816
75819
75819
75823
75833
75818
75841
75824
75825
75832
75829
75834
75832
75834
75830
75828
75838
75836
75820
75824
75827
75846
75845
75849
75835
75829
75840
75834
75837
75830
75840
75845
75846
75844
75841
75838
75837
75861
75828
75836
75831
75833
75833
75842
75833
75835
75830
75826
75829
75819
75843
75836
75837
76998
77546
76813
76810
76807
76816
76757
76825
76814
76806
76797
76809
76792
76803
76792
76812
76801
76823
76807
76819
76806
76818
76800
76824
76821
76824
76822
76801
76824
76805
76783
76795
76796
76806
76789
76783
76787
76802
76792
76803
76788
76811
76800
76819
76789
76794
76791
76801
76810
76801
76816
76804
76786
76806
76796
76793
76784
76800
76800
76800
76795
76798
76810
76803
76787
76816
76801
76806
76805
76817
76789
76804
76812
76817
76806
76816
76830
76804
76826
76817
76838
76816
76825
76808
76815
76795
76806
76802
76829
76807
76829
76812
76808
76813
76814
74282
75918
75851
75829
75831
75816
75830
75837
75829
75836
75835
75836
75820
75831
75850
75831
75844
75837
75831
75815
75823
75832
75823
75823
75827
75828
75832
75840
75826
75840
75836
75832
75840
75835
75833
75837
75836
75813
75831
75837
75841
75845
75845
75848
75846
75843
75835
75838
75833
75843
75827
75833
75846
75823
75832
75834
75826
75823
75829
75831
75834
75828
75835
75826
75832
75824
75821
75833
75821
75820
75808
75823
75824
75821
75832
75826
75831
75817
75826
75825
75816
75828
75816
75825
75815
75826
75813
75835
75828
75830
75824
75831
75832
75825
75838
76603
77837
76780
76828
76796
76806
76802
76791
76810
76814
76783
76787
76798
76799
76783
76796
76780
76794
76787
76801
76795
76799
76780
76782
76802
76778
76784
76792
76797
76815
76792
76800
76796
76796
76797
76802
76793
76799
76799
76819
76802
76799
76820
76816
76818
76808
76813
76785
76807
76802
76808
76806
76796
76819
76776
76801
76807
76787
76804
76790
76802
76795
76795
76800
76805
76788
76801
76788
76803
76807
76798
76803
76788
76789
76802
76801
76778
76795
76797
76776
76783
76786
76795
76789
76792
76816
76811
76797
76785
76816
76799
76813
76793
76801
76803
74377
75908
75835
75826
75844
75823
75821
75833
75835
75825
75831
75829
75829
75842
75831
75841
75838
75837
75839
75820
75832
75831
75837
75823
75823
75839
75834
75821
75826
75827
75822
75836
75828
75822
75817
75841
75831
75830
75825
75837
75840
75845
75836
75825
75841
75824
75841
75834
75826
75832
75836
75844
75843
75832
75844
75827
75827
75813
75826
75834
75834
75839
75835
75830
75836
75825
75833
75836
75826
75828
75833
75841
75827
75839
75827
75834
75841
75840
75843
75841
75843
75848
75853
75843
75824
75825
75828
75838
75847
75847
75851
75849
75844
75832
75843
76242
78151
76800
76817
76804
76805
76815
76827
76818
76809
76815
76810
76806
76809
76819
76801
76795
76806
76794
76787
76819
76821
76802
76828
76799
76811
76809
76809
76777
76811
76815
76796
76798
76819
76817
76792
76805
76799
76803
76792
76791
76797
76788
76792
76809
76798
76792
76805
76806
76795
76811
76803
76798
76797
76804
76802
76784
76777
76785
76794
76801
76792
76793
76794
76784
76783
76786
76802
76788
76805
76795
76794
76790
76793
76789
76803
76788
76789
76795
76792
76798
76782
76794
76791
76799
76807
76792
76812
76797
76816
76796
76804
76789
76795
76789
74471
75890
75834
75837
75838
75847
75835
75844
75844
75836
75831
75833
75833
75841
75846
75828
75836
75840
75828
75835
75822
75823
75834
75844
75840
75827
75840
75833
75838
75832
75831
75823
75822
75827
75819
75819
75827
75825
75815
75824
75804
75823
75819
75815
75810
75811
75822
75819
75815
75822
75835
75826
75828
75819
75838
75833
75823
75832
75820
75840
75839
75832
75828
75829
75812
75831
75831
75825
75828
75824
75824
75829
75820
75825
75827
75820
75835
75834
75826
75829
75826
75847
75827
75836
75842
75820
75829
75828
75836
75839
75821
75829
75824
75839
75831
75900
78397
76769
76793
76810
76809
76806
76798
76814
76789
76815
76796
76798
76806
76807
76815
76804
76790
76810
76796
76811
76801
76823
76799
76797
76813
76805
76792
76805
76809
76790
76806
76795
76795
76792
76801
75856
76795
76820
76799
76783
76807
76798
76811
76793
76824
76797
76802
76808
76798
76801
76804
76801
76814
76797
76811
76812
76779
76798
76797
76804
76816
76780
76808
76805
76790
76790
76806
76794
76805
76808
76807
76803
76799
76799
76818
76802
76794
76794
76799
76807
76784
76797
76805
76807
76794
76807
76814
76799
76790
76795
76788
76804
76809
76822
76802
76790
76797
76806
76806
76812
76804
76819
76808
76789
76805
76800
76807
76810
76798
76795
76799
76802
76816
76781
76798
76796
76791
76781
76802
76795
76810
76797
76796
76794
76784
76791
76817
76808
76792
76802
76799
76792
76804
76791
76798
76794
76791
76795
76802
76794
76801
76786
76809
76793
76795
76807
76807
76794
76793
76790
76794
76797
76790
76786
76804
76779
76786
76813
76782
76799
76795
76781
76796
76803
76791
76798
76791
76796
76791
76776
76774
76116
76788
76792
76785
76786
76796
76797
76773
76792
76802
76790
76787
76798
76781
76789
76791
76772
76782
76793
76785
76787
76772
76778
76774
76785
76767
76781
76791
76777
76796
76765
76782
76788
76773
76789
76779
76788
76756
76789
76792
76815
76786
76797
76790
76786
76786
76783
76792
76779
76800
76769
76784
76783
76798
76802
76805
76785
76808
76785
76799
76787
76791
76779
76799
76801
76782
76796
76814
76786
76786
76812
76782
76796
76799
76804
76782
76806
76775
76796
76787
76796
76781
76790
76801
76793
76794
76807
76795
76800
76785
76807
76244
76796
76804
76819
76787
76813
76788
76800
76788
76792
76796
76790
76804
76792
76801
76791
76820
76798
76794
76798
76801
76804
76791
76805
76787
76794
76815
76791
76776
76782
76788
76777
76796
76786
76782
76796
76784
76790
76790
76790
76794
76800
76794
76794
76804
76244
76794
76807
76788
76804
76811
76786
76792
76799
76776
76801
76779
76791
76799
76810
76797
76785
76801
76799
76807
76812
76791
76811
76793
76798
76796
76798
76794
76797
76801
76806
76807
76793
76820
76805
76788
76795
76780
76798
76785
76793
76790
76809
76805
76794
76777
76796
76801
76804
76786
76817
