2195
2106
2051
2020
2012
2015
2027
2045
2067
2088
2107
2127
2146
2161
2174
2187
2199
2210
2217
2226
2234
2240
2241
2249
2253
2257
2258
2261
2263
2264
2265
2266
2268
2267
2266
2267
2268
2269
2268
2267
2268
2269
2268
2267
2269
2269
2270
2268
2268
2269
2267
2267
2268
2269
2267
2265
2267
2267
2266
2265
2267
2268
2267
2266
2267
2267
2266
2265
2266
2267
2265
2264
2266
2266
2267
2266
2267
2267
2266
2265
2265
2267
2266
2265
2266
2267
2267
2265
2266
2266
2266
2265
2266
2267
2265
2264
2265
2267
2266
2356
2482
2533
2555
2565
2567
2566
2563
2559
2552
2544
2533
2522
2511
2502
2494
2487
2480
2475
2468
2462
2458
2452
2447
2443
2439
2434
2431
2425
2421
2417
2413
2410
2405
2401
2398
2394
2390
2387
2382
2378
2374
2371
2367
2364
2360
2357
2353
2349
2346
2342
2339
2334
2332
2328
2324
2321
2317
2314
2310
2315
2321
2325
2329
2333
2336
2338
2341
2343
2345
2347
2349
2352
2352
2354
2356
2357
2352
2352
2355
2356
2357
2349
2347
2351
2354
2352
2356
2351
2354
2356
2352
2331
2177
2095
2045
2019
2010
2014
2030
2050
2070
2091
2113
2132
2148
2163
2177
2190
2200
2210
2219
2228
2233
2240
2246
2251
2251
2254
2258
2261
2263
2264
2266
2268
2267
2268
2268
2270
2268
2267
2269
2270
2270
2269
2268
2270
2270
2268
2269
2268
2267
2266
2267
2268
2268
2266
2267
2269
2268
2266
2267
2268
2266
2265
2267
2267
2267
2265
2267
2268
2267
2265
2266
2267
2267
2265
2265
2267
2266
2264
2265
2266
2265
2264
2264
2267
2267
2265
2266
2267
2267
2266
2266
2268
2267
2267
2267
2267
2267
2266
2267
2403
2501
2541
2559
2566
2568
2567
2562
2557
2550
2543
2531
2518
2508
2500
2492
2485
2478
2472
2466
2461
2453
2450
2446
2441
2437
2433
2428
2425
2420
2416
2412
2408
2404
2401
2397
2393
2390
2386
2382
2378
2375
2371
2367
2364
2360
2356
2352
2349
2345
2342
2338
2335
2331
2328
2324
2320
2317
2312
2311
2317
2323
2327
2331
2335
2337
2341
2342
2344
2347
2348
2350
2351
2354
2355
2350
2351
2354
2355
2356
2349
2346
2350
2352
2355
2356
2358
2357
2349
2349
2353
2355
2300
2155
2081
2036
2013
2010
2019
2034
2054
2073
2099
2116
2135
2153
2169
2180
2192
2203
2214
2223
2229
2236
2241
2245
2248
2252
2256
2259
2260
2263
2266
2266
2267
2267
2269
2268
2268
2269
2271
2270
2269
2269
2269
2267
2266
2266
2268
2265
2268
2269
2270
2268
2267
2267
2267
2267
2266
2267
2269
2268
2265
2266
2267
2266
2266
2266
2267
2268
2266
2267
2266
2266
2264
2265
2267
2266
2264
2265
2267
2267
2266
2265
2266
2267
2265
2265
2266
2266
2265
2265
2266
2267
2266
2264
2265
2267
2265
2265
2266
2281
2439
2512
2548
2561
2566
2568
2566
2561
2556
2549
2537
2526
2516
2505
2497
2490
2483
2476
2471
2465
2460
2454
2450
2445
2440
2436
2431
2427
2423
2419
2413
2411
2407
2403
2399
2396
2391
2388
2384
2381
2377
2373
2370
2366
2362
2359
2355
2351
2347
2345
2341
2337
2334
2331
2326
2323
2320
2316
2312
2313
2320
2324
2329
2332
2335
2339
2341
2343
2346
2348
2348
2350
2353
2355
2355
2358
2355
2352
2355
2357
2353
2346
2349
2352
2355
2356
2358
2354
2355
2357
2354
2354
2253
2130
2065
2028
2012
2013
2021
2041
2061
2081
2101
2121
2141
2157
2170
2184
2197
2206
2215
2225
2233
2238
2241
2246
2252
2254
2257
2259
2262
2263
2261
2265
2266
2267
2266
2268
2269
2269
2269
2269
2270
2270
2268
2268
2268
2268
2268
2268
2269
2268
2269
2268
2269
2268
2266
2266
2267
2267
2265
2265
2267
2268
2267
2265
2267
2267
2266
2265
2267
2268
2266
2266
2267
2267
2266
2266
2268
2267
2266
2266
2266
2267
2266
2265
2265
2267
2265
2266
2266
2267
2266
2264
2266
2264
2267
2266
2266
2266
2265
2319
2465
2526
2552
2563
2568
2567
2564
2560
2554
2546
2535
2522
2512
2502
2494
2487
2480
2474
2468
2463
2459
2452
2447
2442
2438
2434
2430
2425
2421
2417
2414
2409
2406
2401
2397
2395
2391
2386
2384
2379
2375
2372
2365
2363
2361
2357
2353
2350
2346
2342
2339
2335
2331
2328
2325
2321
2318
2314
2311
2315
2322
2326
2329
2334
2336
2339
2341
2344
2346
2348
2350
2349
2352
2355
2357
2358
2353
2354
2356
2357
2353
2354
2356
2358
2349
2347
2351
2354
2357
2357
2353
2355
2356
2358
2350
2348
2352
2356
2357
2359
2352
2348
2351
2355
2357
2359
2354
2348
2352
2355
2357
2359
2355
2348
2352
2355
2357
2356
2355
2355
2352
2354
2357
2336
2354
2357
2344
2354
2357
2352
2355
2357
2353
2354
2357
2353
2347
2350
2355
2355
2358
2356
2347
2351
2354
2356
2358
2357
2349
2350
2353
2355
2357
2359
2350
2349
2353
2356
2359
2352
2355
2353
2352
2355
2358
2353
2347
2350
2353
2356
2358
2356
2348
2350
2354
2356
2357
2353
2355
2357
2353
2355
2358
2358
2350
2349
2354
2355
2358
2352
2355
2357
2353
2355
2353
2351
2355
2357
2353
2354
2353
2351
2354
2357
2359
2353
2348
2351
2355
2356
2354
2353
2355
2358
2354
2347
2351
2353
2355
2357
2359
2355
2349
2351
2354
2356
2356
2352
2355
2356
2336
2355
2357
2357
2348
2351
2353
2355
2357
2358
2354
2356
2357
2349
2348
2352
2355
2356
2358
2353
2355
2357
2358
2350
2349
2349
2354
2357
2358
2352
2347
2352
2354
2357
2358
2360
2352
2349
2353
2356
2358
2353
2355
2357
2353
2353
2357
2358
2353
2345
2351
2353
2357
2354
2352
2355
2358
2355
2354
2354
2351
2354
2356
2355
2347
2349
2352
2354
2357
2356
2348
2345
2344
2354
2356
2359
2357
2349
2350
2353
2356
2357
2358
2350
2348
2351
2355
2357
2358
2350
2348
2352
2355
2356
2358
2352
2355
2358
2358
2351
2348
2352
2355
2357
2353
2354
2356
2358
2352
2347
2351
2354
2357
2358
2353
2354
2358
2354
2346
