66334
70794
70768
70769
70771
70777
70761
70758
70750
70771
70769
70756
70763
70770
70764
70757
70767
70760
70767
70757
70760
70758
70768
70765
70765
70757
70763
70763
70767
70758
70775
70770
70763
70774
70763
70776
70775
70777
70776
70765
70790
70774
70765
70757
70769
70769
70764
70754
70764
70763
70768
70764
70772
70759
70757
70768
70776
70762
70773
70768
70765
70767
70758
70768
70769
70761
70761
70773
70766
70774
70772
70774
70782
70777
70789
70774
70784
70778
70779
70780
70767
70776
70775
70759
70760
70744
70767
70747
70758
70764
70761
70774
70776
70780
70758
70760
70755
70760
70766
70769
75266
80201
76022
74654
75448
75356
75342
75357
75354
75346
75348
75348
75358
75353
75353
75342
75354
75348
75355
75334
75333
75334
75347
75353
75343
75332
75342
75340
75336
75331
75337
75341
75341
75343
75348
75348
75349
75329
75349
75339
75362
75322
75350
75357
75349
75347
75350
75332
75345
75318
75342
75345
75359
75345
75345
75341
75350
75359
75349
75354
75366
75351
75338
75373
75351
75356
75365
75346
75349
75355
75337
75354
75358
75342
75358
75340
75360
75358
75354
75330
75365
75345
75354
75344
75339
75349
75344
75353
75363
75357
75357
75358
75377
75358
75175
66392
70806
70762
70766
70762
70769
70767
70776
70767
70774
70766
70769
70766
70761
70763
70764
70772
70762
70774
70776
70774
70792
70778
70761
70778
70769
70776
70771
70760
70774
70763
70772
70778
70776
70761
70765
70765
70763
70758
70767
70761
70757
70767
70767
70775
70771
70762
70770
70772
70778
70756
70763
70761
70750
70757
70762
70765
70753
70757
70748
70763
70767
70766
70770
70771
70763
70772
70770
70764
70763
70779
70763
70750
70765
70763
70761
70759
70759
70774
70763
70760
70758
70762
70753
70754
70741
70746
70754
70753
70762
70766
70770
70766
70765
70768
70763
70757
70766
70763
70767
75576
80093
75934
74651
75439
75345
75363
75339
75361
75342
75344
75351
75344
75353
75350
75344
75345
75331
75347
75351
75335
75357
75341
75369
75336
75358
75374
75350
75355
75351
75360
75373
75377
75360
75361
75356
75369
75362
75366
75349
75352
75338
75336
75345
75337
75356
75343
75340
75346
75354
75355
75343
75348
75328
75359
75347
75351
75358
75351
75351
75352
75345
75355
75351
75331
75362
75343
75368
75357
75368
75354
75360
75346
75334
75355
75337
75339
75358
75359
75353
75336
75352
75371
75361
75346
75350
75352
75333
75356
75344
75355
75368
75362
75378
74988
66515
70814
70771
70776
70766
70779
70777
70785
70781
70777
70783
70786
70777
70773
70767
70767
70764
70762
70765
70757
70766
70762
70760
70763
70756
70758
70762
70755
70771
70757
70761
70759
70779
70763
70756
70765
70768
70750
70774
70764
70768
70762
70775
70754
70762
70770
70761
70752
70776
70764
70768
70771
70754
70761
70775
70762
70761
70771
70776
70774
70777
70776
70772
70758
70779
70765
70782
70772
70752
70778
70780
70785
70765
70797
70768
70759
70775
70778
70767
70765
70771
70773
70759
70763
70769
70759
70765
70773
70773
70763
70773
70768
70771
70763
70765
70772
70774
70766
70770
70765
75871
79890
75773
74735
75440
75368
75357
75334
75352
75353
75367
75345
75354
75333
75342
75338
75360
75338
75334
75348
75355
75355
75338
75355
75338
75344
75349
75352
75358
75363
75351
75347
75369
75336
75355
75341
75363
75346
75364
75351
75370
75364
75360
75339
75361
75366
75362
75355
75370
75352
75371
75351
75370
75362
75355
75373
75355
75369
75349
75353
75346
75377
75363
75366
75379
75361
75360
75341
75371
75356
75353
75372
75339
75368
75347
75355
75380
75342
75364
75367
75348
75368
75351
75359
75367
75358
75343
75364
75357
75353
75365
75341
75379
75362
74640
66745
70831
70783
70782
70778
70781
70789
70792
70789
70776
70773
70780
70779
70786
70783
70769
70794
70776
70790
70782
70793
70773
70780
70784
70775
70776
70790
70771
70771
70773
70769
70784
70787
70791
70785
70792
70782
70784
70782
70789
70788
70785
70791
70783
70792
70791
70791
70784
70790
70783
70773
70793
70790
70793
70789
70775
70793
70784
70780
70779
70772
70766
70771
70782
70779
70784
70790
70780
70780
70780
70780
70779
70777
70783
70787
70776
70782
70794
70785
70787
70792
70786
70787
70775
70791
70782
70788
70797
70783
70783
70788
70788
70790
70791
70793
70793
70788
70788
70795
70792
76268
79780
75696
74803
75463
75366
75379
75374
75379
75369
75366
75376
75371
75375
75376
75349
75357
75343
75375
75368
75341
75376
75357
75384
75356
75352
75381
75348
75371
75370
75368
75385
75388
75363
75359
75358
75353
75356
75346
75369
75346
75355
75377
75359
75353
75354
75355
75360
75348
75366
75366
75364
75347
75366
75363
75349
75361
75377
75371
75345
75375
75357
75342
75364
75377
75370
75373
75373
75375
75387
75374
75395
75379
75374
75383
75377
75384
75380
75362
75361
75377
75361
75376
75360
75392
75379
75385
75356
75366
75367
75367
75378
75379
75361
75372
75380
75355
75377
75376
75368
75377
75369
75385
75373
75374
75368
75368
75356
75367
75361
75352
75365
75373
75359
75368
75381
75355
75386
75360
75351
75364
75354
75369
75365
75357
75369
75376
75366
75368
75352
75351
75369
75338
75373
75354
75389
75364
75370
75371
75367
75385
75364
75356
75366
75370
75376
75377
75378
75354
75364
75364
75363
75368
75346
75362
75344
75367
75377
75366
75373
75364
75373
75368
75386
75369
75391
75371
75381
75382
75361
75376
75372
75364
75389
75374
75381
75377
75369
75357
75367
75372
75373
75378
75358
75365
75356
75377
75368
75366
75381
75365
75347
75378
75358
75358
75356
75370
75358
75361
75369
75370
75384
75369
75377
75370
75358
75373
75364
75367
75356
75380
75361
75363
75351
75355
75363
75358
75361
75344
75371
75358
75372
75364
75371
75362
75374
75381
75374
75352
75363
75366
75356
75360
75379
75379
75372
75366
75369
75372
75352
75386
75364
75361
75375
75365
75351
75381
75370
75391
75349
75370
75361
75362
75377
75354
75372
75373
75366
75372
75359
75362
75363
75367
75369
75364
75370
75367
75366
75379
75383
75363
75361
75357
75364
75365
75372
75368
75381
75388
75374
75372
75382
75371
75372
75373
75379
75369
75384
75411
75374
75394
75378
75391
75385
75374
75373
75365
75388
75379
75395
75367
75374
75379
75375
75365
75368
75369
75393
75385
75396
75377
75373
75399
75379
75369
75397
75375
75389
75384
75358
75371
75389
75398
75380
75361
75375
75388
75391
75377
75372
75387
75380
75379
75378
75369
75379
75366
75359
75359
