34369
37160
37660
37666
37644
37637
37638
37644
37638
37646
37648
37640
37643
37641
37644
37637
37639
37650
37638
37643
37655
37651
37655
37649
37657
37653
37653
37651
37652
37654
37657
37654
37650
37651
37653
37657
37657
37655
37651
37655
37663
37657
37658
37648
37657
37662
37652
37646
37652
37653
37654
37658
37648
37665
37657
37659
37663
37662
37652
37655
37663
37657
37662
37651
37661
37661
37657
37653
37657
37661
37651
37666
37657
37658
37653
37660
37656
37655
37660
37659
37661
37662
37658
37656
37660
37652
37658
37663
37661
37660
37663
37666
37650
37661
37664
37651
37659
37659
37658
40404
42168
40793
39819
38914
39137
39473
39422
39405
39395
39404
39402
39393
39404
39404
39390
39390
39400
39387
39387
39388
39388
39382
39394
39382
39394
39396
39392
39386
39396
39393
39392
39398
39391
39392
39397
39388
39406
39396
39400
39386
39416
39397
39391
39396
39403
39396
39398
39394
39411
39398
39398
39393
39413
39401
39405
39404
39388
39399
39402
39403
39405
39405
39394
39390
39398
39392
39387
39400
39390
39391
39402
39402
39394
39388
39398
39401
39399
39394
39397
39405
39385
39401
39398
39396
39394
39403
39387
39405
39394
39391
39407
39393
39398
38131
34929
37428
37695
37675
37659
37659
37649
37654
37650
37654
37655
37661
37655
37656
37663
37655
37661
37660
37650
37660
37656
37668
37661
37651
37659
37655
37649
37650
37653
37644
37662
37654
37656
37659
37641
37658
37656
37658
37648
37657
37645
37657
37664
37658
37657
37659
37655
37661
37664
37666
37654
37661
37656
37661
37661
37663
37647
37647
37659
37649
37658
37650
37662
37650
37654
37663
37657
37661
37643
37660
37648
37651
37651
37650
37656
37649
37645
37647
37657
37645
37657
37655
37651
37654
37654
37656
37649
37658
37647
37663
37653
37658
37643
37645
37659
37641
37655
37657
37657
41726
41723
40551
39591
38804
39264
39463
39409
39388
39385
39385
39392
39393
39393
39396
39389
39394
39388
39388
39400
39376
39393
39391
39390
39366
39398
39379
39385
39392
39388
39388
39391
39376
39400
39386
39393
39385
39393
39394
39378
39384
39388
39393
39389
39386
39377
39388
39394
39380
39392
39383
39384
39402
39393
39382
39390
39391
39385
39389
39385
39386
39402
39383
39380
39380
39393
39386
39404
39379
39387
39385
39383
39392
39375
39385
39396
39379
39397
39370
39380
39396
39377
39381
39388
39381
39367
39379
39379
39381
39372
39375
39374
39382
39388
36572
35910
37568
37681
37660
37639
37646
37640
37639
37643
37644
37649
37650
37647
37650
37653
37646
37656
37645
37652
37655
37638
37649
37638
37646
37642
37643
37645
37649
37647
37642
37645
37638
37641
37644
37644
37651
37641
37641
37639
37655
37636
37643
37647
37649
37645
37637
37652
37640
37655
37650
37649
37649
37647
37653
37644
37652
37635
37660
37646
37638
37642
37644
37646
37639
37640
37643
37637
37637
37640
37639
37632
37646
37640
37642
37635
37640
37630
37644
37645
37640
37641
37634
37644
37638
37643
37638
37636
37637
37626
37645
37634
37636
37638
37642
37636
37631
37634
37638
37635
42828
41321
40260
39317
38844
39365
39429
39395
39378
39390
39380
39388
39383
39386
39381
39377
39393
39382
39383
39384
39372
39377
39373
39395
39366
39391
39378
39385
39396
39374
39383
39374
39388
39368
39375
39392
39378
39373
39378
39365
39391
39367
39383
39382
39367
39374
39380
39380
39379
39386
39378
39382
39374
39374
39383
39371
39387
39377
39370
39370
39372
39378
39373
39365
39362
39367
39367
39363
39377
39368
39374
39372
39365
39374
39385
39368
39382
39367
39384
39369
39379
39372
39384
39379
39370
39375
39372
39386
39360
39373
39372
39371
39367
39384
35365
36627
37628
37658
37645
37634
37638
37626
37638
37631
37631
37635
37636
37634
37629
37645
37634
37627
37638
37632
37630
37625
37634
37629
37635
37643
37636
37635
37632
37628
37632
37632
37630
37633
37617
37633
37621
37624
37623
37633
37632
37631
37627
37627
37632
37622
37633
37638
37641
37627
37887
37635
37634
37628
37634
37646
37631
37628
37640
37644
37643
37640
37638
37636
37634
37645
37637
37651
37640
37633
37634
37633
37640
37638
37645
37637
37632
37640
37638
37641
37642
37639
37644
37639
37635
37638
37634
37642
37648
37637
37641
37632
37642
37641
37639
37629
37632
37645
37631
38815
42700
41065
40048
39119
38911
39430
39401
39385
39380
39381
39367
39393
39369
39389
39375
39378
39381
39368
39378
39386
39373
39383
39377
39365
39370
39377
39364
39365
39378
39377
39374
39380
39366
39369
39381
39364
39364
39366
39374
39387
39370
39362
39372
39373
39375
39369
39370
39369
39374
39377
39365
39383
39381
39378
39360
39387
39369
39363
39373
39381
39391
39387
39374
39378
39380
39385
39377
39384
39381
39372
39356
39382
39377
39384
39360
39384
39370
39372
39367
39375
39369
39372
39374
39376
39364
39381
39374
39358
39372
39369
39379
39370
39388
39369
39367
39367
39368
39371
39377
39377
39368
39360
39378
39362
39378
39371
39352
39383
39365
39364
39369
39379
39358
39371
39366
39387
39355
39384
39376
39363
39377
39384
39371
39384
39378
39371
39387
39371
39379
39358
39386
39363
39368
39372
39387
39369
39385
39383
39389
39367
39376
39382
39363
39386
39367
39382
39375
39360
39383
39365
39378
39366
39382
39375
39376
39365
39368
39376
39373
39372
39363
39372
39362
39363
39377
39377
39369
39367
39381
39367
39359
39372
39362
39358
39363
39373
39361
39356
39371
39372
39359
39350
39371
39377
39361
39366
39361
39372
39363
39368
39352
39368
39373
39354
39370
39368
39359
39390
39374
39361
39364
39373
39379
39363
39376
39367
39366
39371
39368
39363
39377
39367
39376
39356
39371
39355
39378
39364
39358
39376
39369
39356
39370
39372
39367
39369
39377
39367
39376
39380
39377
39359
39382
39373
39370
39378
39372
39360
39371
39377
39366
39372
39376
39366
39367
39377
39367
39375
39380
39365
39376
39363
39365
39378
39368
39375
39369
39379
39351
39375
39364
39376
39372
39378
39372
39369
39363
39380
39376
39366
39376
39378
39361
39372
39374
39378
39375
39378
39366
39367
39371
39359
39373
39375
39361
39371
39368
39359
39373
39362
39364
39367
39372
39359
39372
39361
39376
39367
39367
39369
39367
39374
39370
39360
39370
39355
39374
39377
39357
39360
39374
39358
39366
39367
39356
39378
39367
39371
39358
39371
39360
39364
39385
39365
39392
39371
39350
39379
39369
39376
39357
39365
39370
39367
39365
39349
39370
39364
39377
39370
39362
39373
39367
