2281
2189
2131
2101
2091
2095
2107
2126
2150
2171
2191
2211
2230
2246
2259
2272
2284
2296
2304
2313
2321
2332
2330
2336
2341
2345
2346
2349
2351
2352
2353
2355
2356
2355
2354
2355
2357
2357
2355
2355
2357
2356
2356
2355
2356
2357
2357
2357
2357
2356
2352
2355
2356
2357
2356
2354
2355
2356
2354
2353
2355
2357
2356
2354
2356
2355
2354
2353
2354
2355
2354
2352
2353
2355
2354
2354
2355
2355
2354
2353
2353
2355
2354
2353
2354
2355
2354
2352
2355
2352
2354
2354
2354
2354
2353
2353
2353
2354
2354
2444
2573
2625
2647
2656
2659
2659
2655
2650
2643
2636
2625
2612
2602
2592
2584
2576
2570
2563
2557
2556
2546
2542
2536
2530
2526
2523
2518
2513
2509
2505
2501
2497
2493
2489
2485
2481
2477
2473
2470
2466
2460
2459
2455
2450
2448
2440
2444
2432
2432
2429
2425
2422
2417
2415
2411
2407
2403
2404
2395
2404
2406
2411
2415
2419
2422
2425
2427
2430
2430
2434
2435
2438
2438
2441
2442
2443
2438
2444
2441
2442
2444
2436
2434
2437
2440
2442
2444
2439
2441
2443
2438
2419
2263
2178
2127
2100
2090
2095
2111
2128
2153
2174
2197
2217
2233
2248
2262
2272
2284
2296
2305
2315
2320
2327
2333
2338
2338
2341
2345
2349
2351
2352
2354
2356
2355
2355
2357
2357
2356
2355
2357
2358
2358
2357
2357
2358
2357
2357
2357
2356
2355
2354
2355
2356
2352
2355
2356
2357
2356
2354
2355
2352
2354
2353
2354
2352
2355
2353
2355
2357
2355
2353
2354
2355
2355
2353
2354
2354
2354
2353
2353
2355
2354
2364
2353
2352
2355
2353
2354
2354
2355
2354
2354
2352
2356
2355
2352
2357
2357
2354
2355
2491
2590
2633
2650
2659
2659
2657
2655
2649
2640
2635
2621
2610
2599
2590
2583
2574
2569
2562
2556
2551
2545
2540
2535
2531
2525
2522
2517
2512
2508
2504
2500
2496
2493
2488
2485
2481
2477
2473
2469
2465
2462
2457
2454
2450
2447
2442
2439
2434
2432
2428
2425
2421
2417
2414
2409
2406
2402
2399
2397
2403
2409
2412
2417
2420
2423
2426
2428
2430
2433
2436
2436
2439
2441
2441
2437
2437
2440
2442
2443
2435
2432
2434
2439
2441
2443
2444
2444
2435
2435
2439
2442
2386
2241
2165
2118
2095
2091
2101
2116
2135
2158
2180
2204
2216
2238
2253
2266
2278
2289
2301
2309
2316
2323
2328
2333
2335
2340
2343
2347
2348
2351
2354
2354
2354
2352
2356
2356
2356
2356
2364
2357
2357
2357
2357
2356
2354
2355
2356
2356
2355
2358
2359
2357
2356
2355
2356
2356
2355
2356
2357
2356
2354
2354
2355
2354
2355
2355
2352
2356
2355
2354
2354
2355
2354
2354
2355
2354
2353
2353
2354
2352
2353
2354
2355
2355
2353
2353
2355
2354
2353
2353
2354
2352
2355
2352
2355
2354
2355
2354
2354
2369
2527
2603
2639
2654
2659
2660
2658
2653
2648
2641
2631
2618
2607
2596
2584
2578
2573
2566
2560
2554
2549
2544
2538
2534
2528
2525
2519
2516
2511
2507
2503
2498
2495
2490
2484
2483
2479
2476
2472
2464
2465
2460
2456
2453
2449
2446
2442
2438
2434
2430
2427
2423
2419
2416
2412
2409
2405
2401
2398
2398
2405
2410
2415
2418
2421
2424
2426
2429
2432
2433
2432
2437
2439
2441
2442
2442
2441
2439
2441
2442
2440
2432
2436
2438
2441
2443
2445
2440
2441
2443
2440
2441
2339
2215
2148
2110
2094
2094
2104
2122
2156
2164
2185
2206
2225
2242
2255
2270
2282
2293
2303
2310
2321
2326
2330
2334
2339
2343
2344
2347
2351
2352
2352
2353
2355
2356
2355
2352
2358
2358
2357
2358
2359
2358
2357
2357
2356
2357
2357
2356
2358
2358
2357
2357
2358
2357
2355
2354
2354
2356
2353
2353
2356
2356
2355
2354
2356
2352
2354
2354
2355
2356
2355
2355
2355
2352
2355
2354
2356
2352
2355
2354
2355
2354
2355
2354
2354
2355
2355
2354
2355
2355
2354
2353
2354
2355
2354
2354
2355
2355
2354
2407
2555
2618
2645
2656
2660
2659
2656
2651
2645
2638
2625
2614
2602
2593
2584
2577
2570
2563
2558
2552
2546
2542
2540
2531
2527
2522
2518
2514
2509
2505
2502
2497
2493
2489
2485
2481
2477
2474
2470
2466
2461
2459
2454
2450
2447
2443
2440
2435
2432
2428
2425
2421
2418
2413
2410
2406
2403
2398
2396
2400
2407
2411
2415
2419
2422
2425
2424
2429
2432
2433
2436
2438
2439
2441
2443
2444
2439
2440
2442
2442
2439
2440
2443
2442
2437
2433
2437
2441
2443
2444
2439
2442
2443
2445
2436
2435
2439
2441
2444
2445
2438
2434
2438
2441
2443
2446
2439
2434
2436
2441
2443
2445
2441
2435
2438
2440
2443
2443
2440
2442
2438
2440
2442
2438
2441
2442
2439
2441
2440
2438
2441
2443
2439
2440
2443
2439
2433
2436
2438
2442
2440
2441
2433
2437
2439
2442
2444
2443
2435
2436
2439
2441
2440
2440
2432
2435
2436
2442
2444
2439
2441
2439
2438
2442
2444
2439
2433
2437
2439
2443
2445
2442
2434
2437
2439
2442
2443
2439
2442
2443
2438
2442
2440
2444
2436
2434
2440
2442
2443
2439
2441
2443
2438
2441
2438
2437
2441
2443
2438
2440
2440
2436
2440
2443
2444
2439
2434
2437
2439
2443
2441
2438
2442
2444
2441
2433
2436
2439
2442
2442
2446
2441
2434
2438
2440
2442
2443
2438
2442
2443
2438
2441
2440
2443
2435
2435
2438
2441
2442
2444
2436
2441
2443
2435
2433
2437
2441
2442
2443
2439
2441
2443
2444
2436
2434
2438
2441
2443
2444
2438
2433
2437
2441
2443
2445
2446
2438
2435
2439
2441
2445
2440
2440
2443
2444
2439
2443
2445
2439
2433
2436
2438
2443
2441
2439
2442
2443
2441
2439
2441
2437
2444
2443
2442
2432
2435
2439
2441
2442
2443
2434
2434
2438
2440
2443
2445
2443
2435
2437
2440
2441
2440
2444
2435
2435
2438
2441
2443
2444
2437
2433
2437
2441
2442
2444
2439
2441
2443
2445
2436
2434
2438
2442
2443
2439
2440
2443
2440
2438
2433
2437
2436
2442
2445
2440
2441
2444
2439
2433
