2334
2270
2224
2199
2187
2182
2187
2199
2214
2230
2246
2260
2280
2293
2308
2316
2328
2336
2342
2349
2355
2360
2364
2369
2373
2374
2375
2377
2380
2381
2381
2382
2383
2383
2382
2383
2385
2385
2384
2385
2385
2384
2383
2383
2383
2384
2381
2382
2383
2383
2381
2383
2396
2383
2382
2382
2384
2383
2382
2381
2383
2382
2380
2381
2382
2380
2380
2382
2382
2381
2380
2380
2382
2382
2380
2382
2382
2382
2379
2381
2383
2383
2381
2382
2383
2382
2380
2381
2382
2381
2381
2381
2381
2380
2379
2379
2380
2397
2502
2555
2580
2593
2600
2603
2603
2602
2598
2594
2589
2579
2572
2558
2549
2542
2535
2529
2522
2517
2511
2506
2502
2497
2493
2484
2483
2484
2475
2471
2467
2463
2459
2452
2451
2447
2444
2440
2436
2433
2429
2425
2422
2417
2414
2411
2407
2409
2414
2421
2424
2427
2431
2434
2436
2438
2438
2435
2437
2438
2434
2438
2444
2439
2432
2440
2442
2440
2438
2432
2436
2439
2442
2443
2440
2433
2436
2439
2441
2443
2441
2440
2441
2437
2440
2443
2442
2434
2435
2439
2441
2443
2433
2324
2259
2219
2192
2185
2183
2189
2201
2217
2232
2249
2266
2281
2292
2307
2319
2329
2337
2344
2356
2357
2361
2366
2370
2375
2375
2377
2380
2381
2381
2383
2384
2384
2382
2384
2385
2385
2383
2383
2384
2385
2383
2383
2385
2385
2383
2383
2388
2383
2383
2382
2383
2382
2381
2380
2381
2382
2381
2380
2381
2383
2382
2381
2383
2388
2382
2382
2383
2382
2381
2381
2382
2383
2382
2382
2383
2383
2383
2381
2381
2382
2382
2381
2381
2382
2380
2380
2381
2381
2379
2379
2381
2382
2381
2380
2382
2382
2414
2515
2561
2584
2595
2602
2604
2602
2600
2598
2593
2583
2571
2560
2552
2544
2537
2529
2524
2518
2513
2508
2503
2497
2493
2489
2484
2479
2476
2471
2467
2464
2459
2455
2452
2447
2444
2440
2436
2432
2429
2425
2421
2417
2414
2410
2408
2414
2419
2424
2428
2431
2434
2437
2435
2428
2429
2434
2436
2439
2441
2443
2438
2432
2435
2438
2440
2443
2440
2439
2442
2439
2438
2442
2444
2439
2433
2436
2439
2442
2444
2441
2433
2436
2439
2441
2444
2443
2434
2432
2439
2442
2443
2415
2311
2254
2217
2195
2184
2182
2191
2203
2217
2233
2251
2264
2283
2294
2308
2321
2329
2336
2345
2352
2357
2360
2365
2370
2372
2373
2372
2378
2380
2381
2382
2383
2383
2382
2384
2385
2385
2383
2384
2385
2384
2383
2384
2384
2388
2382
2383
2383
2383
2382
2382
2383
2383
2381
2381
2382
2382
2380
2381
2382
2382
2381
2381
2383
2380
2380
2381
2382
2382
2382
2381
2380
2383
2381
2381
2381
2381
2380
2381
2381
2381
2379
2379
2381
2381
2379
2381
2381
2381
2380
2379
2382
2382
2381
2381
2382
2381
2427
2523
2565
2585
2594
2601
2602
2602
2604
2596
2591
2587
2588
2565
2556
2547
2541
2534
2527
2522
2516
2511
2506
2501
2496
2492
2487
2483
2479
2475
2470
2466
2463
2459
2455
2450
2447
2443
2439
2436
2432
2424
2425
2421
2417
2412
2410
2405
2409
2415
2421
2423
2428
2431
2434
2435
2437
2428
2428
2432
2435
2437
2439
2442
2443
2438
2432
2434
2439
2441
2443
2439
2440
2442
2439
2439
2441
2440
2437
2440
2444
2440
2433
2436
2438
2442
2443
2439
2442
2441
2438
2441
2442
2395
2292
2241
2208
2189
2182
2185
2194
2207
2222
2239
2256
2274
2285
2299
2311
2320
2330
2338
2347
2354
2359
2361
2368
2373
2374
2375
2378
2381
2380
2381
2382
2383
2383
2383
2384
2385
2383
2383
2385
2385
2383
2383
2384
2385
2383
2381
2383
2384
2383
2382
2383
2388
2380
2381
2382
2383
2381
2381
2382
2382
2382
2381
2382
2382
2382
2380
2381
2382
2381
2376
2381
2383
2382
2381
2381
2383
2381
2380
2381
2382
2382
2380
2381
2383
2382
2380
2382
2383
2381
2380
2381
2381
2380
2380
2381
2382
2381
2447
2533
2570
2587
2597
2602
2603
2601
2604
2595
2590
2579
2568
2558
2548
2541
2534
2528
2522
2517
2511
2505
2501
2497
2492
2487
2482
2479
2475
2470
2466
2462
2458
2454
2450
2446
2443
2439
2435
2431
2428
2422
2420
2417
2413
2409
2409
2415
2420
2425
2429
2432
2435
2437
2434
2434
2438
2439
2441
2434
2431
2434
2438
2440
2442
2443
2438
2441
2443
2435
2432
2436
2439
2442
2443
2438
2441
2442
2444
2436
2434
2438
2442
2443
2439
2438
2443
2439
2439
2442
2440
2439
2442
2441
2432
2435
2438
2441
2443
2438
2440
2442
2438
2440
2442
2444
2435
2434
2438
2441
2443
2438
2432
2436
2438
2442
2443
2440
2440
2443
2440
2432
2436
2438
2441
2444
2442
2440
2442
2437
2441
2444
2443
2435
2435
2439
2442
2443
2439
2441
2443
2438
2433
2437
2439
2443
2440
2439
2441
2439
2438
2441
2444
2440
2432
2437
2439
2441
2444
2443
2434
2435
2444
2440
2445
2445
2435
2435
2438
2442
2438
2439
2442
2440
2438
2432
2438
2441
2443
2441
2439
2442
2441
2439
2441
2445
2441
2434
2436
2439
2441
2444
2443
2434
2435
2439
2441
2443
2443
2435
2434
2438
2441
2442
2444
2435
2434
2437
2440
2443
2442
2439
2441
2443
2444
2437
2434
2438
2441
2443
2445
2438
2432
2437
2440
2443
2444
2445
2438
2435
2439
2441
2444
2444
2432
2436
2439
2442
2443
2444
2440
2434
2437
2440
2443
2445
2441
2434
2437
2439
2441
2445
2442
2440
2443
2441
2434
2435
2438
2441
2443
2445
2443
2434
2437
2436
2441
2444
2443
2434
2435
2439
2441
2443
2443
2435
2434
2438
2441
2442
2442
2437
2434
2437
2440
2442
2442
2438
2433
2437
2439
2442
2443
2439
2440
2442
2445
2437
2433
2437
2440
2443
2440
2438
2442
2439
2438
2441
2440
2437
2440
2441
2437
2441
2441
2437
2440
2442
2441
2433
2434
2437
2440
2442
2443
2438
2441
2441
2438
2439
2442
2437
2440
2441
2437
2439
2442
2442
2435
2433
2437
2439
2442
2442
2439
2441
2432
2438
2441
2443
2436
2431
2436
2439
