2243
2125
2053
2017
2008
2019
2036
2058
2083
2109
2131
2153
2174
2194
2210
2225
2239
2248
2262
2269
2279
2286
2294
2298
2303
2308
2311
2313
2316
2319
2321
2321
2320
2332
2328
2326
2327
2327
2327
2327
2328
2330
2330
2328
2328
2330
2328
2328
2328
2329
2329
2327
2325
2327
2328
2327
2327
2328
2328
2325
2325
2327
2326
2327
2326
2327
2327
2326
2326
2327
2327
2327
2326
2327
2326
2325
2325
2326
2327
2326
2325
2324
2329
2326
2326
2326
2326
2325
2324
2325
2325
2324
2325
2325
2327
2326
2326
2327
2327
2325
2333
2546
2651
2696
2712
2718
2715
2709
2702
2695
2686
2670
2658
2646
2636
2627
2619
2610
2603
2597
2590
2585
2581
2576
2571
2566
2561
2557
2556
2547
2544
2539
2535
2531
2527
2523
2519
2515
2524
2506
2508
2499
2496
2491
2488
2485
2480
2477
2473
2470
2466
2462
2459
2455
2451
2460
2443
2438
2437
2433
2429
2426
2421
2418
2415
2411
2407
2404
2400
2397
2393
2389
2385
2391
2398
2402
2406
2410
2413
2415
2418
2421
2422
2425
2427
2429
2431
2434
2434
2435
2437
2439
2376
2180
2090
2037
2016
2017
2033
2052
2074
2098
2124
2148
2167
2187
2206
2221
2234
2247
2258
2268
2275
2283
2291
2298
2302
2305
2311
2315
2316
2317
2320
2322
2323
2320
2327
2326
2327
2327
2329
2329
2329
2327
2328
2329
2327
2326
2328
2330
2329
2327
2332
2328
2329
2327
2327
2328
2327
2326
2327
2327
2326
2325
2326
2332
2326
2326
2326
2327
2327
2325
2327
2332
2326
2325
2323
2325
2326
2325
2324
2326
2326
2325
2324
2326
2326
2324
2324
2325
2325
2320
2325
2325
2325
2324
2325
2327
2326
2325
2325
2327
2327
2414
2598
2673
2705
2715
2716
2714
2707
2699
2691
2678
2663
2650
2639
2629
2621
2613
2606
2596
2592
2584
2581
2576
2571
2567
2562
2557
2556
2544
2543
2540
2536
2531
2540
2523
2520
2515
2512
2508
2504
2500
2497
2492
2489
2486
2481
2478
2473
2471
2466
2463
2459
2455
2451
2449
2445
2441
2437
2433
2430
2427
2423
2419
2415
2411
2408
2404
2401
2397
2394
2389
2386
2388
2395
2401
2404
2408
2411
2415
2416
2420
2423
2426
2429
2430
2433
2434
2435
2437
2437
2440
2441
2290
2139
2065
2027
2015
2021
2038
2062
2086
2110
2134
2156
2177
2193
2210
2227
2240
2252
2263
2273
2282
2288
2294
2296
2305
2307
2311
2316
2318
2318
2319
2323
2325
2325
2326
2327
2332
2327
2327
2329
2331
2329
2324
2328
2329
2327
2332
2329
2331
2329
2329
2329
2328
2326
2325
2326
2327
2326
2326
2326
2326
2325
2325
2327
2327
2325
2325
2327
2327
2325
2325
2326
2324
2324
2327
2327
2327
2326
2325
2326
2327
2324
2325
2325
2327
2326
2324
2326
2327
2325
2325
2326
2326
2325
2325
2325
2324
2326
2324
2325
2326
2508
2635
2690
2712
2716
2714
2711
2704
2695
2687
2676
2662
2649
2639
2629
2621
2612
2606
2598
2593
2587
2582
2576
2568
2566
2563
2557
2553
2549
2545
2536
2536
2532
2528
2525
2520
2516
2513
2509
2504
2501
2496
2494
2489
2486
2482
2478
2475
2470
2467
2463
2460
2456
2452
2449
2445
2442
2437
2435
2430
2427
2423
2419
2430
2413
2408
2405
2402
2396
2395
2391
2387
2387
2395
2401
2405
2408
2412
2415
2417
2420
2421
2424
2426
2428
2431
2432
2433
2435
2437
2437
2405
2203
2100
2042
2018
2016
2028
2047
2071
2097
2120
2143
2165
2184
2201
2216
2232
2246
2254
2265
2275
2283
2290
2295
2301
2307
2310
2313
2318
2321
2321
2321
2323
2325
2326
2326
2332
2328
2328
2326
2332
2330
2328
2327
2327
2327
2328
2326
2326
2330
2328
2327
2327
2328
2327
2326
2327
2329
2329
2327
2327
2327
2326
2326
2327
2327
2328
2326
2326
2327
2327
2324
2324
2326
2325
2320
2325
2326
2326
2325
2325
2327
2324
2326
2325
2326
2326
2326
2326
2327
2326
2326
2325
2324
2327
2325
2325
2326
2326
2325
2325
2396
2586
2668
2702
2715
2718
2713
2708
2700
2691
2683
2667
2653
2642
2634
2625
2616
2609
2602
2596
2591
2585
2579
2573
2570
2564
2559
2555
2551
2547
2542
2538
2534
2530
2526
2522
2518
2515
2510
2507
2503
2498
2495
2491
2488
2483
2480
2477
2473
2468
2465
2461
2457
2454
2450
2446
2443
2439
2435
2431
2428
2425
2420
2417
2413
2411
2407
2402
2412
2396
2391
2388
2387
2394
2399
2403
2408
2411
2414
2417
2418
2421
2424
2425
2427
2429
2431
2433
2434
2436
2437
2438
2440
2442
2442
2444
2446
2447
2447
2448
2443
2445
2436
2443
2444
2446
2438
2435
2439
2441
2445
2440
2433
2436
2440
2440
2443
2438
2441
2442
2435
2433
2438
2440
2443
2444
2438
2442
2443
2436
2433
2437
2444
2442
2439
2431
2434
2439
2441
2443
2442
2439
2442
2441
2439
2441
2442
2434
2433
2438
2441
2442
2440
2432
2435
2439
2441
2440
2444
2437
2434
2437
2441
2443
2439
2430
2436
2438
2441
2443
2441
2433
2435
2439
2441
2444
2443
2434
2435
2439
2442
2443
2438
2441
2443
2444
2436
2435
2439
2441
2443
2438
2444
2440
2438
2431
2435
2438
2440
2443
2444
2439
2441
2440
2438
2441
2440
2431
2434
2437
2439
2442
2440
2441
2433
2436
2438
2440
2443
2442
2438
2442
2441
2433
2432
2438
2444
2441
2443
2437
2440
2436
2438
2440
2443
2443
2435
2434
2438
2440
2443
2443
2435
2432
2438
2444
2442
2437
2439
2441
2443
2437
2508
2435
2438
2442
2438
2437
2441
2443
2439
2439
2442
2439
2431
2435
2437
2440
2442
2440
2438
2442
2443
2440
2432
2434
2439
2441
2443
2441
2433
2435
2438
2440
2443
2445
2442
2433
2436
2440
2442
2442
2437
2440
2443
2442
2434
2434
2438
2440
2443
2443
2439
2435
2437
2441
2443
2437
2439
2442
2443
2436
2433
2436
2440
2441
2444
2437
2433
2432
2439
2440
2444
2439
2440
2443
2439
2439
2442
2444
2439
2433
2437
2439
2441
2444
2440
2432
2436
2439
2441
2444
2441
2433
2432
2438
