16020
16860
17873
18267
18391
18417
18420
18413
18403
18400
18397
18405
18402
18393
18403
18410
18403
18403
18402
18397
18404
18412
18402
18404
18405
18405
18400
18408
18410
18406
18403
18399
18400
18408
18405
18402
18405
18402
18402
18413
18406
18405
18408
18406
18411
18400
18403
18402
18410
18406
18403
18404
18409
18410
18406
18407
18408
18405
18407
18404
18401
18406
18408
18406
18400
18399
18403
18405
18403
18404
18406
18405
18401
18405
18407
18407
18409
18408
18409
18408
18405
18404
18408
18409
18406
18409
18408
18404
18405
18408
18411
18401
18398
18406
18407
18411
18411
18404
18412
18406
18722
22061
21525
21018
20706
20443
20203
19968
19736
19505
19276
19120
19320
19485
19577
19571
19535
19532
19528
19530
19527
19526
19515
19533
19524
19524
19522
19524
19531
19520
19538
19517
19531
19525
19527
19521
19528
19531
19527
19527
19512
19526
19538
19521
19530
19525
19522
19537
19516
19531
19521
19538
19520
19532
19531
19525
19518
19526
19530
19520
19533
19521
19520
19528
19524
19520
19520
19530
19520
19528
19516
19532
19522
19525
19520
19538
19525
19529
19523
19525
19527
19524
19524
19536
19525
19526
19517
19534
19524
19520
19535
19517
19529
19525
18980
15830
17163
18000
18316
18411
18428
18424
18420
18410
18405
18404
18406
18401
18410
18404
18409
18402
18405
18410
18409
18401
18406
18408
18409
18404
18406
18404
18406
18406
18404
18405
18403
18402
18409
18406
18410
18403
18411
18406
18401
18410
18415
18412
18406
18412
18407
18407
18402
18410
18408
18410
18411
18404
18402
18407
18409
18407
18409
18409
18409
18409
18406
18404
18413
18411
18408
18403
18404
18402
18409
18407
18403
18403
18405
18412
18411
18403
18404
18408
18406
18406
18403
18408
18411
18415
18411
18407
18406
18408
18407
18405
18403
18408
18406
18412
18403
18404
18407
18404
18407
19486
22060
21378
20940
20652
20391
20146
19915
19679
19450
19220
19136
19369
19512
19589
19535
19526
19525
19531
19522
19518
19525
19525
19519
19522
19524
19520
19523
19526
19522
19515
19521
19522
19532
19513
19529
19533
19514
19523
19521
19520
19519
19525
19529
19512
19534
19509
19523
19513
19523
19514
19519
19523
19516
19526
19521
19513
19535
19522
19524
19512
19522
19530
19519
19520
19515
19519
19515
19534
19514
19515
19522
19532
19515
19514
19528
19527
19509
19525
19519
19518
19533
19510
19528
19511
19525
19521
19508
19525
19518
19525
19524
19512
19520
18150
16018
17411
18103
18348
18408
18424
18416
18412
18407
18401
18401
18399
18404
18405
18403
18404
18406
18394
18400
18402
18401
18408
18404
18404
18409
18406
18406
18404
18398
18399
18407
18407
18397
18405
18402
18410
18405
18407
18404
18411
18409
18402
18395
18403
18410
18401
18403
18405
18404
18402
18405
18407
18410
18407
18408
18404
18407
18405
18406
18402
18409
18404
18405
18403
18402
18401
18404
18401
18409
18403
18404
18407
18410
18402
18402
18400
18408
18405
18405
18399
18405
18406
18404
18403
18408
18407
18409
18405
18406
18406
18399
18404
18409
18402
18403
18409
18414
18404
18401
18407
20287
21941
21259
20871
20588
20341
20099
19864
19633
19403
19175
19178
19409
19531
19591
19541
19529
19527
19519
19526
19516
19525
19523
19535
19517
19525
19527
19529
19522
19524
19529
19513
19535
19523
19524
19513
19524
19526
19525
19522
19525
19510
19520
19532
19513
19522
19510
19529
19522
19512
19525
19518
19522
19519
19521
19527
19510
19520
19528
19519
19523
19529
19523
19518
19517
19532
19525
19517
19525
19522
19523
19523
19517
19511
19526
19518
19514
19526
19517
19520
19521
19516
19521
19522
19526
19518
19519
19537
19510
19522
19520
19523
19509
19534
17303
16319
17609
18174
18372
18412
18417
18421
18413
18406
18400
18405
18403
18401
18398
18401
18404
18405
18399
18396
18403
18396
18404
18407
18397
18403
18403
18398
18404
18395
18403
18406
18402
18404
18398
18397
18401
18401
18395
18403
18399
18407
18401
18402
18406
18403
18397
18401
18405
18408
18402
18403
18401
18405
18404
18401
18399
18403
18405
18409
18412
18401
18396
18401
18406
18400
18388
18402
18412
18396
18401
18405
18398
18404
18397
18401
18400
18397
18403
18401
18399
18395
18406
18400
18395
18395
18401
18401
18403
18397
18402
18406
18405
18405
18399
18402
18409
18404
18401
18401
18401
21106
21788
21155
20800
20526
20280
20042
19805
19576
19358
19121
19230
19441
19550
19574
19533
19516
19522
19524
19506
19522
19528
19520
19510
19519
19516
19524
19516
19522
19517
19525
19524
19521
19518
19512
19515
19512
19516
19501
19522
19517
19517
19516
19502
19521
19520
19515
19515
19521
19515
19508
19516
19517
19522
19513
19509
19524
19519
19517
19515
19520
19520
19517
19513
19528
19508
19512
19527
19509
19521
19527
19523
19513
19529
19506
19520
19517
19517
19524
19517
19514
19516
19518
19518
19520
19518
19515
19510
19521
19512
19525
19519
19513
19517
19519
19522
19513
19521
19520
19522
19508
19520
19525
19507
19526
19516
19515
19511
19516
19510
19509
19519
19521
19512
19525
19507
19520
19522
19511
19520
19521
19517
19525
19516
19521
19523
19519
19521
19510
19529
19521
19509
19520
19516
19517
19523
19515
19515
19519
19518
19514
19518
19521
19510
19521
19518
19517
19523
19514
19517
19529
19512
19517
19518
19507
19519
19525
19515
19531
19520
19512
19511
19527
19518
19527
19516
19518
19517
19520
19505
19519
19521
19512
19521
19504
19517
19525
19519
19519
19520
19510
19518
19507
19518
19519
19511
19516
19514
19525
19516
19517
19516
19514
19513
19505
19516
19521
19517
19515
19516
19518
19516
19518
19517
19500
19522
19511
19501
19518
19513
19526
19505
19525
19516
19510
19517
19511
19516
19507
19525
19515
19504
19530
19506
19525
19514
19515
19516
19516
19511
19519
19514
19522
19502
19512
19530
19508
19514
19513
19514
19512
19515
19516
19507
19526
19515
19524
19510
19507
19516
19523
19509
19510
19519
19507
19530
19514
19506
19515
19518
19514
19510
19507
19522
19515
19519
19506
19506
19506
19524
19513
19512
19510
19511
19522
19514
19509
19514
19501
19522
19516
19524
19521
19505
19522
19505
19525
19521
19516
19515
19509
19518
19516
19505
19513
19518
19522
19522
19506
19515
19510
19521
19504
19511
19518
19507
19514
19511
19518
19514
19515
19508
19507
19526
19510
19515
19519
19517
19513
19524
19512
19513
19522
19509
19512
19507
19513
19518
19517
19522
19509
19520
19504
19524
19514
19507
19512
19520
19514
