18225
18267
18721
18936
18983
18976
18961
18952
18949
18950
18954
18944
18948
18946
19008
18948
18947
18949
18948
18942
18949
18954
19008
18941
18945
18948
18946
18947
18951
18947
18955
18949
18942
18948
18949
18946
18956
18948
18946
18945
18946
18950
18949
18947
18951
18949
18951
18952
18950
18951
18958
18956
18952
18950
18953
18955
18954
18957
18949
18943
18953
18948
18945
18947
18954
18953
18950
18954
18952
18947
18948
18943
18947
18952
18949
18941
18949
18951
18948
18948
18950
18950
18951
18956
18949
18952
18954
18951
18945
18949
18949
18950
18948
18943
18951
19099
19975
19806
19425
19160
19160
19194
19184
19192
19195
19192
19198
19190
19186
19190
19193
19194
19196
19178
19200
19182
19195
19194
19190
19194
19188
19206
19174
19199
19193
19181
19187
19197
19186
19191
19192
19190
19193
19180
19199
19189
19199
19181
19192
19189
19191
19183
19195
19196
19192
19184
19202
19181
19205
19182
19197
19194
19195
19192
19184
19205
19199
19182
19196
19195
19195
19183
19199
19198
19183
19202
19178
19202
19187
19189
19193
19196
19190
19187
19184
19205
19190
19198
19184
19196
19190
19186
19203
19182
19196
19188
19202
19168
19200
19195
18282
18245
18711
18938
18981
18972
18968
18953
18949
18951
18953
18946
18955
18957
18956
18955
18953
18950
18957
18952
18948
18953
18954
18944
18954
18949
18945
18947
18947
18951
18954
18951
18950
18950
18947
18948
18951
18955
18948
18949
18953
18948
18947
18953
18950
18955
18948
18942
18943
18956
18948
18951
18950
18952
18951
18954
18959
18944
18953
18954
18951
18947
18956
18951
18947
18955
18948
18949
18952
18948
18948
18951
18954
18949
18955
18952
18946
18953
18952
18953
18951
18949
18941
18950
18943
18947
18947
18951
18943
18947
18955
18949
18950
18948
18949
19061
19962
19781
19406
19176
19165
19197
19186
19196
19189
19196
19194
19179
19199
19177
19203
19181
19192
19194
19191
19185
19190
19192
19188
19184
19190
19193
19191
19186
19185
19187
19188
19198
19186
19194
19188
19188
19185
19184
19190
19187
19193
19188
19191
19187
19188
19195
19187
19196
19188
19180
19199
19194
19186
19190
19195
19193
19190
19200
19190
19187
19199
19189
19184
19197
19198
19179
19187
19204
19193
19195
19195
19195
19190
19157
19181
19196
19190
19193
19190
19184
19195
19188
19191
19202
19182
19192
19190
19186
19182
19196
19180
19192
19192
19193
18360
18216
18688
18926
18981
18977
18963
18962
18951
18951
18952
18957
18946
18951
18951
18946
18953
18956
18948
18952
18954
18953
18953
18955
18950
18944
18950
18959
18954
18954
18952
18951
18952
18951
18953
18955
18953
18955
18953
18948
18951
18950
18947
18950
18953
18945
18953
18953
18946
18945
18952
18954
18947
18950
18954
18948
18950
18951
18947
18956
18951
18949
18951
18947
18955
18950
18951
18948
18948
18950
18953
18949
18946
18951
18940
18951
18945
18938
18941
18949
18952
18944
18950
18950
18946
18948
18944
18945
18952
18945
18947
18950
18952
18944
18941
19019
19935
19822
19426
19178
19182
19183
19184
19187
19193
19195
19192
19194
19188
19190
19190
19177
19194
19192
19185
19196
19179
19202
19188
19184
19197
19181
19194
19193
19192
19184
19191
19182
19192
19187
19184
19187
19181
19205
19177
19191
19194
19181
19197
19188
19189
19193
19196
19196
19197
19200
19182
19201
19195
19188
19196
19185
19180
19203
19174
19192
19197
19188
19190
19189
19191
19177
19197
19190
19193
19198
19187
19187
19195
19199
19188
19188
19194
19199
19189
19194
19188
19194
19200
19200
19186
19188
19190
19188
19190
19190
19196
19184
19198
19196
18429
18191
18670
18923
18982
18980
18961
18958
18951
18946
18949
18954
18950
18953
18958
18949
18950
18954
18958
18948
18949
18952
18949
18951
18951
18955
18953
18952
18956
18949
18951
18953
18952
18953
18957
18947
18950
18952
18950
18956
18952
18946
18953
18952
18950
18952
18953
18951
18958
18953
18952
18955
18954
18947
18952
18958
18954
18949
18954
18947
18948
18953
18957
18954
18954
18950
18949
18957
18955
18949
18953
18956
18951
18946
18952
18954
18954
18956
18953
18953
18957
18948
18951
18955
18948
18949
18953
18955
18951
18950
18951
18954
18954
18950
18945
18971
19893
19882
19479
19196
19157
19188
19184
19189
19187
19198
19192
19196
19189
19191
19193
19190
19200
19196
19181
19196
19197
19193
19193
19188
19196
19189
19205
19181
19196
19196
19194
19195
19184
19193
19192
19188
19196
19185
19195
19186
19190
19197
19187
19188
19192
19195
19197
19196
19195
19194
19193
19182
19197
19184
19198
19194
19192
19188
19195
19199
19201
19184
19204
19185
19192
19195
19191
19196
19191
19196
19183
19202
19182
19195
19197
19200
19177
19193
19189
19189
19192
19184
19194
19193
19191
19194
19203
19191
19192
19191
19193
19188
19200
19203
19194
19190
19190
19187
19194
19203
19193
19193
19195
19188
19192
19190
19197
19188
19192
19198
19178
19203
19197
19196
19193
19187
19192
19190
19203
19191
19189
19193
19200
19187
19197
19199
19192
19192
19185
19199
19183
19200
19196
19192
19194
19184
19195
19197
19193
19198
19190
19194
19201
19183
19203
19192
19193
19195
19197
19192
19206
19199
19198
19180
19195
19197
19195
19188
19200
19191
19203
19193
19194
19202
19188
19197
19186
19183
19201
19199
19197
19199
19180
19195
19197
19208
19191
19188
19191
19195
19203
19193
19188
19195
19209
19186
19264
19180
19202
19195
19197
19200
19188
19197
19194
19195
19201
19183
19202
19183
19197
19188
19192
19197
19193
19204
19189
19195
19202
19186
19204
19199
19196
19184
19195
19197
19209
19190
19187
19198
19197
19188
19194
19196
19193
19176
19190
19199
19201
19191
19184
19199
19192
19195
19202
19181
19192
19197
19198
19197
19193
19194
19198
19190
19191
19188
19195
19199
19192
19192
19194
19199
19184
19200
19190
19193
19190
19203
19194
19183
19202
19192
19193
19195
19198
19180
19196
19199
19186
19196
19196
19192
19198
19195
19195
19199
19203
19190
19200
19201
19191
19190
19193
19208
19192
19194
19193
19193
19195
19198
19200
19185
19208
19195
19197
19189
19206
19193
19183
19192
19193
19179
19195
19191
19194
19192
19190
19195
19198
19194
19186
19196
19184
19193
19194
19200
19194
19186
19202
19180
19199
19191
19196
19198
19187
19181
19189
19206
19181
19195
19186
19202
19185
19187
19192
19201
19193
19182
19197
19199
19200
19191
19193
19197
19184
19194
19191
19187
19202
19179
19200
19187
19200
19196
19192
19198
19188
19193
