16842
17548
18434
18755
18847
18860
18854
18844
18841
18850
18841
18842
18842
18843
18844
18839
18840
18836
18843
18839
18842
18834
18838
18848
18839
18837
18841
18838
18847
18841
18837
18841
18842
18850
18840
18839
18840
18845
18844
18838
18846
18837
18844
18842
18848
18845
18841
18841
18842
18844
18842
18847
18841
18840
18839
18844
18844
18836
18847
18845
18845
18845
18840
18839
18841
18843
18847
18847
18840
18845
18839
18845
18848
18847
18843
18835
18837
18837
18846
18839
18838
18841
18841
18847
18841
18844
18840
18846
18840
18840
18847
18847
18842
18840
18843
18848
18844
18838
18843
19940
21702
21108
20732
20466
20227
20004
19783
19565
19363
19499
19670
19758
19733
19720
19718
19714
19713
19709
19718
19706
19713
19717
19711
19715
19703
19714
19714
19711
19715
19713
19715
19709
19716
19709
19725
19703
19719
19715
19700
19720
19707
19723
19706
19717
19705
19709
19707
19705
19706
19712
19717
19707
19708
19715
19699
19723
19703
19708
19717
19708
19724
19707
19706
19708
19707
19719
19705
19710
19708
19705
19716
19710
19707
19706
19708
19726
19705
19717
19706
19713
19716
19709
19703
19708
19721
19709
19716
19708
19705
19718
19707
19714
19709
18764
16769
17989
18604
18812
18863
18852
18849
18847
18841
18842
18838
18843
18836
18842
18846
18852
18841
18843
18842
18843
18844
18843
18838
18844
18849
18843
18842
18844
18847
18841
18840
18844
18842
18844
18843
18841
18835
18843
18842
18847
18848
18849
18845
18842
18839
18840
18849
18850
18842
18837
18845
18844
18843
18841
18847
18847
18843
18843
18844
18839
18847
18844
18832
18838
18846
18848
18842
18839
18840
18849
18847
18841
18842
18845
18842
18837
18844
18843
18843
18843
18843
18846
18838
18839
18847
18841
18838
18840
18843
18839
18843
18844
18841
18844
18842
18843
18845
18841
18842
21118
21490
20952
20634
20364
20149
19928
19704
19485
19366
19569
19707
19758
19742
19713
19707
19712
19721
19716
19703
19720
19715
19713
19719
19705
19716
19713
19715
19715
19703
19721
19720
19709
19713
19712
19710
19721
19709
19714
19718
19715
19705
19713
19723
19715
19704
19719
19716
19712
19714
19722
19712
19718
19710
19720
19713
19705
19712
19721
19699
19717
19710
19702
19714
19716
19712
19708
19717
19715
19711
19711
19718
19705
19705
19714
19708
19706
19709
19718
19708
19701
19714
19713
19712
19701
19721
19704
19714
19717
19703
19718
19744
19703
19722
17366
17314
18320
18728
18836
18863
18861
18851
18849
18841
18840
18840
18836
18837
18844
18846
18834
18840
18838
18840
18841
18844
18842
18841
18844
18845
18839
18835
18837
18841
18848
18841
18838
18840
18842
18840
18840
18844
18839
18840
18839
18840
18835
18836
18837
18837
18841
18839
18841
18835
18839
18841
18840
18839
18837
18844
18840
18833
18838
18839
18840
18841
18839
18840
18841
18841
18834
18847
18841
18839
18847
18840
18837
18835
18844
18843
18841
18835
18832
18836
18841
18837
18839
18839
18840
18833
18837
18838
18842
18836
18837
18836
18834
18840
18841
18834
18837
18840
18840
19390
21747
21215
20796
20515
20274
20046
19825
19605
19384
19442
19634
19738
19744
19723
19709
19706
19708
19711
19703
19708
19718
19709
19712
19704
19714
19700
19721
19704
19713
19698
19720
19713
19710
19708
19705
19716
19707
19704
19712
19713
19707
19707
19708
19701
19716
19700
19711
19706
19703
19713
19711
19705
19708
19704
19721
19708
19712
19705
19694
19716
19703
19712
19719
19707
19709
19715
19712
19711
19709
19706
19709
19704
19704
19715
19705
19706
19711
19709
19708
19709
19706
19710
19695
19697
19716
19704
19713
19710
19714
19698
19705
19702
19705
19317
16660
17787
18521
18785
18847
18852
18856
18842
18841
18835
18835
18832
18838
18833
18841
18841
18836
18841
18838
18833
18837
18838
18837
18836
18835
18840
18840
18839
18838
18842
18841
18836
18837
18835
18843
18844
18833
18840
18839
18846
18839
18837
18829
18837
18839
18844
18837
18840
18840
18838
18841
18842
18834
18838
18841
18842
18834
18840
18837
18835
18838
18836
18835
18834
18841
18841
18834
18837
18840
18837
18841
18836
18837
18838
18840
18841
18840
18836
18834
18833
18837
18836
18838
18841
18838
18839
18841
18839
18844
18837
18834
18837
18840
18840
18837
18836
18833
18833
18842
20489
21607
21033
20689
20426
20192
19969
19743
19526
19350
19519
19672
19753
19737
19716
19703
19713
19705
19703
19712
19701
19708
19712
19709
19703
19711
19708
19701
19712
19708
19701
19711
19706
19699
19704
19701
19709
19707
19705
19692
19711
19705
19705
19703
19712
19709
19706
19711
19699
19711
19698
19707
19698
19715
19699
19713
19699
19705
19698
19701
19707
19705
19706
19689
19707
19704
19707
19710
19700
19701
19713
19700
19719
19701
19701
19717
19710
19698
19711
19708
19706
19704
19706
19711
19711
19704
19712
19702
19707
19698
19716
19700
19705
19711
19708
19698
19709
19711
19712
19696
19699
19709
19717
19703
19709
19694
19707
19708
19708
19705
19704
19700
19712
19709
19695
19704
19710
19698
19707
19695
19709
19718
19719
19705
19703
19708
19704
19702
19711
19703
19706
19698
19700
19712
19708
19702
19703
19697
19714
19702
19698
19700
19702
19709
19704
19706
19710
19707
19697
19707
19716
19699
19707
19704
19697
19710
19709
19710
19704
19702
19709
19697
19709
19703
19701
19702
19713
19707
19706
19704
19715
19702
19705
19711
19705
19710
19701
19702
19708
19705
19700
19693
19705
19706
19716
19706
19703
19714
19693
19707
19704
19698
19712
19704
19712
19690
19707
19716
19701
19697
19708
19709
19703
19704
19701
19701
19704
19706
19695
19705
19714
19700
19715
19700
19701
19702
19709
19713
19700
19710
19705
19692
19711
19696
19697
19705
19708
19696
19694
19704
19701
19703
19710
19703
19700
19703
19712
19709
19702
19699
19707
19702
19704
19695
19709
19692
19713
19701
19705
19702
19710
19706
19701
19710
19700
19704
19703
19700
19710
19696
19703
19709
19704
19700
19703
19701
19711
19696
19710
19709
19688
19707
19693
19713
19704
19703
19700
19701
19700
19699
19715
19693
19705
19705
19698
19696
19713
19703
19701
19709
19705
19707
19704
19709
19699
19710
19695
19705
19702
19708
19705
19706
19690
19709
19708
19702
19701
19712
19694
19700
19708
19701
19698
19699
19698
19702
19706
19710
19704
19692
19708
19702
19696
19713
19702
19704
19717
19696
19701
19712
19699
19708
19748
19700
19700
19714
19705
19693
19714
19694
19705
19703
19695
19702
