2295
2229
2185
2159
2146
2142
2147
2158
2175
2190
2206
2223
2239
2253
2264
2276
2288
2295
2301
2309
2315
2309
2324
2329
2333
2334
2334
2337
2339
2340
2340
2341
2343
2343
2343
2343
2345
2344
2344
2344
2345
2343
2342
2343
2342
2343
2341
2342
2342
2342
2342
2342
2343
2343
2341
2342
2349
2343
2342
2342
2342
2341
2340
2341
2341
2341
2337
2342
2342
2341
2339
2340
2341
2341
2340
2341
2342
2341
2339
2340
2342
2342
2341
2342
2342
2342
2340
2341
2342
2341
2340
2340
2341
2340
2339
2339
2340
2357
2463
2514
2541
2554
2560
2564
2564
2562
2559
2554
2550
2540
2528
2518
2511
2502
2496
2489
2483
2478
2472
2468
2462
2457
2453
2449
2445
2439
2436
2432
2427
2424
2420
2405
2411
2408
2404
2401
2396
2393
2389
2386
2381
2378
2374
2370
2367
2368
2375
2380
2385
2385
2392
2394
2396
2399
2398
2395
2397
2399
2394
2398
2401
2399
2397
2400
2402
2404
2398
2393
2396
2399
2402
2405
2400
2393
2396
2399
2402
2404
2402
2401
2402
2398
2400
2403
2403
2394
2395
2399
2402
2402
2393
2280
2220
2179
2156
2145
2142
2149
2161
2256
2192
2208
2226
2240
2253
2266
2279
2289
2295
2303
2311
2317
2320
2326
2330
2334
2334
2337
2337
2341
2341
2342
2343
2344
2343
2343
2345
2345
2343
2343
2343
2345
2343
2343
2344
2345
2342
2343
2343
2342
2342
2342
2343
2341
2340
2339
2340
2341
2340
2340
2340
2341
2340
2340
2341
2342
2341
2341
2341
2341
2341
2339
2341
2342
2341
2341
2343
2343
2342
2340
2341
2341
2341
2341
2340
2340
2340
2339
2340
2340
2339
2338
2340
2341
2340
2340
2341
2342
2373
2475
2522
2545
2556
2563
2564
2561
2560
2558
2553
2544
2531
2521
2512
2505
2497
2490
2484
2478
2474
2468
2463
2458
2454
2449
2445
2441
2436
2432
2428
2424
2420
2416
2412
2409
2404
2401
2396
2395
2390
2386
2381
2379
2374
2370
2369
2375
2380
2385
2389
2392
2394
2398
2396
2388
2390
2394
2396
2400
2402
2403
2398
2392
2396
2398
2401
2403
2400
2400
2402
2397
2399
2402
2404
2400
2393
2397
2400
2402
2405
2401
2394
2397
2399
2402
2405
2403
2395
2396
2401
2402
2401
2376
2271
2215
2177
2154
2144
2143
2150
2163
2177
2193
2210
2228
2243
2254
2268
2281
2289
2296
2304
2310
2316
2320
2324
2330
2331
2333
2334
2338
2339
2340
2341
2343
2342
2342
2343
2345
2344
2342
2343
2345
2344
2343
2343
2344
2349
2343
2342
2343
2342
2342
2343
2343
2342
2340
2341
2343
2342
2340
2340
2342
2342
2340
2341
2343
2342
2340
2340
2343
2342
2341
2341
2342
2342
2341
2341
2342
2340
2340
2341
2341
2341
2339
2339
2340
2343
2340
2340
2343
2342
2340
2340
2343
2342
2341
2341
2342
2341
2387
2484
2526
2546
2556
2562
2564
2563
2561
2558
2552
2548
2537
2527
2516
2508
2500
2494
2487
2483
2476
2472
2466
2462
2457
2452
2448
2443
2439
2435
2431
2427
2422
2419
2415
2411
2408
2403
2400
2396
2393
2388
2385
2381
2377
2373
2369
2367
2369
2375
2381
2384
2388
2392
2395
2397
2397
2389
2388
2393
2396
2397
2400
2402
2404
2398
2393
2396
2399
2402
2404
2400
2400
2403
2399
2399
2402
2400
2398
2402
2404
2400
2393
2397
2399
2402
2402
2398
2401
2402
2398
2401
2403
2354
2252
2200
2169
2149
2142
2145
2155
2167
2182
2199
2217
2234
2246
2259
2270
2282
2289
2298
2307
2313
2318
2322
2328
2332
2334
2334
2338
2340
2341
2341
2343
2343
2343
2342
2345
2344
2343
2343
2345
2344
2343
2343
2344
2344
2342
2342
2343
2343
2343
2342
2343
2344
2342
2343
2343
2342
2342
2341
2341
2342
2342
2341
2342
2342
2343
2340
2342
2342
2340
2340
2340
2343
2342
2340
2341
2343
2341
2340
2341
2342
2342
2340
2342
2343
2342
2340
2341
2343
2342
2339
2341
2341
2340
2339
2341
2341
2341
2408
2493
2531
2548
2558
2562
2563
2562
2560
2556
2551
2540
2529
2518
2510
2502
2495
2488
2482
2477
2472
2467
2462
2457
2452
2448
2443
2439
2435
2430
2427
2422
2418
2415
2411
2407
2403
2400
2395
2392
2388
2384
2381
2376
2374
2369
2371
2376
2381
2385
2389
2392
2395
2398
2394
2395
2398
2400
2401
2394
2391
2395
2398
2400
2402
2404
2399
2401
2403
2397
2392
2397
2400
2403
2404
2400
2402
2401
2404
2398
2395
2398
2402
2405
2399
2400
2404
2400
2400
2403
2401
2400
2403
2402
2395
2397
2399
2401
2404
2398
2402
2403
2398
2403
2404
2405
2397
2395
2399
2402
2404
2399
2394
2397
2400
2402
2405
2401
2401
2404
2400
2393
2397
2421
2402
2405
2403
2401
2400
2398
2402
2404
2404
2396
2397
2400
2403
2404
2399
2402
2404
2398
2395
2398
2400
2403
2407
2400
2402
2401
2398
2402
2405
2401
2394
2399
2401
2403
2405
2404
2395
2397
2401
2403
2406
2405
2397
2397
2400
2403
2399
2401
2403
2405
2399
2395
2398
2402
2403
2402
2400
2403
2401
2399
2403
2405
2402
2395
2397
2399
2402
2405
2403
2395
2397
2400
2401
2404
2404
2395
2395
2399
2402
2401
2405
2396
2395
2398
2400
2401
2404
2420
2402
2403
2405
2397
2395
2399
2402
2403
2406
2398
2395
2398
2401
2404
2405
2407
2399
2395
2400
2402
2405
2401
2395
2398
2399
2403
2404
2407
2400
2394
2398
2401
2404
2406
2402
2394
2398
2400
2402
2405
2402
2401
2404
2402
2395
2395
2399
2401
2403
2406
2403
2393
2398
2400
2402
2404
2404
2395
2396
2400
2402
2404
2405
2396
2395
2399
2402
2403
2405
2397
2394
2398
2400
2404
2404
2398
2394
2398
2400
2403
2405
2399
2402
2403
2406
2398
2394
2398
2401
2403
2400
2399
2403
2401
2398
2403
2401
2398
2403
2401
2398
2402
2401
2398
2401
2403
2402
2394
2394
2399
2401
2403
2401
2420
2401
2403
2399
2401
2402
2399
2401
2403
2397
2400
2403
2403
2395
2394
2398
2401
2402
2404
2400
2401
2397
2416
2401
2404
2398
2393
2397
2399
