4257
3921
3889
3966
4077
4177
4270
4343
4409
4456
4497
4524
4549
4564
4576
4588
4596
4597
4600
4602
4607
4604
4610
4606
4607
4603
4607
4606
4606
4605
4608
4606
4606
4602
4603
4601
4601
4601
4605
4604
4602
4603
4603
4602
4602
4601
4599
4602
4602
4603
4602
4602
4601
4604
4600
4602
4600
4605
4602
4602
4598
4603
4602
4604
4602
4602
4601
4605
4601
4604
4601
4603
4600
4605
4602
4603
4596
4604
4602
4602
4601
4604
4600
4604
4604
4604
4603
4602
4604
4604
4601
4600
4603
4603
4601
4602
4603
4601
4603
4602
4602
4811
5418
5549
5541
5507
5458
5398
5353
5318
5288
5262
5240
5219
5199
5181
5164
5147
5130
5114
5098
5080
5067
5053
5038
5023
5008
4993
4978
4963
4949
4934
4919
4904
4891
4876
4860
4847
4844
4817
4803
4790
4775
4768
4791
4807
4821
4837
4849
4861
4870
4878
4885
4888
4892
4899
4903
4898
4893
4894
4886
4882
4890
4886
4882
4878
4889
4883
4885
4873
4885
4888
4875
4886
4890
4875
4885
4885
4881
4885
4885
4874
4886
4886
4875
4886
4883
4887
4870
4882
4888
4884
4880
4874
4330
3933
3886
3956
4068
4170
4264
4340
4404
4451
4493
4524
4548
4562
4579
4586
4596
4599
4606
4605
4607
4606
4607
4603
4608
4606
4607
4605
4606
4604
4606
4601
4602
4599
4602
4604
4605
4602
4600
4602
4603
4602
4603
4603
4596
4602
4602
4602
4599
4600
4598
4601
4601
4604
4602
4604
4602
4601
4599
4602
4598
4601
4601
4603
4600
4604
4602
4603
4600
4601
4599
4603
4600
4603
4599
4602
4601
4601
4599
4603
4602
4605
4602
4602
4601
4600
4599
4602
4601
4602
4603
4603
4600
4600
4603
4603
4600
4602
4602
4601
4602
4760
5392
5546
5544
5512
5461
5404
5354
5318
5289
5262
5239
5216
5199
5181
5164
5146
5130
5114
5098
5083
5067
5053
5037
5022
5008
4993
4978
4963
4949
4934
4919
4904
4889
4874
4860
4845
4831
4817
4801
4788
4773
4768
4791
4812
4823
4838
4848
4861
4870
4877
4882
4886
4892
4896
4902
4903
4884
4893
4887
4895
4880
4884
4891
4875
4886
4883
4875
4888
4882
4891
4875
4881
4888
4871
4883
4884
4887
4881
4877
4888
4873
4879
4891
4875
4892
4886
4883
4883
4885
4881
4883
4886
4380
3941
3881
3951
4056
4160
4259
4335
4402
4448
4488
4519
4544
4561
4576
4583
4594
4598
4604
4603
4607
4606
4608
4606
4608
4605
4608
4605
4606
4605
4605
4603
4606
4604
4603
4599
4601
4602
4601
4601
4601
4601
4602
4603
4602
4600
4601
4602
4600
4600
4603
4604
4602
4603
4601
4603
4603
4602
4601
4603
4600
4601
4600
4603
4600
4604
4601
4604
4603
4600
4602
4602
4602
4600
4603
4604
4602
4605
4604
4605
4601
4605
4601
4603
4602
4604
4602
4603
4602
4603
4601
4604
4603
4604
4602
4602
4600
4601
4596
4602
4603
4711
5372
5545
5547
5514
5464
5403
5356
5320
5290
5263
5240
5219
5199
5181
5164
5147
5130
5115
5099
5083
5067
5053
5038
5023
5008
4993
4978
4962
4948
4934
4919
4904
4889
4874
4860
4845
4831
4817
4802
4788
4773
4770
4794
4809
4822
4836
4848
4858
4868
4877
4883
4886
4893
4897
4901
4897
4897
4880
4888
4891
4875
4886
4884
4888
4872
4880
4891
4875
4883
4887
4887
4875
4878
4890
4886
4883
4892
4881
4878
4888
4883
4883
4873
4885
4886
4874
4885
4890
4874
4886
4888
4875
4477
3972
3883
3941
4047
4149
4249
4332
4393
4443
4485
4515
4542
4559
4576
4585
4596
4598
4605
4604
4812
4606
4611
4608
4609
4607
4609
4605
4609
4605
4605
4602
4605
4602
4603
4604
4606
4603
4605
4603
4604
4603
4605
4604
4603
4601
4602
4602
4601
4601
4601
4605
4604
4601
4603
4605
4602
4602
4603
4603
4600
4600
4603
4603
4600
4603
4601
4603
4603
4605
4604
4602
4603
4605
4603
4605
4602
4605
4602
4604
4601
4602
4598
4602
4602
4605
4603
4604
4601
4603
4600
4602
4601
4603
4603
4605
4602
4602
4601
4601
4602
4667
5328
5538
5546
5517
5472
5415
5365
5328
5297
5271
5248
5227
5206
5188
5170
5154
5137
5120
5105
5090
5073
5058
5040
5028
5014
4999
4985
4969
4955
4940
4926
4910
4895
4880
4866
4851
4837
4822
4807
4794
4778
4766
4788
4802
4817
4833
4845
4856
4866
4874
4881
4885
4891
4895
4899
4905
4890
4890
4896
4894
4889
4889
4876
4888
4885
4883
4886
4882
4884
4881
4880
4884
4873
4886
4883
4887
4871
4881
4893
4881
4881
4883
4885
4884
4875
4887
4882
4884
4871
4882
4888
4885
4879
4876
4886
4887
4882
4885
4880
4883
4884
4881
4885
4885
4875
4877
4886
4880
4889
4885
4884
4881
4885
4880
4883
4870
4883
4886
4886
4874
4878
4884
4885
4887
4871
4882
4882
4886
4882
4875
4887
4874
4878
4888
4876
4878
4889
4884
4888
4885
4892
4876
4886
4871
4879
4889
4883
4885
4883
4882
4887
4873
4885
4880
4887
4882
4879
4888
4873
4880
4890
4874
4880
4890
4877
4892
4890
4878
4880
4890
4881
4879
4890
4884
4878
4889
4884
4880
4885
4870
4882
4891
4879
4880
4889
4884
4880
4882
4884
4882
4873
4884
4886
4886
4881
4889
4874
4892
4885
4883
4885
4871
4883
4888
4871
4882
4891
4876
4879
4890
4878
4878
4892
4885
4884
4883
4892
4872
4885
4891
4874
4882
4890
4873
4881
4889
4882
4878
4887
4884
4875
4886
4885
4873
4885
4886
4873
4884
4893
4876
4880
4887
4884
4872
4874
4885
4883
4886
4881
4888
4871
4882
4889
4883
4884
4887
4868
4878
4887
4886
4882
4884
4883
4871
4885
4885
4871
4883
4886
4885
4886
4872
4885
4887
4883
4881
4886
4870
4882
4887
4883
4883
4885
4881
4887
4871
4881
4892
4882
4878
4887
4870
4878
4887
4880
4883
4884
4879
4881
4882
4878
4882
4880
4884
4882
4879
4890
4874
4878
4885
4882
4885
4871
4881
4887
4883
4876
4874
4884
4890
4873
4880
4891
4894
4880
4886
4882
4880
4871
4883
4880
4885
4879
4888
4872
4879
4888
4880
4877
4887
