8171
7848
8248
8607
8858
9015
9106
9157
9189
9205
9207
9210
9210
9209
9209
9208
9204
9206
9199
9196
9200
9200
9202
9200
9199
9202
9198
9198
9199
9200
9201
9202
9203
9199
9197
9198
9200
9203
9203
9202
9201
9203
9200
9201
9200
9200
9200
9205
9203
9200
9205
9204
9198
9199
9200
9203
9201
9201
9200
9204
9199
9201
9200
9200
9197
9199
9201
9200
9201
9199
9201
9199
9201
9203
9202
9201
9200
9203
9203
9202
9198
9199
9202
9202
9202
9202
9205
9203
9206
9203
9202
9199
9212
9199
9204
9205
9201
9201
9204
9201
9196
10633
11076
10923
10722
10589
10490
10407
10335
10270
10205
10146
10084
10025
9966
9908
9849
9790
9732
9675
9617
9560
9549
9621
9677
9716
9754
9774
9794
9787
9775
9776
9750
9763
9765
9766
9755
9762
9754
9759
9765
9755
9764
9749
9766
9766
9753
9766
9759
9753
9764
9758
9759
9765
9752
9767
9750
9766
9759
9770
9749
9757
9770
9754
9768
9759
9760
9764
9750
9764
9771
9754
9765
9765
9754
9760
9763
9757
9752
9770
9758
9761
9765
9761
9764
9758
9765
9754
9767
9765
9751
9763
9765
9759
9111
7803
8039
8447
8756
8948
9071
9136
9179
9198
9209
9208
9212
9211
9210
9205
9203
9208
9202
9203
9201
9198
9204
9204
9202
9202
9200
9201
9200
9200
9202
9203
9198
9198
9200
9198
9202
9200
9203
9204
9200
9199
9202
9205
9203
9201
9196
9197
9204
9203
9200
9200
9202
9200
9203
9203
9200
9201
9200
9200
9198
9198
9202
9202
9199
9201
9201
9201
9203
9202
9200
9200
9202
9202
9198
9201
9201
9202
9201
9199
9202
9203
9203
9203
9204
9212
9199
9199
9200
9199
9197
9198
9197
9196
9198
9200
9199
9198
9199
9200
9198
9771
11060
11007
10806
10641
10528
10440
10366
10297
10230
10168
10110
10048
9990
9930
9872
9813
9755
9697
9639
9582
9533
9589
9654
9703
9742
9766
9785
9803
9774
9760
9773
9757
9763
9755
9760
9760
9755
9766
9763
9751
9764
9763
9760
9756
9756
9766
9764
9762
9750
9759
9763
9756
9763
9761
9750
9765
9761
9755
9762
9746
9755
9763
9764
9761
9764
9752
9765
9763
9755
9768
9765
9756
9763
9748
9769
9765
9752
9752
9767
9752
9760
9761
9756
9760
9767
9756
9749
9762
9757
9769
9752
9752
9738
8116
7858
8261
8616
8868
9021
9107
9161
9188
9204
9210
9212
9208
9204
9206
9200
9197
9201
9199
9204
9212
9197
9198
9203
9201
9199
9199
9198
9196
9198
9196
9200
9198
9198
9199
9200
9198
9199
9197
9199
9197
9198
9199
9198
9200
9201
9199
9200
9202
9198
9197
9197
9203
9201
9212
9201
9199
9203
9198
9201
9199
9198
9199
9199
9200
9201
9201
9199
9195
9192
9201
9199
9204
9198
9201
9199
9195
9194
9199
9200
9197
9199
9199
9201
9201
9201
9201
9212
9196
9200
9198
9200
9201
9200
9197
9199
9200
9200
9199
9201
9202
10697
11073
10906
10705
10573
10476
10396
10324
10259
10195
10134
10073
10013
9955
9896
9837
9780
9721
9663
9605
9548
9552
9631
9688
9731
9761
9781
9804
9784
9771
9772
9764
9769
9754
9755
9770
9754
9757
9761
9760
9761
9758
9763
9761
9759
9752
9762
9764
9765
9749
9758
9762
9763
9761
9764
9760
9756
9769
9752
9751
9769
9754
9759
9765
9755
9767
9751
9767
9765
9749
9757
9770
9753
9760
9760
9761
9751
9767
9759
9757
9767
9765
9766
9752
9768
9762
9757
9760
9751
9765
9762
9749
9760
9082
7800
8053
8452
8756
8950
9068
9138
9175
9200
9209
9214
9211
9213
9206
9200
9200
9200
9201
9204
9200
9200
9200
9212
9203
9198
9202
9197
9198
9199
9198
9212
9204
9200
9202
9199
9198
9198
9196
9197
9200
9204
9202
9202
9198
9200
9198
9196
9200
9201
9198
9204
9201
9201
9212
9200
9202
9200
9199
9196
9200
9201
9203
9198
9197
9198
9197
9201
9202
9198
9196
9198
9197
9199
9196
9201
9203
9202
9201
9203
9201
9200
9201
9200
9200
9201
9201
9199
9198
9198
9199
9199
9197
9199
9198
9199
9198
9202
9204
9199
9202
9765
11062
11012
10794
10631
10520
10433
10356
10288
10224
10161
10100
10040
9980
9922
9868
9804
9745
9687
9629
9572
9532
9597
9661
9713
9749
9768
9787
9795
9773
9772
9764
9753
9756
9762
9764
9762
9749
9761
9763
9758
9762
9759
9748
9766
9764
9750
9765
9758
9751
9753
9769
9755
9758
9766
9761
9759
9747
9765
9765
9750
9748
9765
9767
9754
9767
9753
9758
9772
9755
9764
9753
9756
9752
9766
9759
9756
9767
9767
9750
9765
9761
9761
9751
9754
9767
9754
9767
9747
9758
9761
9762
9762
9763
9758
9757
9763
9758
9767
9750
9763
9762
9763
9761
9759
9761
9765
9747
9768
9761
9744
9769
9757
9759
9772
9763
9759
9753
9754
9770
9752
9760
9767
9757
9762
9762
9752
9768
9761
9759
9768
9754
9767
9758
9763
9761
9763
9752
9761
9747
9766
9766
9757
9766
9753
9764
9766
9748
9763
9759
9752
9757
9764
9766
9751
9771
9757
9757
9760
9761
9764
9748
9762
9757
9761
9749
9764
9765
9772
9765
9754
9766
9751
9767
9753
9766
9748
9758
9768
9751
9767
9763
9758
9762
9745
9767
9752
9768
9748
9755
9766
9770
9752
9766
9758
9761
9747
9767
9749
9762
9763
9765
9755
9755
9759
9769
9758
9765
9748
9763
9764
9756
9743
9769
9756
9754
9765
9757
9756
9749
9765
9764
9759
9753
9765
9755
9769
9756
9765
9758
9765
9751
9763
9762
9751
9767
9765
9748
9760
9760
9761
9757
9742
9758
9762
9758
9771
9753
9766
9753
9764
9756
9766
9745
9765
9765
9753
9762
9759
9760
9749
9766
9764
9763
9742
9766
9758
9769
9747
9767
9761
9755
9763
9764
9753
9766
9750
9768
9748
9773
9754
9772
9763
9772
9756
9764
9762
9749
9753
9766
9767
9750
9755
9761
9759
9754
9760
9755
9753
9759
9760
9745
9763
9762
9755
9752
9752
9757
9756
9759
9745
9766
9747
9765
9763
9758
9752
9755
9756
9764
9747
9755
9766
9755
9762
9759
9756
9747
9764
9762
9745
9757
9759
9763
9745
9769
9752
9764
9745
9754
