4664
4490
4434
4452
4502
4570
4627
4679
4714
4747
4767
4788
4797
4807
4810
4816
4817
4821
4820
4821
4817
4818
4818
4816
4813
4815
4814
4815
4814
4816
4812
4815
4815
4815
4813
4813
4812
4814
4813
4814
4813
4812
4811
4813
4814
4813
4814
4811
4814
4815
4815
4814
4815
4814
4812
4812
4813
4811
4813
4812
4814
4814
4817
4815
4814
4812
4813
4812
4812
4810
4812
4808
4812
4812
4812
4811
4815
4813
4815
4812
4814
4811
4813
4812
4814
4813
4814
4812
4815
4812
4812
4812
4814
4812
4812
4811
4815
4970
5178
5228
5237
5229
5212
5176
5139
5112
5088
5066
5046
5028
5011
4995
4979
4964
4949
4934
4924
4904
4890
4876
4866
4886
4897
4903
4913
4921
4906
4917
4927
4926
4913
4925
4927
4927
4924
4931
4918
4922
4929
4924
4925
4928
4924
4921
4930
4914
4923
4926
4927
4960
4916
4928
4925
4932
4920
4923
4933
4923
4922
4931
4926
4925
4917
4929
4924
4933
4918
4922
4930
4926
4922
4925
4927
4922
4924
4928
4916
4921
4932
4919
4922
4929
4924
4926
4928
4923
4925
4928
4923
4925
4916
4673
4490
4432
4448
4504
4570
4629
4675
4715
4745
4771
4784
4798
4805
4812
4815
4817
4817
4819
4818
4819
4817
4818
4817
4816
4816
4817
4816
4815
4814
4814
4815
4815
4813
4813
4813
4815
4814
4816
4816
4812
4813
4812
4812
4814
4813
4811
4812
4812
4814
4812
4814
4814
4815
4811
4813
4812
4812
4810
4813
4813
4813
4812
4813
4811
4814
4812
4814
4813
4816
4815
4816
4811
4814
4814
4817
4813
4814
4808
4812
4811
4813
4813
4816
4813
4813
4812
4814
4813
4816
4814
4816
4813
4814
4812
4816
4812
4955
5172
5228
5238
5236
5213
5172
5137
5108
5084
5063
5044
5026
5010
4994
4977
4961
4947
4933
4918
4908
4889
4875
4870
4891
4907
4906
4915
4924
4908
4917
4927
4926
4921
4924
4925
4923
4924
4925
4914
4927
4928
4928
4929
4918
4930
4919
4920
4931
4927
4930
4915
4926
4933
4917
4926
4934
4918
4925
4934
4920
4925
4926
4930
4923
4921
4931
4926
4921
4931
4928
4919
4931
4918
4922
4932
4920
4923
4932
4923
4922
4931
4926
4923
4932
4917
4924
4933
4919
4924
4930
4926
4922
4931
4684
4492
4430
4448
4500
4565
4623
4676
4713
4744
4766
4784
4796
4809
4812
4818
4818
4819
4818
4819
4816
4816
4816
4815
4815
4818
4817
4817
4815
4816
4816
4815
4814
4813
4813
4814
4813
4812
4814
4813
4813
4814
4813
4813
4814
4815
4815
4812
4814
4812
4814
4813
4814
4814
4813
4814
4813
4813
4812
4811
4814
4813
4815
4812
4815
4815
4817
4814
4814
4812
4814
4812
4813
4812
4814
4811
4814
4811
4815
4812
4815
4813
4814
4811
4814
4811
4814
4811
4814
4812
4815
4814
4817
4813
4814
4813
4814
4933
5169
5227
5238
5232
5215
5178
5141
5113
5088
5067
5048
5029
5013
4996
4980
4964
4950
4934
4920
4906
4892
4878
4867
4885
4902
4913
4911
4918
4916
4920
4921
4924
4925
4925
4914
4927
4927
4928
4924
4927
4925
4922
4930
4912
4924
4931
4925
4923
4931
4914
4925
4932
4926
4923
4926
4960
4928
4917
4929
4926
4923
4927
4924
4925
4928
4915
4922
4931
4925
4922
4930
4918
4921
4931
4921
4922
4932
4924
4920
4929
4925
4919
4930
4926
4927
4915
4927
4931
4928
4925
4925
4928
4913
4719
4504
4435
4443
4494
4558
4620
4668
4711
4742
4765
4783
4798
4803
4809
4812
4816
4815
4817
4818
4820
4818
4820
4817
4817
4814
4816
4815
4815
4813
4813
4812
4813
4811
4812
4812
4813
4812
4813
4812
4811
4811
4812
4813
4812
4812
4811
4812
4811
4812
4812
4812
4813
4813
4813
4815
4815
4815
4815
4812
4812
4813
4810
4812
4811
4813
4812
4813
4811
4814
4813
4816
4814
4814
4811
4811
4810
4813
4812
4815
4813
4813
4810
4813
4812
4814
4812
4815
4814
4813
4811
4814
4812
4814
4809
4812
4812
4913
5154
5221
5236
5231
5215
5184
5146
5117
5093
5070
5050
5032
5014
4997
4982
4967
4952
4937
4922
4907
4893
4879
4866
4881
4898
4906
4908
4918
4918
4922
4918
4928
4917
4919
4930
4925
4923
4927
4921
4917
4928
4928
4929
4925
4922
4931
4918
4920
4928
4927
4930
4917
4928
4926
4929
4925
4923
4916
4929
4929
4924
4926
4972
4917
4929
4930
4918
4929
4927
4930
4914
4926
4932
4916
4925
4933
4917
4924
4933
4918
4923
4933
4920
4925
4931
4927
4922
4918
4930
4926
4919
4931
4926
4960
4916
4926
4928
4916
4927
4932
4916
4926
4927
4929
4915
4923
4932
4929
4920
4932
4920
4922
4931
4922
4922
4931
4926
4923
4925
4928
4923
4927
4912
4924
4930
4914
4925
4930
4914
4925
4932
4916
4926
4934
4918
4926
4928
4928
4929
4918
4929
4924
4920
4930
4924
4926
4929
4925
4927
4925
4925
4928
4915
4928
4932
4916
4926
4927
4930
4915
4924
4932
4917
4923
4928
4928
4925
4933
4920
4922
4930
4915
4926
4933
4927
4926
4918
4930
4928
4918
4929
4919
4920
4930
4921
4921
4930
4924
4919
4929
4928
4923
4926
4925
4914
4926
4933
4916
4924
4927
4926
4928
4915
4927
4924
4930
4918
4920
4929
4919
4918
4927
4925
4928
4923
4930
4913
4924
4925
4928
4923
4916
4927
4927
4923
4925
4927
4929
4915
4916
4929
4923
4927
4926
4928
4914
4926
4930
4928
4925
4929
4924
4920
4928
4924
4931
4914
4924
4931
4915
4925
4931
4925
4925
4922
4924
4925
4927
4923
4925
4927
4922
4930
4916
4920
4930
4925
4927
4924
4921
4927
4926
4929
4915
4924
4929
4925
4921
4923
4926
4921
4916
4927
4932
4915
4926
4926
4927
4927
4924
4926
4926
4923
4924
4926
4924
4923
4926
4926
4927
4916
4928
4930
4915
4926
4925
4930
4926
4923
4926
4925
4922
4925
4925
4928
4923
4925
4927
4920
4917
4928
4923
4930
4916
4922
4932
4928
4918
4930
4928
4917
4928
4929
4915
4927
4935
4919
4923
4930
4927
4931
4916
4927
4931
4915
4926
4932
4926
4923
4931
4914
4923
4930
