69433
72563
72503
72503
72508
72511
72507
72526
72513
72505
72511
72526
72512
72525
72505
72508
72499
72501
72502
72491
72506
72499
72504
72505
72512
72511
72515
72517
72517
72512
72504
72508
72525
72512
72521
72503
72520
72519
72531
72522
72520
72522
72524
72522
72527
72514
72514
72518
72517
72514
72507
72511
72506
72528
72518
72512
72518
72521
72516
72515
72518
72508
72494
72507
72507
72505
72510
72497
72515
72497
72501
72506
72502
72498
72499
72505
72520
72505
72511
72507
72503
72512
72510
72516
72510
72505
72505
72498
72501
72493
72500
72510
72502
72511
72510
72506
72500
72503
78857
75679
75129
75334
75335
75321
75328
75327
75343
75327
75321
75331
75321
75321
75307
75309
75318
75333
75332
75310
75325
75333
75323
75310
75317
75308
75333
75330
75309
75340
75315
75315
75321
75292
75320
75309
75316
75306
75310
75306
75306
75335
75320
75319
75307
75318
75305
75309
75317
75314
75318
75324
75310
75321
75318
75317
75312
75311
75316
75311
75320
75301
75308
75313
75332
75314
75299
75320
75315
75325
75303
75327
75329
75321
75323
75323
75321
75328
75327
75318
75323
75326
75329
75332
75330
75316
75325
75318
75319
75320
75326
75337
75323
75299
71165
72201
72539
72509
72507
72513
72496
72500
72493
72497
72495
72488
72489
72482
72512
72509
72509
72518
72507
72501
72507
72511
72509
72518
72517
72514
72515
72527
72507
72497
72518
72517
72518
72514
72513
72515
72503
72515
72514
72500
72498
72495
72503
72506
72518
72513
72515
72518
72507
72518
72514
72498
72504
72514
72509
72507
72502
72506
72506
72513
72518
72517
72517
72515
72503
72517
72506
72505
72534
72524
72528
72525
72519
72515
72515
72519
72523
72514
72513
72509
72513
72504
72516
72512
72520
72504
72508
72516
72524
72507
72511
72517
72512
72523
72522
72521
72504
72513
75681
77832
74813
75348
75327
75315
75317
75319
75330
75314
75313
75318
75311
75331
75307
75320
75313
75313
75332
75329
75308
75312
75312
75321
75318
75323
75312
75326
75341
75333
75336
75327
75332
75318
75351
75320
75336
75319
75328
75338
75328
75342
75313
75332
75320
75319
75345
75323
75334
75328
75314
75321
75331
75319
75322
75324
75324
75335
75334
75322
75318
75328
75321
75318
75308
75327
75331
75333
75331
75330
75319
75338
75317
75307
75306
75318
75321
75322
75329
75331
75308
75320
75310
75313
75311
75327
75302
75326
75297
75325
75320
75341
75336
75341
75259
69454
72580
72512
72501
72491
72520
72510
72520
72508
72527
72516
72495
72514
72514
72510
72520
72503
72511
72503
72517
72515
72518
72514
72510
72516
72506
72520
72510
72514
72503
72507
72514
72512
72517
72511
72519
72504
72500
72513
72512
72518
72516
72517
72520
72515
72521
72522
72528
72533
72542
72533
72522
72523
72529
72520
72531
72521
72512
72530
72515
72531
72527
72540
72530
72524
72527
72513
72504
72531
72527
72517
72530
72526
72516
72521
72522
72515
72504
72515
72520
72520
72522
72521
72533
72520
72517
72513
72505
72525
72523
72516
72522
72520
72513
72536
72515
72517
72511
78907
75641
75155
75330
75336
75331
75336
75316
75306
75330
75331
75315
75318
75317
75328
75319
75323
75334
75320
75322
75325
75327
75292
75314
75310
75309
75321
75310
75317
75319
75309
75318
75295
75315
75313
75308
75309
75300
75313
75313
75314
75295
75322
75321
75311
75297
75313
75309
75323
75308
75327
75305
75324
75316
75320
75316
75314
75320
75316
75322
75311
75306
75330
75313
75307
75318
75305
75314
75305
75310
75323
75317
75322
75310
75315
75317
75315
75315
75313
75327
75322
75307
75324
75317
75328
75317
75308
75324
75292
75322
75303
75296
75320
75305
71137
72213
72528
72507
72511
72511
72494
72507
72506
72511
72501
72500
72499
72483
72487
72507
72506
72507
72511
72492
72494
72504
72499
72507
72522
72507
72502
72502
72500
72512
72506
72505
72511
72501
72503
72511
72501
72512
72501
72507
72504
72504
72496
72507
72500
72508
72507
72510
72510
72502
72505
72508
72511
72512
72509
72513
72502
72511
72503
72511
72513
72504
72502
72529
72508
72508
72521
72519
72521
72512
72508
72508
72503
72497
72497
72495
72507
72513
72516
72522
72513
72515
72496
72514
72508
72491
72512
72514
72511
72522
72516
72517
72509
72518
72511
72521
72512
72520
75671
77759
74840
75309
75320
75318
75333
75317
75324
75322
75310
75324
75316
75325
75329
75332
75307
75323
75327
75308
75320
75315
75314
75333
75328
75336
75318
75336
75321
75339
75334
75322
75334
75337
75317
75330
75334
75344
75334
75342
75321
75323
75321
75327
75329
75332
75323
75328
75321
75315
75326
75319
75320
75316
75316
75330
75303
75308
75326
75299
75322
75326
75319
75332
75334
75340
75319
75333
75329
75329
75336
75333
75336
75315
75334
75313
75322
75335
75327
75330
75317
75321
75333
75331
75328
75321
75331
75325
75330
75320
75336
75312
75345
75322
75305
75313
75345
75319
75320
75328
75319
75329
75338
75297
75329
75316
75323
75322
75320
75333
75315
75322
75327
75318
75311
75329
75316
75310
75324
75318
75307
75310
75344
75306
75331
75317
75314
75297
75304
75315
75284
75310
75288
75296
75301
75297
75324
75302
75302
75304
75309
75312
75307
75307
75295
75307
75301
75310
75315
75312
75307
75304
75298
75321
75318
75292
75318
75323
75302
75316
75307
75331
75325
75310
75301
75306
75314
75320
75326
75330
75323
75322
75318
75330
75296
75309
75322
75328
75314
75341
75314
75323
75333
75330
75329
75332
75315
75314
75336
75310
75323
75315
75319
75315
75350
75323
75333
75336
75317
75334
75302
75313
75328
75319
75320
75331
75329
75323
75330
75315
75324
75334
75321
75329
75312
75322
75322
75327
75327
75328
75319
75307
75318
75331
75311
75306
75314
75323
75320
75316
75331
75321
75334
75339
75311
75322
75297
75322
75323
75309
75319
75315
75322
75320
75313
75309
75323
75315
75329
75331
75310
75313
75329
75322
75317
75308
75341
75325
75328
75319
75315
75311
75317
75323
75319
75328
75331
75324
75309
75333
75321
75315
75321
75319
75319
75331
75338
75331
75325
75333
75317
75312
75345
75320
75314
75325
75325
75298
75327
75301
75319
75322
75302
75321
75301
75312
75306
75320
75304
75304
75323
75314
75304
75322
75337
75289
75319
75322
75326
75319
75312
75321
75331
75314
75314
75311
75319
75320
75314
75321
75323
75300
75310
75319
75333
75314
75321
75331
75326
75315
75320
75315
75334
75327
75327
75315
75317
75314
75324
75326
75302
75331
75313
75338
75337
75318
75337
75327
75330
