15702
16536
17544
17931
18057
18085
18085
18083
18072
18071
18064
18074
18071
18058
18067
18073
18069
18069
18065
18064
18072
18067
18069
18071
18069
18066
18065
18069
18073
18077
18067
18065
18070
18076
18070
18066
18068
18064
18065
18073
18070
18069
18072
18068
18071
18064
18068
18066
18074
18068
18066
18069
18072
18071
18068
18070
18072
18070
18073
18068
18065
18071
18075
18069
18065
18064
18069
18068
18069
18068
18070
18070
18064
18068
18068
18070
18075
18073
18071
18071
18069
18066
18071
18070
18068
18068
18067
18067
18066
18069
18072
18065
18062
18072
18071
18075
18073
18066
18074
18066
18386
21742
21203
20696
20385
20124
19881
19647
19415
19182
18956
18796
19003
19162
19252
19246
19209
19207
19203
19204
19203
19204
19191
19209
19200
19201
19198
19203
19210
19195
19215
19196
19210
19201
19205
19198
19201
19204
19202
19203
19189
19201
19214
19196
19205
19199
19198
19216
19193
19213
19199
19216
19201
19211
19209
19202
19197
19203
19208
19199
19215
19206
19201
19210
19206
19202
19203
19211
19202
19211
19197
19213
19201
19207
19201
19216
19205
19211
19202
19206
19209
19204
19200
19211
19264
19204
19194
19211
19200
19197
19210
19196
19205
19206
18658
15514
16833
17669
17974
18072
18093
18091
18085
18074
18066
18066
18069
18066
18074
18068
18071
18062
18067
18073
18072
18065
18070
18071
18072
18067
18070
18068
18072
18078
18073
18071
18069
18068
18075
18070
18075
18068
18074
18067
18065
18073
18077
18075
18067
18063
18070
18069
18067
18074
18070
18071
18071
18064
18063
18067
18068
18068
18069
18067
18067
18067
18065
18065
18074
18071
18071
18067
18069
18069
18073
18071
18066
18066
18064
18070
18073
18067
18067
18070
18066
18066
18065
18067
18074
18077
18072
18064
18066
18066
18069
18067
18065
18071
18070
18073
18066
18066
18070
18066
18069
19156
21740
21055
20618
20321
20067
19823
19588
19357
19126
18900
18816
19048
19192
19266
19217
19203
19204
19208
19199
19197
19203
19204
19195
19264
19196
19199
19203
19204
19201
19197
19200
19203
19205
19189
19208
19213
19194
19204
19200
19199
19201
19204
19209
19192
19213
19189
19206
19193
19205
19194
19202
19206
19195
19205
19200
19193
19217
19203
19202
19191
19200
19208
19201
19204
19199
19201
19197
19218
19197
19194
19206
19204
19194
19192
19207
19207
19188
19205
19196
19198
19211
19190
19210
19192
19203
19199
19188
19204
19197
19202
19203
19190
19204
17826
15696
17077
17767
18012
18070
18086
18080
18073
18066
18065
18064
18062
18068
18066
18066
18066
18067
18059
18060
18064
18061
18069
18067
18067
18072
18069
18069
18068
18063
18062
18068
18068
18060
18067
18065
18074
18068
18069
18067
18073
18072
18066
18057
18066
18072
18066
18067
18067
18066
18065
18068
18068
18070
18069
18067
18063
18069
18064
18067
18063
18070
18064
18066
18064
18065
18059
18064
18060
18069
18064
18064
18067
18070
18065
18065
18064
18069
18066
18067
18061
18070
18069
18069
18064
18068
18067
18068
18064
18063
18061
18056
18060
18069
18061
18061
18067
18070
18065
18060
18066
19957
21618
20936
20545
20263
20015
19774
19538
19305
19076
18851
18853
19085
19208
19264
19216
19206
19203
19194
19198
19193
19201
19264
19209
19191
19198
19202
19202
19194
19197
19203
19187
19210
19199
19203
19190
19201
19203
19202
19201
19204
19189
19204
19209
19192
19202
19194
19208
19203
19189
19203
19194
19201
19198
19201
19205
19185
19202
19208
19198
19200
19206
19204
19156
19199
19199
19207
19197
19205
19201
19204
19206
19199
19191
19205
19157
19195
19207
19197
19201
19203
19197
19264
19204
19208
19284
19199
19216
19190
19204
19202
19205
19191
19215
16982
15997
17277
17842
18034
18079
18083
18087
18076
18069
18063
18070
18064
18064
18060
18062
18065
18068
18061
18060
18068
18061
18069
18069
18061
18066
18065
18060
18067
18060
18068
18073
18067
18070
18063
18065
18070
18071
18063
18067
18064
18072
18065
18066
18071
18068
18063
18070
18070
18072
18070
18069
18067
18071
18068
18069
18067
18070
18071
18075
18067
18070
18064
18068
18073
18067
18060
18070
18064
18063
18068
18071
18066
18070
18065
18066
18066
18063
18071
18067
18066
18062
18072
18068
18062
18064
18068
18065
18064
18059
18064
18068
18071
18071
18064
18066
18073
18066
18064
18065
18065
20787
21466
20839
20487
20213
19965
19727
19492
19260
19032
18807
18919
19126
19235
19260
19219
19201
19205
19208
19191
19207
19213
19205
19196
19204
19200
19211
19199
19206
19201
19212
19205
19201
19204
19199
19202
19202
19206
19191
19210
19202
19205
19205
19188
19205
19206
19199
19201
19206
19201
19195
19203
19202
19206
19197
19193
19213
19202
19202
19197
19206
19207
19205
19264
19215
19198
19198
19212
19197
19206
19210
19206
19199
19212
19191
19207
19204
19200
19207
19199
19199
19204
19200
19201
19206
19202
19203
19198
19207
19195
19210
19205
19199
19207
19204
19209
19199
19205
19204
19202
19195
19209
19210
19192
19211
19203
19204
19198
19204
19195
19192
19203
19211
19205
19212
19195
19204
19206
19197
19206
19204
19199
19208
19197
19203
19201
19196
19189
19189
19210
19203
19194
19203
19198
19202
19206
19195
19195
19203
19204
19201
19202
19202
19196
19205
19205
19203
19209
19201
19203
19215
19201
19203
19205
19192
19204
19211
19197
19213
19203
19195
19194
19210
19200
19212
19187
19203
19202
19204
19189
19206
19206
19198
19206
19194
19204
19208
19201
19201
19205
19194
19202
19189
19201
19203
19196
19199
19200
19206
19200
19200
19202
19200
19197
19190
19199
19205
19203
19200
19197
19205
19199
19203
19203
19186
19209
19195
19187
19203
19201
19214
19193
19209
19200
19197
19202
19197
19201
19194
19209
19202
19196
19212
19187
19209
19197
19199
19197
19200
19197
19202
19199
19204
19188
19197
19215
19192
19199
19197
19197
19196
19198
19200
19190
19207
19197
19208
19192
19194
19199
19205
19192
19195
19205
19188
19209
19199
19191
19200
19201
19199
19196
19191
19204
19199
19205
19192
19194
19194
19209
19196
19198
19194
19193
19207
19199
19195
19201
19189
19204
19185
19209
19205
19191
19206
19190
19208
19204
19197
19201
19191
19202
19202
19190
19199
19204
19210
19209
19193
19264
19194
19206
19192
19200
19206
19193
19200
19197
19201
19199
19202
19188
19195
19211
19192
19195
19199
19198
19193
19204
19194
19198
19207
19195
19194
19193
19199
19204
19204
19204
19192
19206
19191
19210
19197
19191
19196
19203
19196
