8560
8263
8557
8842
9030
9147
9213
9264
9260
9265
9268
9263
9259
9262
9253
9255
9258
9258
9256
9255
9249
9253
9255
9255
9254
9253
9255
9260
9255
9253
9257
9259
9255
9254
9254
9254
9253
9255
9253
9253
9255
9256
9256
9255
9253
9250
9257
9259
9253
9252
9255
9256
9257
9254
9256
9258
9256
9257
9252
9249
9254
9253
9256
9257
9257
9256
9251
9251
9255
9256
9255
9254
9259
9258
9259
9256
9254
9252
9256
9258
9257
9256
9257
9254
9250
9253
9254
9254
9255
9257
9256
9251
9256
9260
9257
9255
9256
9257
9752
10460
10437
10292
10150
10052
9971
9902
9837
9774
9715
9656
9596
9538
9480
9447
9512
9559
9589
9597
9592
9605
9600
9615
9599
9611
9606
9608
9586
9613
9598
9605
9610
9607
9606
9599
9606
9598
9600
9606
9609
9596
9613
9597
9595
9612
9603
9604
9615
9603
9610
9601
9607
9603
9605
9599
9614
9607
9596
9664
9614
9597
9607
9610
9600
9614
9601
9610
9602
9605
9611
9603
9604
9609
9605
9608
9602
9600
9608
9612
9605
9596
9611
9612
9594
9607
9609
9606
9602
9610
9603
9607
9603
9605
8993
8242
8449
8759
8984
9121
9201
9239
9261
9271
9265
9264
9259
9258
9259
9257
9259
9257
9257
9255
9252
9255
9254
9255
9257
9259
9254
9255
9254
9256
9254
9258
9257
9259
9255
9256
9259
9256
9256
9257
9257
9258
9255
9255
9256
9253
9258
9254
9255
9257
9260
9258
9255
9258
9258
9253
9257
9257
9257
9257
9256
9258
9256
9253
9253
9255
9256
9251
9251
9253
9258
9255
9254
9254
9255
9252
9252
9253
9255
9255
9251
9254
9255
9256
9255
9253
9256
9253
9252
9255
9254
9254
9254
9251
9255
9252
9255
9258
9432
10401
10461
10334
10177
10072
9987
9916
9849
9787
9727
9666
9606
9549
9491
9441
9499
9549
9584
9614
9603
9608
9598
9605
9598
9610
9597
9611
9595
9604
9609
9591
9613
9598
9600
9608
9557
9604
9605
9607
9608
9595
9610
9595
9610
9610
9604
9597
9607
9602
9599
9607
9597
9610
9596
9609
9598
9595
9612
9602
9603
9607
9603
9608
9604
9597
9600
9610
9610
9594
9610
9603
9594
9608
9609
9595
9611
9600
9606
9606
9607
9605
9599
9610
9606
9604
9598
9612
9597
9609
9612
9596
9605
9609
9347
8316
8352
8669
8920
9084
9175
9226
9254
9261
9268
9263
9262
9260
9258
9258
9256
9254
9258
9254
9256
9252
9256
9253
9253
9252
9251
9252
9253
9253
9254
9255
9252
9256
9257
9256
9254
9251
9253
9254
9261
9257
9254
9253
9254
9253
9261
9255
9253
9253
9256
9257
9261
9258
9254
9252
9253
9255
9254
9255
9256
9254
9256
9255
9255
9253
9252
9257
9256
9256
9249
9252
9252
9255
9255
9257
9257
9252
9254
9255
9252
9258
9253
9252
9253
9257
9254
9252
9254
9254
9253
9255
9254
9253
9256
9254
9250
9253
9253
10168
10475
10394
10225
10107
10015
9941
9871
9807
9746
9686
9628
9570
9511
9454
9467
9531
9571
9601
9605
9599
9607
9589
9607
9605
9597
9612
9602
9607
9597
9612
9596
9595
9611
9598
9604
9611
9607
9590
9606
9607
9607
9597
9605
9607
9611
9594
9610
9595
9612
9602
9610
9596
9603
9610
9606
9597
9608
9606
9608
9597
9596
9612
9601
9604
9607
9602
9599
9603
9604
9602
9601
9590
9611
9607
9602
9594
9608
9591
9605
9609
9594
9603
9607
9599
9606
9606
9606
9588
9612
9596
9612
9600
9575
8516
8274
8572
8851
9037
9151
9173
9249
9262
9253
9267
9267
9267
9259
9254
9254
9255
9257
9254
9250
9253
9256
9256
9252
9253
9255
9254
9246
9252
9253
9255
9255
9250
9253
9251
9253
9251
9254
9256
9253
9255
9254
9250
9249
9253
9256
9256
9252
9254
9255
9254
9255
9255
9252
9253
9251
9251
9251
9253
9251
9251
9252
9255
9248
9252
9255
9258
9258
9255
9252
9251
9252
9251
9249
9252
9255
9253
9251
9254
9257
9251
9253
9253
9255
9254
9252
9248
9252
9253
9255
9251
9255
9252
9252
9252
9253
9251
9255
9808
10468
10435
10286
10148
10050
9971
9901
9836
9773
9712
9653
9595
9537
9479
9435
9494
9544
9579
9605
9629
9610
9607
9611
9603
9610
9599
9608
9606
9597
9613
9614
9599
9608
9606
9604
9595
9608
9613
9594
9616
9608
9601
9605
9613
9599
9610
9596
9610
9608
9604
9594
9618
9601
9610
9594
9604
9609
9610
9606
9602
9603
9598
9615
9605
9612
9599
9609
9594
9605
9611
9603
9606
9600
9613
9608
9600
9604
9598
9612
9606
9609
9598
9612
9593
9605
9616
9599
9609
9607
9605
9611
9595
9596
9615
9598
9596
9609
9611
9603
9606
9611
9592
9605
9614
9599
9601
9608
9610
9597
9609
9604
9612
9595
9613
9594
9607
9612
9601
9611
9607
9596
9601
9615
9600
9610
9596
9609
9603
9606
9607
9593
9609
9603
9603
9606
9684
9601
9609
9593
9611
9592
9608
9604
9609
9607
9602
9607
9602
9606
9596
9601
9609
9600
9613
9596
9615
9596
9610
9608
9608
9600
9609
9604
9601
9605
9600
9607
9602
9607
9606
9599
9598
9615
9601
9611
9602
9603
9607
9599
9603
9611
9600
9613
9598
9599
9607
9609
9613
9592
9607
9605
9590
9604
9605
9596
9612
9599
9611
9607
9604
9594
9616
9597
9596
9610
9603
9597
9610
9604
9601
9610
9595
9605
9607
9605
9603
9602
9612
9590
9609
9595
9611
9604
9607
9591
9606
9603
9608
9592
9600
9611
9606
9603
9596
9608
9594
9599
9611
9601
9600
9605
9610
9598
9608
9593
9605
9605
9611
9592
9611
9607
9597
9607
9597
9610
9595
9600
9612
9594
9603
9612
9603
9601
9607
9608
9594
9601
9611
9603
9607
9601
9605
9608
9604
9609
9594
9597
9613
9595
9601
9613
9603
9611
9593
9611
9606
9599
9607
9606
9602
9604
9604
9603
9604
9603
9601
9607
9593
9612
9598
9610
9605
9600
9608
9610
9602
9607
9611
9603
9601
9608
9604
9598
9597
9612
9604
9611
9601
9603
9602
9612
9593
9612
9611
9590
9610
9595
9609
9612
9596
9603
9607
9608
9605
9599
9609
9604
9605
9599
9602
9609
9591
9611
9607
9591
9614
9603
9608
