36521
37685
37978
37936
37928
37925
37924
37922
37919
37922
37913
37926
37915
37920
37921
37911
37928
37917
37918
37920
37930
37919
37922
37927
37929
37905
37935
37934
37923
37924
37927
37918
37921
37925
37930
37933
37932
37929
37933
37932
37930
37918
37920
37934
37930
37921
37927
37923
37924
37927
37922
37919
37917
37924
37912
37916
37923
37911
37920
37928
37924
37927
37919
37923
37925
37915
37925
37921
37928
37922
37921
37913
37926
37926
37922
37922
37923
37923
37922
37931
37925
37925
37924
37909
37929
37935
37927
37923
37918
37924
37917
37922
37923
37914
37919
38363
39636
38463
38396
38402
38411
38402
38404
38391
38392
38405
38406
38394
38413
38395
38419
38400
38396
38411
38414
38403
38402
38412
38405
38402
38397
38394
38409
38403
38397
38398
38407
38400
38401
38412
38411
38404
38402
38403
38414
38408
38395
38419
38402
38417
38413
38397
38418
38413
38389
38420
38407
38398
38419
38407
38412
38401
38413
38410
38391
38409
38406
38401
38405
38411
38394
38403
38413
38385
38410
38406
38406
38356
38396
38404
38414
38390
38413
38396
38411
38397
38411
38413
38407
38410
38396
38407
38405
38395
38403
38392
38410
38393
38409
38399
36650
37606
37984
37942
37921
37919
37922
37919
37917
37919
37921
37918
37915
37919
37916
37916
37920
37907
37910
37915
37912
37910
37914
37926
37914
37927
37913
37902
37915
37922
37907
37911
37921
37914
37917
37917
37908
37910
37921
37921
37912
37916
37917
37920
37921
37915
37914
37906
37914
37913
37917
37912
37921
37925
37927
37925
37919
37919
37912
37926
37916
37923
37921
37921
37921
37919
37917
37929
37917
37919
37917
37922
37916
37921
37919
37916
37920
37927
37913
37921
37928
37916
37919
37928
37923
37920
37921
37925
37913
37931
37928
37928
37928
37926
37916
38231
39722
38513
38404
38401
38406
38397
38410
38414
38399
38401
38421
38414
38394
38412
38410
38403
38412
38397
38411
38409
38400
38403
38401
38416
38409
38393
38418
38404
38414
38399
38419
38415
38407
38399
38416
38409
38405
38405
38398
38411
38408
38408
38409
38403
38408
38412
38405
38400
38410
38404
38413
38399
38400
38413
38390
38406
38410
38401
38402
38407
38407
38403
38399
38406
38401
38401
38415
38399
38413
38398
38414
38392
38412
38406
38408
38398
38403
38404
38399
38400
38412
38400
38407
38409
38405
38398
38398
38406
38405
38401
38407
38405
38740
38397
36737
37543
37977
37936
37915
37922
37914
37921
37913
37922
37914
37921
37914
37917
37925
37922
37922
37923
37913
37918
37928
37917
37911
37917
37916
37919
37920
37923
37919
37917
37931
37917
37941
37916
37923
37923
37926
37918
37924
37926
37923
37918
37928
37926
37941
37920
37915
37926
37924
37921
37932
37917
37920
37932
37919
37925
37931
37916
37921
37924
37925
37919
37921
37913
37927
37921
37926
37913
37921
37917
37921
37912
37920
37914
37918
37910
37913
37919
37910
37916
37921
37920
37919
37916
37927
37935
37916
37910
37925
37923
37913
37923
37918
37915
37922
38103
39783
38557
38401
38409
38405
38415
38395
38404
38413
38411
38396
38401
38393
38401
38405
38413
38395
38413
38415
38402
38406
38392
38406
38397
38406
38400
38418
38404
38411
38421
38409
38399
38401
38402
38415
38397
38403
38415
38404
38396
38416
38399
38397
38423
38397
38403
38413
38392
38421
38400
38407
38408
38414
38414
38413
38407
38395
38412
38408
38410
38414
38402
38410
38397
38405
38409
38387
38414
38410
38397
38405
38395
38402
38397
38406
38415
38387
38404
38403
38396
38416
38392
38417
38403
38396
38401
38400
38417
38411
38403
38417
38409
38412
38405
36854
37462
37985
37954
37917
37931
37931
37920
37930
37930
37927
37920
37936
37921
37924
37935
37924
37927
37932
37928
37926
37930
37929
37930
37934
37923
37931
37923
37926
37927
37928
37930
37928
37924
37928
37928
37925
37921
37929
37922
37917
37932
37923
37927
37921
37926
37925
37914
37925
37922
37923
37922
37922
37925
37924
37922
37909
37927
37930
37927
37928
37930
37926
37933
37930
37926
37927
37924
37933
37927
37924
37928
37926
37931
37929
37923
37930
37931
37924
37920
37931
37927
37925
37927
37928
37927
37926
37915
37927
37916
37917
37920
37919
37914
37922
38020
39787
38592
38392
38408
38407
38407
38412
38412
38411
38399
38406
38398
38408
38399
38405
38416
38418
38405
38411
38408
38419
38413
38395
38404
38415
38399
38402
38407
38402
38409
38403
38412
38403
38406
38405
38407
38405
38426
38403
38410
38419
38409
38402
38402
38406
38403
38407
38406
38403
38411
38401
38403
38401
38402
38392
38402
38397
38415
38399
38400
38409
38411
38408
38405
38400
38415
38406
38411
38396
38405
38411
38392
38405
38398
38410
38406
38397
38406
38409
38408
38401
38392
38408
38412
38393
38432
38398
38417
38395
38409
38416
38410
38414
38397
38416
38408
38408
38393
38401
38409
38419
38401
38410
38406
38403
38406
38407
38410
38413
38407
38412
38416
38405
38398
38421
38416
38403
38404
38411
38402
38412
38392
38413
38407
38409
38464
38404
38419
38402
38399
38415
38402
38403
38402
38396
38410
38417
38414
38403
38404
38399
38401
38409
38409
38403
38389
38401
38405
38393
38410
38404
38740
38411
38397
38390
38396
38392
38414
38390
38412
38406
38411
38399
38414
38464
38415
38394
38405
38411
38403
38405
38408
38404
38404
38406
38398
38392
38410
38386
38415
38390
38391
38407
38395
38396
38409
38413
38394
38408
38396
38398
38407
38402
38398
38391
38404
38405
38398
38405
38402
38403
38392
38415
38383
38402
38404
38400
38386
38396
38401
38399
38381
38401
38403
38392
38394
38399
38405
38394
38405
38404
38390
38390
38410
38401
38385
38404
38399
38388
38403
38385
38405
38388
38393
38406
38396
38398
38396
38404
38398
38406
38391
38411
38390
38399
38408
38400
38419
38403
38389
38419
38405
38404
38391
38404
38417
38407
38406
38397
38409
38417
38398
38403
38389
38409
38410
38385
38413
38412
38415
38386
38410
38405
38398
38411
38397
38409
38393
38418
38400
38413
38401
38390
38409
38398
38401
38740
38393
38402
38408
38464
38406
38392
38406
38396
38398
38383
38404
38398
38407
38417
38400
38393
38403
38406
38418
38397
38389
38416
38411
38392
38410
38393
38409
38385
38410
38388
38405
38404
38400
38402
38394
38419
38395
38392
38414
38385
38397
38404
38416
38389
38412
38464
38409
38393
38417
38390
38406
38412
38392
38410
38399
38413
38393
38397
38412
38406
38411
38395
38411
38407
38419
38390
38416
38392
38408
38404
38410
