16242
16957
17871
18201
18295
18310
18305
18294
18272
18296
18290
18289
18289
18291
18292
18288
18291
18288
18293
18292
18291
18284
18285
18296
18290
18284
18287
18284
18295
18272
18282
18284
18287
18294
18286
18285
18286
18294
18294
18288
18293
18283
18276
18288
18292
18290
18288
18288
18277
18289
18288
18295
18292
18288
18286
18293
18289
18285
18292
18290
18291
18292
18284
18286
18287
18286
18290
18288
18285
18290
18286
18291
18294
18301
18292
18287
18289
18286
18294
18272
18284
18288
18291
18295
18288
18288
18287
18292
18289
18289
18298
18293
18286
18290
18290
18294
18290
18284
18287
19436
21290
20663
20270
19991
19743
19509
19281
19052
18844
18984
19161
19255
19231
19216
19216
19207
19208
19204
19211
19198
19204
19210
19206
19210
19195
19207
19204
19203
19207
19205
19205
19200
19208
19203
19220
19196
19218
19210
19196
19216
19201
19218
19202
19214
19201
19207
19205
19200
19201
19208
19210
19201
19202
19210
19191
19218
19199
19204
19214
19203
19216
19201
19201
19203
19204
19215
19199
19206
19205
19202
19213
19204
19203
19204
19208
19223
19203
19214
19201
19212
19214
19204
19280
19204
19218
19203
19213
19205
19204
19215
19204
19212
19208
18227
16168
17412
18045
18261
18314
18300
18299
18294
18292
18291
18284
18290
18283
18288
18289
18297
18286
18287
18285
18288
18288
18287
18283
18288
18292
18290
18289
18290
18289
18286
18286
18290
18290
18294
18291
18290
18284
18289
18289
18294
18294
18295
18292
18288
18282
18285
18295
18299
18290
18287
18295
18291
18290
18289
18296
18295
18295
18294
18289
18289
18295
18294
18285
18289
18294
18298
18291
18285
18288
18295
18293
18287
18290
18292
18290
18288
18294
18290
18291
18292
18295
18294
18288
18288
18297
18291
18287
18289
18290
18288
18291
18292
18288
18291
18288
18293
18297
18290
18290
20683
21070
20502
20170
19907
19665
19434
19204
18974
18847
19055
19200
19255
19241
19210
19204
19204
19215
19209
19197
19216
19211
19209
19215
19264
19216
19211
19209
19212
19200
19217
19213
19206
19210
19207
19204
19216
19204
19210
19220
19212
19198
19204
19216
19208
19199
19214
19213
19208
19209
19218
19209
19215
19206
19214
19210
19200
19209
19222
19195
19215
19209
19204
19215
19216
19212
19205
19216
19209
19209
19211
19215
19205
19209
19217
19209
19208
19206
19218
19209
19200
19215
19212
19210
19264
19218
19202
19215
19214
19202
19218
19209
19202
19223
16787
16722
17753
18168
18283
18310
18309
18296
18295
18286
18287
18287
18286
18286
18292
18296
18284
18291
18290
18290
18292
18292
18290
18288
18293
18291
18288
18281
18284
18292
18296
18290
18290
18291
18290
18292
18293
18295
18288
18290
18291
18291
18285
18288
18289
18289
18294
18289
18291
18285
18289
18291
18289
18288
18288
18293
18289
18284
18290
18290
18291
18292
18294
18291
18291
18292
18281
18296
18292
18287
18297
18287
18285
18284
18293
18290
18289
18286
18281
18288
18294
18287
18290
18286
18288
18284
18276
18288
18291
18287
18288
18286
18283
18288
18288
18287
18288
18288
18286
18864
21343
20780
20339
20048
19794
19557
19326
19098
18873
18933
19132
19240
19249
19226
19212
19208
19210
19212
19204
19205
19216
19208
19208
19202
19211
19157
19219
19205
19212
19199
19221
19213
19209
19205
19204
19214
19205
19208
19214
19215
19207
19205
19206
19201
19205
19199
19209
19205
19202
19212
19211
19202
19210
19203
19221
19194
19213
19204
19192
19213
19199
19212
19217
19205
19207
19213
19208
19207
19207
19203
19207
19202
19201
19212
19198
19202
19209
19204
19203
19207
19204
19210
19196
19196
19216
19202
19211
19210
19212
19197
19202
19199
19205
18801
16060
17210
17964
18235
18299
18297
18305
18290
18294
18285
18284
18285
18288
18280
18287
18286
18281
18288
18286
18281
18286
18287
18285
18284
18286
18288
18288
18286
18283
18287
18287
18282
18286
18284
18291
18294
18281
18287
18289
18297
18289
18290
18283
18291
18291
18295
18286
18291
18290
18288
18292
18294
18286
18291
18295
18293
18284
18291
18276
18286
18287
18288
18287
18284
18290
18290
18285
18286
18290
18286
18293
18288
18286
18288
18290
18291
18289
18287
18285
18284
18289
18286
18289
18291
18281
18287
18292
18291
18294
18288
18282
18284
18290
18291
18288
18286
18287
18286
18293
20023
21200
20593
20234
19960
19714
19481
19250
19022
18840
19015
19173
19257
19239
19215
19201
19212
19205
19201
19212
19200
19209
19213
19208
19200
19212
19209
19202
19213
19205
19199
19209
19206
19197
19207
19200
19210
19208
19206
19195
19212
19204
19204
19202
19212
19207
19206
19210
19195
19211
19196
19208
19200
19217
19198
19212
19202
19204
19199
19201
19205
19207
19208
19187
19206
19204
19210
19211
19202
19202
19212
19201
19220
19201
19200
19218
19212
19196
19211
19209
19207
19208
19207
19212
19212
19204
19213
19203
19207
19198
19217
19202
19206
19210
19210
19200
19211
19213
19214
19196
19197
19210
19216
19204
19211
19198
19209
19215
19211
19207
19207
19204
19218
19215
19201
19209
19213
19203
19209
19195
19212
19219
19219
19206
19202
19211
19209
19208
19215
19206
19211
19201
19204
19217
19212
19203
19207
19280
19220
19204
19202
19204
19209
19214
19210
19212
19211
19210
19202
19212
19219
19202
19209
19206
19201
19212
19214
19210
19205
19203
19212
19198
19208
19204
19203
19201
19212
19204
19202
19202
19214
19199
19204
19211
19202
19208
19201
19201
19210
19209
19204
19194
19204
19205
19215
19206
19202
19211
19192
19209
19202
19194
19209
19205
19213
19188
19204
19217
19204
19197
19210
19213
19207
19205
19203
19206
19207
19210
19196
19205
19213
19200
19217
19203
19203
19202
19210
19213
19201
19212
19208
19195
19214
19264
19200
19207
19210
19199
19197
19208
19203
19207
19209
19205
19199
19206
19212
19211
19201
19197
19209
19203
19205
19194
19208
19192
19212
19200
19200
19193
19208
19204
19199
19207
19198
19202
19202
19197
19206
19193
19199
19207
19202
19198
19200
19198
19206
19194
19211
19209
19188
19207
19193
19215
19206
19206
19201
19200
19201
19200
19218
19193
19205
19206
19197
19194
19213
19202
19200
19207
19203
19202
19200
19207
19196
19204
19189
19199
19199
19204
19203
19203
19188
19206
19207
19200
19198
19209
19193
19198
19206
19200
19200
19199
19195
19157
19201
19205
19201
19190
19207
19200
19195
19209
19203
19204
19216
19194
19199
19215
19195
19206
19210
19194
19195
19209
19199
19191
19211
19192
19204
19199
19196
19202
