9159
8879
9065
9300
9459
9554
9604
9628
9639
9638
9639
9637
9636
9631
9600
9632
9629
9631
9629
9626
9621
9628
9633
9632
9628
9628
9625
9627
9628
9628
9630
9633
9631
9627
9628
9630
9628
9630
9627
9628
9627
9628
9629
9631
9632
9630
9631
9629
9630
9630
9628
9633
9630
9628
9612
9629
9626
9625
9627
9632
9629
9629
9631
9629
9627
9626
9626
9631
9631
9629
9630
9628
9624
9628
9626
9629
9629
9629
9629
9630
9631
9630
9630
9629
9627
9629
9631
9630
9628
9630
9630
9628
9628
9626
9626
9627
9626
10202
10472
10442
10304
10192
10109
10038
9976
9915
9857
9800
9748
9791
9822
9828
9847
9844
9858
9845
9850
9863
9849
9863
9858
9848
9844
9858
9845
9861
9848
9853
9857
9853
9858
9850
9844
9858
9854
9855
9847
9850
9854
9854
9850
9853
9859
9848
9850
9862
9849
9849
9859
9849
9862
9847
9848
9851
9854
9848
9852
9860
9846
9860
9858
9847
9846
9862
9849
9845
9860
9855
9853
9844
9860
9845
9853
9857
9846
9851
9855
9843
9855
9857
9841
9856
9854
9850
9857
9841
9856
9855
9842
9863
9856
9268
8877
9040
9279
9452
9548
9601
9624
9634
9638
9636
9635
9634
9632
9630
9630
9634
9628
9627
9625
9627
9627
9628
9628
9628
9628
9630
9628
9625
9629
9629
9627
9627
9626
9626
9627
9631
9626
9626
9627
9630
9628
9628
9630
9632
9629
9630
9624
9625
9629
9631
9629
9626
9626
9626
9629
9628
9625
9629
9634
9631
9628
9629
9626
9627
9629
9626
9626
9628
9629
9629
9627
9625
9624
9626
9626
9625
9627
9628
9629
9627
9626
9627
9628
9625
9625
9627
9627
9629
9631
9629
9627
9624
9621
9627
9629
9629
10090
10467
10452
10320
10202
10118
10046
9982
9921
9861
9805
9749
9780
9821
9835
9844
9848
9848
9849
9850
9857
9844
9857
9856
9853
9857
9841
9858
9843
9856
9853
9850
9856
9856
9850
9853
9850
9854
9839
9859
9856
9851
9844
9847
9856
9854
9846
9857
9846
9853
9845
9860
9846
9860
9843
9859
9854
9853
9853
9850
9844
9858
9854
9853
9855
9844
9859
9840
9851
9855
9850
9854
9848
9849
9861
9848
9848
9861
9846
9845
9862
9851
9846
9860
9857
9844
9848
9861
9845
9846
9858
9854
9857
9846
9415
8885
8996
9244
9426
9538
9593
9620
9635
9639
9641
9637
9634
9635
9631
9632
9626
9628
9624
9629
9628
9626
9623
9626
9628
9628
9629
9632
9633
9628
9627
9629
9630
9628
9627
9633
9628
9626
9626
9629
9628
9627
9631
9628
9627
9629
9627
9630
9630
9630
9630
9627
9631
9628
9625
9627
9625
9627
9630
9628
9629
9629
9628
9626
9625
9626
9629
9633
9632
9630
9626
9624
9628
9626
9626
9631
9633
9628
9626
9627
9627
9628
9629
9631
9629
9628
9628
9628
9630
9625
9627
9626
9627
9625
9627
9628
9627
9984
10454
10458
10339
10215
10127
10054
9989
9928
9869
9811
9755
9768
9814
9841
9848
9837
9854
9846
9861
9847
9843
9857
9853
9852
9854
9855
9849
9859
9842
9857
9857
9852
9857
9840
9857
9859
9855
9851
9855
9850
9854
9854
9847
9854
9849
9856
9847
9859
9852
9851
9846
9855
9846
9859
9845
9854
9842
9856
9857
9844
9859
9850
9854
9856
9842
9853
9856
9845
9853
9857
9851
9850
9859
9849
9857
9847
9854
9850
9853
9859
9847
9846
9858
9856
9851
9856
9856
9843
9846
9853
9856
9854
9841
9522
8902
8975
9220
9406
9521
9588
9621
9635
9639
9643
9639
9636
9635
9631
9628
9631
9629
9629
9631
9631
9630
9630
9625
9631
9626
9626
9630
9629
9627
9627
9630
9632
9628
9628
9629
9630
9629
9632
9629
9625
9612
9631
9625
9625
9629
9626
9627
9629
9630
9629
9628
9626
9629
9629
9627
9634
9630
9630
9627
9629
9629
9629
9629
9629
9629
9629
9628
9630
9631
9632
9629
9629
9628
9630
9631
9629
9628
9628
9627
9628
9632
9632
9631
9629
9628
9627
9627
9628
9629
9630
9633
9629
9630
9630
9631
9629
9888
10440
10471
10366
10234
10141
10068
10002
9940
9880
9823
9767
9760
9816
9832
9825
9856
9851
9858
9854
9846
9860
9847
9860
9846
9860
9851
9853
9856
9855
9843
9859
9857
9844
9851
9855
9851
9850
9854
9856
9851
9853
9858
9852
9853
9851
9856
9848
9858
9855
9847
9854
9853
9848
9854
9846
9858
9845
9856
9858
9851
9856
9852
9853
9856
9842
9856
9852
9858
9849
9857
9851
9850
9856
9850
9854
9854
9847
9860
9844
9854
9854
9857
9843
9859
9854
9843
9860
9853
9858
9855
9843
9857
9859
9845
9860
9842
9863
9858
9852
9858
9856
9847
9861
9848
9850
9856
9858
9846
9864
9849
9846
9859
9845
9856
9858
9844
9861
9852
9843
9859
9856
9844
9857
9857
9846
9858
9849
9855
9847
9852
9855
9855
9846
9854
9853
9856
9836
9858
9855
9861
9850
9844
9859
9849
9852
9853
9840
9855
9857
9842
9859
9858
9843
9860
9850
9860
9853
9853
9847
9855
9858
9846
9855
9846
9859
9845
9846
9856
9858
9858
9842
9853
9857
9846
9860
9843
9854
9864
9849
9851
9859
9856
9848
9851
9857
9848
9851
9862
9843
9858
9841
9858
9847
9858
9852
9849
9857
9842
9853
9857
9844
9862
9841
9863
9845
9854
9857
9848
9851
9851
9857
9846
9858
9842
9851
9852
9857
9844
9888
9852
9854
9855
9836
9857
9856
9852
9847
9855
9851
9847
9846
9855
9853
9850
9843
9855
9841
9856
9854
9849
9848
9859
9837
9853
9844
9857
9844
9862
9843
9855
9851
9844
9855
9855
9852
9848
9853
9852
9854
9851
9841
9858
9848
9856
9843
9860
9845
9859
9843
9856
9857
9843
9854
9854
9853
9853
9840
9858
9852
9858
9839
9858
9844
9858
9843
9861
9856
9840
9849
9858
9842
9857
9849
9854
9853
9855
9844
9854
9851
9853
9840
9857
9851
9838
9858
9851
9852
9846
9846
9858
9849
9852
9856
9841
9860
9856
9841
9857
9838
9862
9847
9856
9847
9846
9856
9840
9859
9853
9855
9843
9859
9856
9843
9849
9859
9844
9857
9846
9861
9846
9849
9854
9843
9855
9854
9847
9853
9850
9850
9849
9850
9854
9849
