72705
77279
77252
77257
77257
77254
77254
77249
77256
77260
77271
77255
77247
77260
77261
77253
77254
77259
77261
77256
77247
77267
77267
77253
77259
77254
77259
77243
77259
77258
77246
77244
77259
77255
77263
77276
77269
77270
77265
77269
77264
77272
77270
77260
77275
77262
77268
77256
77263
77248
77253
77248
77265
77257
77255
77259
77249
77273
77271
77264
77269
77260
77263
77263
77261
77250
77265
77250
77250
77249
77254
77251
77244
77242
77244
77241
77247
77241
77247
77244
77248
77253
77249
77256
77256
77254
77251
77260
77259
77234
77260
77244
77247
77250
77248
77238
77241
77241
77249
77234
77237
77233
77236
77237
77230
77243
77222
77241
77224
77245
77230
77248
77252
77252
77250
77228
77227
77230
77232
77241
77229
77232
77235
77233
77243
77239
77234
77241
88399
82597
80907
81832
81730
81638
81675
81717
81699
81658
81703
81659
81665
81701
81660
81650
81703
81675
81669
81698
81678
81658
81703
81704
81652
81699
81666
81648
81687
81719
81653
81672
81711
81689
81646
81692
81724
81671
81677
81703
81678
81634
81671
81696
81675
81653
81676
81698
81623
81662
81694
81728
81625
81664
81699
81700
81637
81684
81713
81634
81652
81692
81723
81630
81685
81713
81645
81670
81701
81706
81629
81683
81708
81678
81667
81703
81722
81635
81691
81723
81667
81668
81696
81712
81660
81663
81699
81666
81638
81676
81700
81740
81644
81679
81712
81671
81662
81688
81716
81656
81649
81685
81715
81634
81673
81691
81719
81631
81667
81696
81724
81629
81653
81676
81709
81638
81641
81664
81694
81663
81627
81662
81694
81708
81624
81662
81686
81672
72541
77262
77229
77214
77209
77209
77212
77213
77214
77219
77202
77208
77221
77213
77215
77217
77227
77221
77218
77225
77227
77229
77218
77221
77215
77218
77230
77224
77224
77227
77215
77219
77214
77222
77217
77215
77229
77231
77234
77217
77215
77220
77228
77224
77225
77227
77220
77228
77224
77227
77219
77212
77224
77208
77219
77208
77219
77225
77220
77216
77228
77216
77226
77219
77210
77205
77215
77201
77205
77227
77214
77221
77218
77221
77207
77206
77208
77197
77212
77203
77194
77199
77209
77197
77204
77213
77210
77213
77204
77207
77205
77205
77218
77217
77219
77204
77225
77209
77203
77210
77211
77201
77211
77204
77196
77199
77200
77202
77214
77192
77189
77190
77195
77203
77197
77195
77204
77178
77200
77186
77207
77200
77200
77191
77186
77198
77193
77211
77178
77181
77202
77181
77187
77186
77187
77184
77190
77201
77190
77191
77188
77176
77179
77183
77195
77182
77173
77183
77173
77183
77179
77170
77181
77181
77188
77189
77190
77206
77177
77181
77186
77182
77188
77181
77183
77185
77191
77180
77170
77172
77184
77182
77174
77186
77168
77169
77183
77177
77171
77175
77180
77181
77174
77180
77175
77160
77178
77158
77171
77158
77175
77156
77157
77155
77171
77173
77167
77179
77158
77165
77162
77159
77157
77150
77165
77164
77160
77144
77162
77159
77155
77148
77154
77152
77164
77160
77160
77149
77161
77149
77157
77145
77141
77152
77140
77136
77146
77134
77128
77150
77141
77146
77127
77146
77140
77148
77137
77136
77148
77142
77138
77128
77135
77140
77133
77128
77142
77125
77140
77129
77135
77119
77141
77127
77142
77133
77124
77132
77142
77129
77134
77132
77135
77119
77140
77131
77135
77123
77129
77127
77130
77130
77118
77126
77138
77119
77126
77129
77112
77135
77148
77143
77135
77131
77138
77128
77138
77143
77146
77144
77131
77142
77137
77135
77141
77146
77139
77144
77142
77130
77129
77137
77126
77136
77124
77124
77114
77123
77113
77131
77142
77128
77131
77120
77124
77127
77124
77133
77129
77136
77132
77127
77133
77137
77124
77127
77123
77123
77135
77117
77122
77110
77114
77098
77107
77114
77119
77116
77106
77129
77120
77125
77114
77118
77113
77113
77112
77111
77108
77098
77121
77120
77135
77110
77122
77112
77114
77096
77115
77115
77113
77104
77101
77108
77113
77096
77108
77108
77117
77123
77101
77107
77115
77110
77110
77115
77110
77113
77114
77121
77119
77130
77114
77263
88275
82357
80872
81725
81604
81549
81547
81574
81581
81578
81575
81573
81578
81578
81574
81573
81564
81550
81564
81569
81563
81560
81572
81562
81562
81567
81574
81568
81557
81555
81556
81556
81566
81564
81560
81565
81568
81562
81552
81562
81570
81569
81573
81571
81574
81568
81557
81554
81566
81566
81564
81575
81568
81567
81572
81561
81565
81569
81572
81579
81578
81582
81586
81583
81570
81573
81574
81592
81594
81578
81578
81584
81587
81580
81585
81575
81579
81583
81575
81568
81562
81568
81577
81574
81572
81570
81574
81577
81582
81585
81573
81568
81583
81587
81585
81582
81573
81574
81567
81571
81577
81593
81591
81585
81584
81582
81577
81577
81573
81585
81573
81597
81578
81574
81580
81581
81574
81571
81569
81571
81579
81575
81592
81582
81569
81580
81583
81411
72612
77160
77134
77119
77128
77127
77124
77127
77138
77130
77136
77147
77140
77134
77138
77129
77130
77144
77135
77141
77135
77150
77152
77145
77158
77143
77155
77151
77150
77147
77148
77150
77148
77147
77150
77152
77154
77155
77146
77152
77144
77143
77146
77145
77134
77137
77143
77156
77143
77147
77137
77148
77126
77129
77144
77144
77140
77140
77131
77126
77129
77135
77127
77139
77132
77145
77142
77142
77138
77143
77145
77141
77128
77137
77129
77129
77137
77126
77129
77131
77131
77133
77138
77123
77133
77141
77132
77133
77127
77129
77129
77131
77138
77131
77130
77125
77132
77126
77126
77123
77126
77130
77134
77128
77134
77122
77126
77123
77127
77119
77123
77120
77124
77120
77133
77132
77124
77128
77131
77124
77135
77121
77131
77122
77123
77125
77114
77333
88281
82343
80853
81726
81612
81505
81554
81577
81561
81589
81577
81578
81570
81568
81576
81572
81566
81570
81574
81568
81573
81571
81563
81562
81553
81567
81564
81565
81548
81564
81559
81552
81556
81577
81549
81564
81563
81571
81553
81567
81584
81568
81567
81561
81572
81560
81561
81563
81555
81564
81560
81556
81560
81570
81554
81567
81570
81555
81550
81554
81555
81557
81566
81559
81560
81574
81561
81555
81558
81562
81555
81546
81566
81573
81569
81559
81562
81557
81564
81561
81574
81571
81564
81563
81562
81576
81550
81569
81569
81570
81564
81578
81567
81556
81563
81574
81569
81582
81570
81556
81565
81557
81574
81558
81563
81568
81569
81562
81571
81557
81567
81563
81563
81575
81560
81562
81574
81557
81578
81565
81560
81560
81563
81565
81560
81559
81564
81557
