72655
77260
77233
77218
77230
77239
77244
77246
77243
77230
77233
77244
77227
77240
77236
77230
77251
77237
77243
77241
77233
77201
77228
77257
77242
77244
77262
77249
77236
77236
77234
77234
77232
77236
77232
77239
77237
77232
77234
77229
77225
77250
77229
77227
77220
77226
77235
77232
77226
77233
77232
77231
77233
77209
77229
77234
77234
77242
77235
77235
77232
77218
77205
77236
77219
77218
77218
77224
77220
77236
77232
77232
77238
77242
77235
77248
77229
77234
77223
77234
77225
77243
77225
77239
77223
77237
77236
77232
77224
77226
77220
77219
77214
77215
77227
77211
77227
77216
77208
77225
77213
77208
77234
77222
77232
77223
77217
77223
77224
77222
77225
77210
77217
77219
77221
77211
77221
77202
77215
77209
77210
77229
77216
77215
77223
77221
77214
77235
88313
82526
80922
81797
81707
81668
81636
81599
81649
81655
81661
81660
81668
81655
81669
81663
81666
81663
81655
81651
81650
81661
81657
81657
81653
81662
81642
81644
81655
81649
81647
81663
81652
81649
81650
81656
81651
81645
81648
81660
81658
81658
81666
81666
81662
81653
81652
81662
81645
81665
81662
81667
81665
81667
81650
81663
81663
81669
81676
81668
81662
81658
81661
81655
81666
81648
81648
81654
81644
81649
81650
81658
81636
81661
81659
81646
81670
81657
81662
81655
81659
81662
81656
81655
81660
81650
81652
81646
81653
81645
81645
81649
81659
81650
81656
81648
81637
81658
81642
81645
81646
81649
81653
81653
81652
81639
81657
81659
81639
81664
81651
81662
81658
81671
81663
81666
81658
81659
81639
81655
81638
81660
81657
81647
81658
81648
81644
81612
72623
77236
77202
77191
77205
77196
77205
77210
77207
77205
77199
77210
77203
77197
77213
77190
77210
77210
77207
77197
77201
77217
77207
77210
77214
77205
77201
77199
77198
77194
77204
77210
77208
77200
77209
77215
77199
77201
77206
77202
77198
77210
77194
77204
77203
77197
77203
77194
77198
77241
77203
77207
77212
77204
77203
77193
77192
77202
77186
77191
77193
77180
77197
77187
77196
77194
77211
77207
77208
77207
77192
77203
77191
77198
77196
77186
77187
77195
77179
77181
77192
77179
77190
77194
77198
77205
77201
77211
77193
77186
77185
77188
77185
77176
77188
77194
77189
77174
77189
77176
77178
77178
77176
77175
77190
77174
77177
77189
77178
77182
77174
77178
77174
77182
77178
77173
77187
77177
77173
77165
77163
77173
77177
77163
77180
77176
77182
77183
77171
77179
77187
77169
77163
77157
77157
77152
77167
77163
77152
77165
77164
77173
77165
77158
77175
77174
77172
77171
77165
77173
77172
77170
77169
77172
77167
77161
77179
77172
77156
77147
77171
77169
77170
77160
77156
77157
77160
77163
77164
77168
77161
77163
77153
77156
77159
77165
77160
77152
77158
77165
77167
77156
77168
77163
77159
77159
77155
77156
77148
77156
77160
77149
77160
77165
77161
77168
77177
77169
77165
77173
77164
77172
77169
77158
77167
77162
77165
77166
77157
77150
77155
77157
77154
77158
77158
77153
77165
77152
77148
77161
77152
77160
77161
77163
77166
77147
77152
77151
77145
77156
77154
77155
77156
77153
77142
77159
77158
77152
77159
77149
77146
77147
77144
77144
77141
77138
77141
77134
77120
77126
77138
77128
77133
77154
77150
77131
77135
77137
77125
77146
77134
77143
77145
77136
77141
77136
77131
77140
77140
77144
77137
77128
77146
77115
77132
77129
77140
77133
77136
77129
77129
77122
77127
77127
77123
77121
77118
77129
77132
77129
77133
77120
77124
77124
77116
77124
77120
77115
77129
77125
77119
77115
77128
77110
77121
77134
77116
77122
77113
77121
77125
77085
77121
77121
77114
77119
77119
77104
77122
77116
77131
77124
77126
77121
77117
77123
77119
77104
77133
77119
77124
77123
77105
77117
77117
77118
77114
77125
77122
77112
77120
77099
77109
77127
77117
77102
77110
77127
77111
77103
77107
77094
77105
77114
77113
77114
77092
77107
77106
77108
77114
77107
77096
77100
77115
77099
77091
77106
77116
77103
77091
77114
77096
77113
77100
77094
77099
77090
77097
77094
77100
77108
77100
77236
88213
82318
80857
81697
81552
81528
81554
81556
81554
81553
81553
81570
81555
81563
81567
81559
81555
81561
81558
81543
81550
81561
81565
81559
81560
81552
81545
81557
81550
81551
81558
81538
81545
81549
81539
81539
81540
81544
81547
81544
81544
81538
81534
81538
81532
81529
81542
81533
81547
81524
81531
81521
81525
81543
81545
81546
81531
81528
81513
81532
81541
81524
81539
81538
81545
81540
81536
81540
81546
81539
81545
81545
81540
81541
81554
81540
81540
81538
81550
81540
81554
81541
81540
81542
81537
81551
81537
81553
81552
81548
81538
81551
81538
81556
81541
81534
81546
81532
81536
81544
81539
81557
81550
81573
81568
81550
81554
81548
81544
81545
81541
81540
81544
81543
81553
81548
81545
81552
81554
81537
81542
81551
81545
81547
81543
81548
81540
81377
72589
77141
77107
77104
77102
77109
77094
77105
77103
77096
77095
77108
77086
77089
77118
77118
77098
77117
77106
77122
77116
77122
77127
77112
77114
77119
77108
77103
77123
77106
77117
77116
77113
77113
77117
77110
77110
77108
77113
77110
77118
77112
77101
77111
77100
77113
77088
77093
77110
77092
77106
77116
77108
77110
77121
77113
77095
77105
77110
77110
77106
77110
77108
77106
77121
77113
77121
77129
77124
77121
77119
77127
77117
77114
77111
77120
77104
77117
77109
77111
77116
77110
77111
77120
77121
77115
77120
77110
77116
77121
77111
77108
77103
77111
77106
77113
77107
77110
77097
77108
77102
77101
77096
77097
77102
77098
77091
77101
77088
77093
77096
77098
77090
77092
77111
77090
77095
77093
77092
77085
77105
77091
77093
77093
77094
77090
77091
77299
88179
82256
80848
81675
81526
81525
81553
81548
81539
81523
81530
81534
81541
81531
81528
81535
81534
81540
81537
81543
81529
81533
81534
81542
81539
81521
81528
81529
81529
81522
81531
81520
81515
81512
81518
81522
81532
81527
81533
81543
81521
81534
81533
81544
81527
81529
81511
81520
81528
81542
81532
81539
81525
81535
81520
81536
81535
81532
81525
81539
81526
81540
81550
81534
81532
81536
81533
81529
81536
81546
81528
81531
81539
81532
81549
81539
81534
81551
81533
81535
81537
81536
81537
81549
81543
81551
81546
81558
81537
81539
81549
81535
81541
81525
81532
81541
81541
81543
81554
81544
81543
81546
81548
81550
81535
81545
81542
81563
81545
81547
81552
81552
81539
81536
81532
81542
81541
81536
81547
81551
81538
81540
81546
81543
81545
81549
81545
81565
