66988
71503
71479
71490
71482
71482
71482
71477
71481
71474
71480
71468
71469
71474
71488
71475
71471
71476
71478
71475
71460
71475
71484
71471
71472
71470
71472
71466
71472
71470
71470
71470
71466
71470
71482
71481
71474
71475
71470
71476
71484
71490
71488
71482
71494
71482
71493
71482
71483
71472
71477
71467
71488
71475
71479
71479
71477
71486
71487
71480
71489
71475
71481
71480
71478
71472
71482
71468
71472
71456
71474
71466
71461
71469
71463
71456
71461
71449
71460
71458
71467
71463
71462
71457
71454
71462
71457
71458
71464
71447
71453
71450
71454
71459
71467
71457
71456
71454
71468
71467
71466
71467
71466
71466
71453
71461
71450
71468
71459
71474
71458
71470
71462
71466
71474
71460
71466
71467
71470
71469
71462
71468
71456
71455
71464
71462
71453
71483
82701
76837
75136
76064
75969
75876
75902
75942
75930
75899
75941
75896
75893
75936
75893
75902
75950
75927
75909
75939
75919
75903
75929
75939
75891
75936
75899
75875
75915
75949
75890
75898
75936
75915
75870
75918
75945
75895
75906
75937
75920
75877
75924
75951
75920
75893
75923
75954
75874
75908
75936
75960
75871
75913
75940
75941
75877
75911
75944
75877
75902
75937
75969
75869
75919
75953
75889
75909
75929
75947
75870
75917
75947
75910
75900
75931
75953
75870
75912
75946
75881
75890
75930
75957
75906
75908
75941
75902
75877
75913
75942
75963
75872
75907
75944
75907
75893
75922
75955
75903
75899
75937
75975
75888
75918
75943
75975
75875
75914
75938
75968
75877
75901
75921
75955
75880
75883
75911
75943
75918
75881
75905
75943
75953
75863
75902
75927
75915
66839
71499
71460
71451
71446
71450
71448
71460
71458
71457
71450
71457
71454
71447
71456
71464
71463
71460
71446
71459
71461
71451
71456
71457
71447
71447
71455
71461
71459
71456
71446
71453
71448
71449
71447
71447
71458
71457
71457
71443
71449
71450
71453
71446
71443
71435
71438
71445
71445
71447
71438
71435
71450
71444
71453
71424
71441
71441
71437
71437
71446
71447
71446
71439
71450
71447
71448
71437
71444
71452
71442
71447
71441
71448
71443
71444
71439
71438
71444
71438
71432
71430
71442
71430
71429
71430
71436
71441
71439
71448
71445
71443
71443
71445
71449
71440
71453
71438
71431
71444
71435
71426
71438
71427
71552
71434
71433
71438
71450
71430
71425
71429
71428
71433
71430
71431
71446
71420
71436
71422
71438
71442
71440
71430
71426
71584
71427
71438
71408
71409
71431
71407
71414
71422
71420
71415
71419
71420
71421
71422
71425
71412
71411
71411
71425
71405
71398
71409
71407
71418
71414
71406
71410
71419
71419
71421
71422
71440
71417
71417
71424
71415
71430
71420
71421
71422
71424
71415
71419
71415
71418
71426
71420
71427
71419
71417
71426
71414
71418
71418
71413
71412
71409
71409
71419
71398
71419
71402
71422
71410
71418
71407
71421
71408
71417
71414
71414
71414
71398
71413
71409
71407
71408
71401
71413
71415
71417
71399
71408
71422
71410
71406
71406
71407
71422
71417
71418
71410
71426
71411
71417
71404
71400
71418
71410
71393
71407
71399
71391
71405
71399
71403
71393
71399
71389
71394
71386
71383
71387
71389
71392
71385
71398
71400
71394
71392
71401
71396
71405
71390
71401
71387
71410
71399
71408
71408
71398
71400
71396
71396
71393
71391
71388
71379
71405
71397
71403
71392
71390
71387
71392
71392
71385
71395
71401
71388
71386
71383
71379
71395
71402
71399
71390
71385
71394
71384
71387
71389
71396
71398
71387
71395
71398
71393
71394
71403
71396
71403
71403
71379
71379
71383
71372
71396
71387
71384
71372
71383
71368
71387
71396
71387
71393
71392
71387
71393
71388
71397
71394
71387
71389
71383
71388
71400
71387
71377
71389
71377
71387
71383
71391
71384
71381
71377
71383
71391
71388
71389
71377
71400
71396
71391
71385
71392
71391
71385
71391
71384
71391
71384
71401
71381
71387
71380
71387
71384
71393
71373
71380
71376
71370
71370
71369
71375
71377
71368
71379
71369
71377
71379
71367
71374
71384
71371
71375
71384
71382
71379
71380
71380
71380
71384
71371
71513
82596
76624
75144
76003
75884
75827
75811
75849
75850
75847
75844
75852
75853
75860
75857
75853
75846
75836
75845
75842
75830
75839
75849
75838
75841
75841
75854
75849
75835
75841
75834
75836
75840
75840
75846
75849
75857
75849
75841
75841
75858
75856
75848
75845
75846
75837
75835
75836
75847
75844
75839
75856
75854
75854
75849
75842
75848
75843
75849
75852
75855
75853
75865
75857
75840
75839
75842
75855
75850
75840
75843
75847
75833
75830
75842
75834
75833
75845
75839
75841
75840
75835
75843
75845
75848
75843
75837
75839
75838
75838
75828
75835
75840
75842
75843
75850
75841
75835
75836
75845
75842
75849
75859
75845
75845
75845
75845
75842
75837
75847
75844
75848
75837
75830
75847
75852
75846
75850
75842
75836
75850
75840
75857
75850
75842
75845
75857
75686
66950
71427
71393
71384
71395
71389
71398
71401
71407
71394
71398
71402
71400
71400
71401
71392
71390
71403
71399
71404
71393
71409
71401
71403
71405
71396
71403
71405
71400
71399
71400
71402
71400
71401
71400
71405
71401
71403
71393
71410
71402
71410
71409
71408
71395
71404
71409
71409
71390
71386
71389
71409
71383
71385
71401
71396
71395
71396
71391
71392
71392
71404
71387
71404
71394
71410
71408
71400
71399
71403
71403
71409
71396
71395
71395
71397
71410
71396
71408
71400
71402
71376
71398
71379
71391
71398
71387
71391
71389
71390
71396
71393
71403
71392
71390
71389
71396
71376
71393
71387
71386
71383
71386
71395
71409
71399
71390
71382
71390
71395
71385
71383
71386
71381
71393
71395
71378
71381
71388
71378
71378
71376
71385
71385
71394
71376
71381
71596
82623
76626
75133
75999
75884
75773
75818
75843
75826
75844
75835
75835
75838
75835
75839
75831
75821
75838
75841
75838
75839
75841
75835
75839
75830
75848
75839
75850
75830
75839
75839
75835
75833
75850
75827
75846
75841
75851
75838
75840
75842
75836
75837
75840
75846
75836
75844
75842
75847
75855
75843
75836
75830
75846
75834
75834
75849
75840
75838
75839
75843
75848
75849
75846
75843
75849
75844
75844
75852
75840
75839
75827
75843
75844
75846
75826
75842
75840
75849
75836
75844
75847
75844
75842
75843
75849
75826
75836
75841
75836
75836
75847
75843
75830
75838
75852
75836
75851
75843
75824
75841
75847
75855
75844
75850
75850
75854
75848
75849
75842
75856
75849
75847
75861
75849
75841
75864
75850
75868
75852
75843
75842
75845
75856
75839
75839
75849
75853
