68613
73194
73166
73165
73161
73155
73167
73167
73175
73174
73174
73170
73163
73161
73167
73165
73160
73162
73163
73164
73156
73170
73177
73171
73169
73169
73168
73160
73168
73175
73160
73153
73164
73167
73172
73177
73169
73175
73167
73172
73176
73187
73185
73187
73193
73174
73174
73175
73186
73174
73188
73176
73181
73176
73182
73183
73175
73190
73186
73180
73186
73181
73187
73184
73180
73183
73182
73178
73178
73186
73181
73184
73180
73179
73185
73182
73189
73181
73185
73178
73186
73192
73187
73184
73179
73187
73182
73192
73194
73172
73186
73184
73192
73189
73189
73176
73181
73190
73192
73188
73187
73190
73191
73196
73178
73188
73178
73191
73179
73194
73183
73199
73179
73181
73198
73180
73185
73181
73189
73184
73185
73200
73190
73189
73202
73196
73185
73210
84869
78924
77198
78140
78041
77943
77973
78012
77996
77962
78011
77957
77965
78007
77970
77960
78000
77980
77975
78010
77988
77970
78013
78024
77962
78009
77980
77951
77994
78024
77962
77980
78014
77990
77944
77992
78028
77978
77984
78020
77995
77954
77998
78027
77986
77961
77993
78014
77932
77965
77997
78021
77923
77974
78009
78020
77958
77988
78016
77951
77970
78007
78041
77929
77991
78024
77957
77983
78007
78017
77938
77986
78020
77981
77965
78007
78020
77940
77980
78010
77941
77953
77986
78015
77962
77966
77998
77971
77948
77977
78015
78040
77946
77986
78015
77976
77968
77989
78016
77961
77958
78000
78025
77944
77969
77992
78020
77921
77958
77976
78024
77930
77952
77970
78000
77934
77942
77968
78003
77969
77939
77967
77995
78009
77921
77970
77990
77969
68502
73218
73177
73168
73165
73161
73153
73168
73170
73170
73164
73171
73176
73174
73183
73195
73187
73186
73174
73179
73179
73167
73164
73167
73164
73167
73173
73180
73172
73177
73169
73174
73173
73181
73181
73176
73186
73178
73172
73165
73167
73165
73170
73164
73166
73163
73162
73174
73166
73176
73162
73155
73165
73160
73176
73166
73177
73181
73177
73173
73176
73176
73183
73182
73178
73180
73188
73176
73181
73194
73178
73186
73184
73183
73184
73179
73181
73183
73190
73183
73176
73177
73197
73179
73182
73183
73181
73190
73175
73187
73190
73181
73181
73180
73185
73175
73193
73178
73168
73192
73187
73177
73185
73179
73180
73194
73196
73187
73198
73172
73174
73182
73179
73184
73183
73178
73193
73176
73184
73178
73197
73187
73192
73179
73170
73168
73173
73181
73166
73166
73183
73165
73165
73163
73165
73175
73174
73175
73177
73181
73176
73161
73160
73173
73183
73168
73163
73169
73164
73178
73183
73171
73161
73161
73166
73175
73176
73204
73190
73182
73192
73171
73189
73177
73176
73178
73179
73173
73174
73178
73183
73182
73175
73188
73172
73170
73181
73168
73168
73171
73168
73176
73174
73182
73176
73163
73181
73170
73185
73175
73180
73174
73184
73173
73194
73192
73182
73187
73165
73180
73179
73171
73177
73168
73184
73185
73184
73173
73184
73191
73190
73176
73185
73182
73189
73190
73190
73171
73180
73175
73183
73171
73180
73187
73179
73165
73173
73173
73173
73189
73178
73182
73160
73180
73177
73189
73182
73176
73185
73186
73177
73170
73180
73191
73186
73186
73185
73176
73186
73175
73187
73169
73190
73178
73183
73191
73177
73176
73186
73174
73190
73184
73181
73168
73183
73176
73179
73166
73171
73175
73178
73179
73164
73184
73185
73177
73171
73179
73158
73180
73186
73176
73165
73167
73175
73162
73172
73180
73186
73187
73182
73192
73198
73183
73189
73195
73180
73188
73188
73179
73181
73185
73177
73190
73176
73171
73169
73176
73169
73180
73193
73182
73188
73186
73193
73194
73189
73187
73193
73194
73195
73199
73200
73202
73188
73188
73182
73183
73191
73185
73189
73186
73198
73184
73199
73202
73209
73206
73196
73209
73202
73203
73192
73191
73192
73184
73194
73199
73192
73180
73207
73195
73197
73185
73193
73186
73198
73179
73197
73191
73186
73184
73187
73188
73199
73184
73195
73189
73194
73201
73180
73182
73199
73188
73189
73205
73193
73196
73195
73201
73198
73204
73190
73347
84843
78785
77284
78148
78027
77969
77967
78000
78001
78000
77996
77988
78001
78003
78002
78001
77990
77976
77995
77996
77994
77991
78001
77993
77991
77993
77995
77999
77986
77982
77980
77984
77991
77986
77992
77988
78001
77985
77992
78001
77998
77990
77990
77990
77987
77982
77986
77994
77995
77983
77976
77995
77997
77989
77990
77982
77991
77985
77990
78003
77991
77998
78008
78002
77988
77986
77988
78009
78008
77985
77981
77998
77989
77994
78001
77992
77999
77998
77994
77994
77997
78001
78002
77999
77991
77990
78000
78001
78001
78003
77996
77989
77997
77996
77995
78007
77995
77992
77995
78002
78000
78010
78011
77996
77987
77994
77985
77986
77988
77999
77996
78007
77998
77994
78001
78000
77996
78001
77998
77989
77996
77993
77997
77995
77987
78001
78008
77826
68716
73244
73213
73201
73206
73202
73208
73216
73219
73218
73213
73222
73218
73218
73221
73209
73211
73222
73214
73224
73217
73223
73213
73203
73215
73202
73210
73211
73210
73216
73222
73221
73208
73219
73208
73221
73222
73224
73214
73221
73214
73214
73214
73207
73200
73204
73214
73226
73208
73203
73196
73219
73200
73206
73216
73220
73215
73211
73207
73202
73207
73215
73198
73206
73199
73212
73209
73205
73206
73213
73220
73220
73208
73205
73209
73207
73210
73206
73213
73213
73209
73209
73224
73209
73226
73230
73221
73215
73217
73222
73219
73212
73217
73218
73219
73219
73218
73213
73210
73215
73213
73220
73217
73228
73218
73210
73212
73211
73214
73216
73210
73213
73214
73208
73223
73229
73212
73209
73223
73211
73221
73218
73225
73214
73216
73222
73210
73435
84868
78791
77280
78157
78035
77927
77979
78009
77985
78014
78013
78004
78008
78003
78012
78002
77994
78000
77998
77999
78004
78005
77993
77995
77988
78001
77990
77997
77991
78003
78004
77989
77999
78022
77994
78001
78012
78025
78001
78006
78014
78006
78000
78006
78009
78001
78012
78007
78015
78022
78015
78007
78002
78011
77997
78002
78003
77996
77994
77990
77986
77997
78001
77995
78001
78015
78004
77995
78000
77999
77995
77987
78002
78004
78009
77994
78000
78005
78010
78007
78021
78020
78014
78017
78012
78016
77998
78005
78008
78007
77995
78006
78004
77990
77991
78007
77997
78009
78009
77998
78000
77996
78014
77994
78001
78006
78009
78006
78003
78005
78013
78010
78004
78013
77996
77995
78013
78000
78019
78005
78008
78000
78001
78011
77998
77996
78004
78003
