66968
71507
71476
71462
71474
71486
71484
71486
71486
71473
71473
71486
71473
71481
71477
71472
71487
71481
71478
71483
71473
71487
71468
71489
71479
71476
71487
71478
71474
71472
71466
71470
71465
71481
71471
71469
71479
71478
71482
71473
71471
71482
71470
71474
71472
71468
71474
71473
71466
71475
71479
71472
71476
71456
71475
71477
71471
71473
71473
71469
71464
71464
71453
71476
71468
71459
71454
71465
71455
71465
71466
71469
71472
71470
71465
71476
71462
71471
71461
71473
71452
71467
71457
71466
71454
71471
71468
71466
71459
71461
71452
71453
71450
71460
71464
71459
71469
71462
71465
71476
71454
71450
71474
71463
71473
71466
71460
71468
71461
71470
71466
71456
71465
71456
71462
71454
71450
71438
71449
71446
71441
71462
71443
71455
71463
71462
71465
71480
82617
76779
75165
76046
75953
75926
75886
75869
75910
75918
75915
75910
75904
75906
75920
75917
75921
75915
75908
75903
75902
75913
75901
75908
75904
75912
75904
75912
75904
75909
75917
75923
75914
75917
75914
75922
75912
75909
75903
75916
75904
75908
75918
75904
75917
75908
75912
75917
75904
75915
75904
75900
75909
75917
75897
75914
75905
75909
75922
75916
75916
75910
75920
75910
75922
75912
75911
75922
75916
75919
75919
75928
75907
75915
75924
75913
75923
75911
75919
75913
75917
75919
75915
75917
75919
75912
75913
75909
75910
75907
75911
75917
75916
75909
75906
75908
75908
75916
75908
75907
75910
75903
75913
75899
75898
75886
75900
75909
75895
75917
75901
75901
75898
75907
75907
75914
75910
75903
75891
75902
75895
75913
75901
75896
75912
75909
75913
75867
66937
71520
71449
71429
71446
71440
71444
71447
71448
71439
71437
71455
71451
71443
71458
71430
71446
71449
71455
71444
71449
71459
71451
71455
71459
71455
71452
71445
71448
71438
71442
71442
71434
71433
71444
71442
71435
71440
71445
71443
71441
71450
71440
71446
71444
71432
71443
71442
71439
71443
71433
71437
71438
71439
71435
71435
71434
71448
71427
71434
71434
71423
71438
71425
71436
71439
71447
71435
71432
71436
71429
71434
71435
71438
71440
71429
71431
71443
71432
71429
71440
71430
71437
71436
71430
71440
71432
71444
71428
71431
71437
71440
71438
71434
71444
71449
71440
71433
71448
71443
71444
71448
71441
71433
71443
71429
71437
71438
71424
71428
71426
71434
71426
71434
71427
71427
71440
71434
71434
71426
71423
71423
71433
71426
71441
71435
71435
71435
71423
71423
71432
71430
71416
71419
71412
71413
71423
71420
71410
71421
71415
71426
71422
71412
71421
71431
71427
71415
71410
71417
71420
71417
71419
71421
71423
71421
71421
71425
71415
71410
71429
71422
71422
71414
71408
71392
71411
71417
71414
71413
71410
71414
71408
71425
71425
71433
71422
71417
71427
71430
71436
71423
71433
71431
71435
71432
71429
71427
71416
71420
71421
71416
71423
71418
71415
71416
71419
71410
71399
71405
71402
71407
71400
71360
71407
71398
71403
71406
71402
71398
71400
71411
71401
71407
71399
71409
71415
71408
71397
71403
71403
71401
71409
71402
71409
71403
71409
71408
71400
71406
71401
71408
71406
71400
71398
71408
71402
71406
71409
71403
71407
71409
71413
71414
71408
71409
71422
71415
71397
71395
71407
71398
71398
71409
71392
71396
71402
71403
71385
71410
71397
71399
71392
71385
71402
71397
71389
71403
71400
71409
71413
71405
71422
71399
71404
71397
71411
71400
71408
71399
71408
71401
71397
71406
71408
71403
71396
71397
71394
71396
71403
71394
71393
71397
71386
71400
71397
71390
71400
71401
71400
71396
71405
71386
71397
71408
71397
71396
71396
71396
71401
71385
71390
71407
71396
71402
71393
71379
71399
71392
71402
71395
71405
71398
71407
71402
71392
71385
71405
71393
71401
71408
71391
71398
71411
71422
71411
71411
71416
71403
71397
71384
71394
71408
71403
71397
71394
71409
71399
71393
71399
71389
71402
71403
71394
71402
71389
71390
71396
71389
71397
71387
71385
71379
71392
71385
71371
71393
71399
71390
71380
71402
71382
71391
71387
71382
71386
71383
71385
71381
71387
71391
71386
71516
82555
76598
75129
75978
75847
75825
75851
75857
75843
75844
75835
75856
75846
75856
75856
75840
75836
75845
75846
75839
75845
75856
75858
75846
75843
75839
75838
75845
75840
75840
75846
75828
75840
75849
75827
75831
75838
75849
75849
75843
75845
75843
75848
75845
75845
75837
75843
75838
75849
75826
75827
75816
75819
75831
75838
75843
75831
75832
75824
75824
75839
75827
75837
75835
75842
75834
75827
75837
75837
75836
75840
75843
75845
75838
75843
75826
75831
75833
75852
75840
75847
75836
75839
75834
75830
75848
75833
75840
75839
75837
75872
75848
75833
75847
75833
75832
75839
75832
75836
75854
75849
75856
75835
75854
75853
75847
75844
75837
75845
75842
75834
75844
75841
75829
75842
75841
75839
75840
75843
75837
75839
75854
75837
75843
75831
75835
75836
75681
66941
71437
71400
71390
71382
71395
71381
71393
71389
71390
71388
71398
71378
71391
71409
71402
71378
71407
71401
71396
71399
71397
71400
71393
71395
71397
71391
71388
71410
71389
71404
71402
71395
71394
71392
71385
71389
71385
71389
71385
71396
71397
71393
71401
71396
71399
71381
71379
71395
71377
71390
71393
71390
71396
71401
71392
71380
71400
71399
71401
71399
71396
71399
71391
71399
71386
71388
71395
71390
71380
71386
71396
71383
71386
71382
71392
71382
71391
71382
71391
71384
71382
71387
71392
71389
71387
71386
71374
71381
71390
71388
71387
71385
71391
71390
71390
71379
71389
71379
71389
71373
71375
71368
71367
71372
71382
71373
71380
71364
71365
71375
71380
71386
71389
71400
71378
71388
71388
71387
71368
71380
71376
71374
71379
71386
71380
71373
71582
82523
76543
75134
75968
75813
75816
75840
75829
75830
75820
75822
75821
75832
75833
75827
75828
75829
75829
75827
75833
75822
75826
75826
75834
75829
75821
75832
75837
75829
75824
75831
75829
75828
75823
75834
75824
75839
75828
75826
75836
75824
75836
75839
75845
75832
75835
75826
75826
75830
75846
75837
75852
75831
75843
75832
75833
75827
75823
75824
75832
75825
75834
75841
75830
75828
75836
75824
75830
75842
75850
75827
75835
75839
75824
75842
75838
75834
75854
75836
75840
75840
75833
75829
75836
75832
75840
75839
75858
75839
75840
75858
75849
75844
75835
75843
75848
75842
75852
75856
75846
75849
75844
75840
75842
75833
75844
75854
75861
75847
75847
75846
75853
75844
75846
75853
75862
75863
75861
75867
75872
75857
75854
75865
75856
75861
75859
75861
75871
