69593
74268
74229
74216
74230
74237
74229
74227
74227
74217
74222
74232
74218
74232
74229
74221
74234
74232
74233
74229
74215
74229
74214
74240
74229
74234
74239
74235
74227
74225
74218
74212
74214
74221
74210
74221
74226
74225
74232
74234
74224
74240
74223
74222
74213
74215
74226
74222
74219
74227
74223
74224
74231
74214
74222
74228
74219
74228
74214
74219
74219
74212
74206
74227
74214
74206
74207
74213
74203
74216
74216
74215
74220
74228
74219
74231
74211
74211
74200
74209
74191
74213
74199
74212
74192
74207
74199
74206
74204
74204
74206
74205
74196
74203
74209
74201
74206
74195
74204
74220
74202
74194
74224
74200
74208
74201
74197
74199
74194
74200
74200
74191
74195
74192
74200
74187
74195
74176
74194
74186
74178
74206
74195
74189
74193
74188
74198
74216
85792
79757
78104
79012
78922
78881
78856
78818
78873
78882
78883
78874
78886
78879
78884
78874
78879
78871
78869
78875
78871
78882
78878
78883
78884
78887
78877
78866
78863
78877
78873
78888
78879
78873
78870
78884
78876
78873
78868
78884
78872
78872
78881
78877
78880
78869
78865
78888
78873
78888
78881
78880
78890
78892
78877
78896
78892
78888
78906
78886
78895
78888
78896
78885
78898
78887
78883
78886
78884
78887
78877
78887
78872
78876
78876
78861
78867
78871
78885
78891
78894
78888
78886
78886
78888
78885
78879
78866
78883
78869
78867
78891
78887
78872
78876
78879
78871
78898
78886
78886
78890
78884
78893
78886
78887
78869
78885
78892
78875
78893
78879
78884
78875
78895
78886
78884
78878
78880
78859
78873
78869
78885
78866
78862
78875
78868
78876
78841
69546
74229
74195
74184
74196
74186
74194
74196
74193
74192
74188
74199
74197
74195
74212
74189
74209
74204
74205
74203
74201
74219
74204
74219
74216
74204
74207
74204
74207
74200
74207
74202
74200
74207
74206
74204
74203
74204
74203
74206
74195
74208
74203
74207
74207
74196
74197
74190
74188
74198
74198
74196
74202
74202
74194
74197
74193
74205
74187
74192
74197
74184
74196
74179
74195
74191
74204
74186
74193
74203
74186
74193
74193
74195
74200
74186
74188
74197
74181
74185
74196
74185
74196
74200
74202
74196
74189
74194
74174
74177
74187
74197
74197
74188
74199
74206
74187
74184
74199
74187
74194
74194
74189
74183
74192
74177
74178
74190
74183
74183
74179
74192
74172
74179
74176
74163
74186
74178
74183
74178
74162
74168
74183
74173
74183
74177
74180
74184
74165
74168
74174
74173
74171
74172
74166
74159
74179
74187
74170
74170
74157
74177
74170
74166
74173
74171
74167
74172
74165
74173
74178
74170
74175
74180
74181
74175
74178
74175
74170
74167
74187
74182
74187
74173
74167
74173
74172
74171
74170
74172
74167
74173
74165
74175
74176
74183
74170
74162
74168
74170
74178
74165
74183
74179
74169
74164
74175
74179
74168
74175
74176
74173
74179
74172
74167
74168
74179
74171
74166
74177
74164
74177
74174
74156
74166
74157
74162
74167
74159
74155
74162
74162
74161
74174
74169
74169
74182
74175
74163
74166
74161
74175
74168
74162
74172
74160
74154
74153
74157
74167
74164
74163
74158
74154
74158
74173
74158
74161
74164
74158
74160
74160
74164
74166
74162
74168
74179
74170
74148
74154
74167
74157
74162
74175
74178
74161
74169
74177
74157
74181
74163
74162
74164
74154
74164
74150
74150
74160
74164
74169
74169
74156
74177
74167
74174
74172
74171
74161
74169
74164
74169
74161
74135
74154
74156
74159
74159
74156
74161
74164
74173
74158
74155
74162
74152
74161
74156
74146
74157
74155
74157
74156
74164
74149
74164
74183
74165
74165
74165
74177
74173
74157
74165
74174
74165
74165
74170
74160
74174
74164
74167
74155
74167
74169
74167
74156
74149
74144
74169
74164
74164
74164
74152
74160
74163
74175
74161
74166
74158
74148
74146
74136
74140
74153
74157
74141
74143
74151
74146
74151
74152
74143
74164
74160
74156
74171
74149
74156
74159
74156
74174
74165
74158
74163
74162
74155
74138
74153
74165
74156
74145
74162
74136
74158
74162
74158
74166
74166
74160
74159
74159
74169
74161
74304
85782
79639
78118
78990
78841
78831
78852
78846
78833
78842
78839
78857
78841
78842
78845
78842
78836
78839
78841
78826
78829
78840
78840
78838
78841
78842
78833
78844
78839
78844
78844
78828
78850
78853
78832
78834
78832
78842
78846
78837
78833
78829
78842
78842
78839
78828
78838
78819
78842
78829
78834
78823
78823
78828
78833
78842
78829
78832
78825
78839
78849
78830
78836
78838
78841
78836
78831
78833
78825
78818
78824
78826
78833
78823
78842
78837
78838
78833
78849
78833
78838
78825
78832
78833
78829
78843
78821
78831
78838
78833
78837
78845
78831
78842
78834
78834
78835
78828
78823
78825
78828
78837
78828
78842
78837
78835
78834
78843
78841
78832
78837
78839
78850
78846
78843
78835
78835
78838
78839
78840
78850
78857
78847
78852
78849
78844
78833
78672
69577
74211
74166
74157
74162
74173
74165
74176
74170
74168
74166
74182
74164
74164
74175
74166
74160
74178
74169
74176
74174
74175
74176
74171
74170
74167
74172
74165
74192
74163
74179
74178
74174
74166
74168
74167
74169
74165
74179
74177
74183
74186
74174
74184
74163
74192
74179
74169
74178
74161
74174
74177
74171
74177
74182
74175
74155
74162
74159
74166
74172
74166
74169
74168
74177
74174
74181
74191
74180
74173
74144
74184
74175
74177
74177
74199
74185
74182
74172
74185
74191
74190
74179
74184
74175
74178
74180
74165
74164
74178
74172
74168
74168
74180
74171
74172
74157
74156
74151
74171
74159
74164
74158
74156
74152
74156
74147
74159
74146
74149
74151
74152
74148
74144
74155
74142
74155
74145
74147
74124
74139
74142
74138
74151
74164
74151
74148
74356
85726
79547
78092
78962
78807
78810
78833
78824
78826
78816
78820
78814
78815
78814
78819
78819
78822
78829
78827
78828
78821
78827
78826
78838
78833
78811
78828
78841
78839
78817
78835
78822
78822
78814
78826
78817
78838
78824
78830
78832
78816
78838
78825
78840
78822
78832
78822
78832
78842
78844
78842
78855
78837
78851
78836
78834
78845
78836
78838
78845
78833
78842
78856
78838
78834
78844
78834
78840
78840
78848
78827
78840
78849
78828
78836
78840
78836
78852
78826
78823
78831
78829
78835
78837
78841
78846
78824
78836
78825
78832
78847
78835
78838
78820
78823
78830
78827
78829
78847
78845
78845
78844
78843
78845
78828
78838
78834
78845
78825
78836
78839
78843
78836
78832
78833
78844
78835
78839
78849
78842
78838
78836
78850
78850
78840
78843
78852
78854
