69590
74260
74236
74228
74236
74234
74237
74234
74232
74232
74240
74234
74226
74226
74242
74230
74239
74243
74241
74242
74220
74230
74240
74231
74241
74242
74239
74224
74237
74237
74232
74230
74230
74230
74231
74238
74232
74238
74237
74238
74233
74238
74242
74240
74255
74242
74248
74238
74245
74234
74235
74224
74235
74232
74225
74227
74236
74250
74247
74243
74245
74238
74244
74241
74236
74232
74243
74243
74247
74243
74245
74227
74240
74238
74227
74230
74234
74232
74238
74231
74238
74236
74230
74229
74231
74239
74229
74239
74242
74220
74235
74230
74230
74225
74231
74217
74218
74223
74235
74227
74226
74224
74222
74222
74206
74230
74219
74231
74218
74223
74211
74238
74226
74228
74234
74209
74212
74212
74218
74217
74206
74218
74212
74212
74232
74222
74220
74250
85913
79862
78112
79064
78962
78873
78902
78923
78914
78879
78923
78874
78884
78924
78890
78881
78927
78906
78888
78923
78902
78886
78923
78925
78867
78909
78887
78869
78908
78944
78881
78895
78922
78908
78871
78909
78930
78882
78883
78915
78909
78866
78903
78936
78901
78874
78904
78934
78852
78887
78922
78943
78848
78898
78939
78934
78864
78899
78931
78858
78891
78918
78954
78850
78910
78937
78872
78889
78927
78935
78864
78901
78937
78900
78885
78916
78936
78865
78917
78942
78875
78879
78910
78934
78887
78894
78925
78901
78881
78907
78937
78960
78867
78908
78950
78894
78892
78919
78948
78892
78891
78926
78953
78859
78898
78918
78941
78838
78885
78917
78941
78850
78867
78905
78937
78867
78873
78902
78928
78911
78867
78900
78926
78942
78845
78887
78907
78890
69449
74256
74209
74203
74202
74206
74203
74207
74209
74208
74209
74206
74204
74208
74219
74225
74225
74222
74213
74220
74223
74220
74215
74227
74214
74212
74220
74225
74220
74222
74224
74228
74221
74215
74216
74221
74230
74230
74223
74210
74206
74215
74225
74225
74230
74221
74209
74220
74212
74220
74211
74210
74219
74204
74215
74210
74208
74220
74227
74227
74232
74220
74227
74226
74221
74211
74222
74215
74213
74236
74223
74231
74228
74229
74227
74217
74215
74212
74225
74227
74219
74218
74232
74217
74215
74217
74224
74222
74217
74226
74222
74209
74210
74219
74226
74221
74231
74218
74218
74232
74220
74214
74228
74212
74211
74223
74223
74218
74230
74201
74203
74207
74205
74209
74204
74202
74218
74191
74217
74201
74215
74211
74214
74207
74210
74202
74206
74214
74184
74186
74196
74181
74181
74180
74183
74182
74185
74187
74187
74195
74195
74189
74191
74193
74202
74197
74191
74196
74184
74188
74188
74182
74191
74195
74199
74201
74199
74218
74190
74195
74206
74189
74201
74183
74187
74186
74192
74184
74192
74178
74194
74194
74182
74186
74177
74183
74192
74193
74185
74185
74192
74187
74179
74185
74190
74178
74194
74175
74195
74190
74196
74192
74192
74183
74199
74196
74185
74193
74179
74183
74181
74187
74186
74174
74191
74190
74193
74172
74191
74200
74189
74177
74181
74183
74196
74192
74187
74173
74178
74175
74175
74168
74169
74185
74176
74164
74176
74176
74169
74183
74188
74187
74165
74179
74173
74174
74170
74170
74172
74171
74163
74141
74155
74162
74164
74171
74171
74166
74175
74159
74162
74151
74174
74169
74174
74172
74152
74156
74159
74154
74156
74145
74154
74145
74163
74154
74157
74150
74151
74153
74158
74157
74152
74162
74164
74159
74166
74168
74154
74167
74166
74159
74150
74149
74158
74153
74157
74157
74165
74174
74154
74170
74166
74169
74166
74173
74164
74170
74167
74146
74158
74172
74152
74161
74156
74159
74157
74160
74150
74166
74170
74159
74162
74158
74160
74167
74156
74167
74169
74171
74168
74158
74163
74177
74161
74154
74151
74152
74165
74154
74152
74156
74166
74156
74168
74169
74171
74165
74156
74180
74174
74168
74163
74161
74156
74152
74164
74158
74162
74153
74173
74158
74172
74162
74168
74165
74173
74156
74173
74161
74151
74149
74154
74162
74167
74151
74166
74156
74167
74167
74149
74147
74166
74153
74157
74173
74164
74161
74161
74165
74167
74165
74154
74309
85822
79667
78137
79016
78883
78825
78814
78855
78846
78852
78849
78844
78850
78854
78863
78857
78860
78846
78852
78855
78850
78850
78861
78843
78847
78849
78851
78854
78848
78853
78847
78845
78850
78847
78848
78847
78851
78838
78835
78843
78846
78848
78854
78853
78853
78851
78840
78847
78857
78843
78839
78852
78852
78851
78850
78848
78860
78867
78871
78873
78860
78862
78875
78870
78861
78853
78845
78878
78864
78851
78850
78858
78857
78845
78847
78850
78852
78851
78847
78847
78851
78851
78860
78859
78855
78846
78857
78857
78855
78856
78850
78848
78858
78858
78858
78856
78859
78859
78847
78857
78859
78873
78866
78865
78854
78850
78844
78849
78849
78857
78845
78846
78838
78841
78854
78849
78850
78858
78856
78848
78852
78855
78878
78861
78856
78854
78857
78679
69584
74207
74171
74160
74173
74163
74161
74169
74183
74173
74173
74183
74176
74176
74183
74179
74183
74188
74172
74183
74180
74192
74184
74183
74189
74175
74185
74187
74187
74179
74186
74184
74184
74189
74189
74194
74198
74207
74189
74196
74191
74197
74197
74195
74188
74193
74189
74197
74181
74170
74173
74197
74175
74182
74187
74186
74186
74185
74177
74173
74173
74181
74161
74176
74167
74182
74181
74183
74191
74191
74191
74193
74179
74181
74179
74176
74184
74176
74169
74168
74168
74172
74181
74164
74182
74182
74177
74170
74181
74174
74208
74168
74182
74177
74178
74178
74177
74179
74170
74170
74182
74188
74185
74187
74186
74174
74170
74180
74176
74178
74169
74173
74173
74168
74176
74175
74163
74164
74170
74165
74173
74164
74172
74167
74167
74166
74156
74385
85840
79635
78109
79010
78885
78775
78841
78863
78835
78863
78859
78859
78860
78855
78865
78868
78844
78847
78858
78857
78857
78857
78849
78855
78851
78860
78855
78875
78845
78855
78859
78855
78852
78875
78860
78871
78863
78873
78853
78862
78856
78849
78851
78863
78873
78858
78869
78863
78863
78860
78846
78841
78850
78863
78854
78859
78863
78848
78847
78855
78857
78855
78862
78858
78856
78874
78870
78865
78857
78848
78854
78851
78866
78867
78866
78852
78868
78859
78866
78865
78874
78877
78865
78867
78859
78868
78851
78865
78869
78865
78865
78865
78848
78837
78848
78870
78858
78872
78873
78862
78870
78863
78876
78859
78856
78869
78870
78870
78860
78849
78863
78848
78839
78854
78837
78837
78859
78832
78854
78850
78852
78850
78845
78857
78843
78848
78863
78867
