68617
73214
73178
73171
73180
73195
73187
73193
73191
73178
73174
73184
73161
73185
73171
73167
73184
73182
73179
73183
73171
73178
73163
73192
73182
73173
73187
73181
73179
73183
73179
73180
73168
73181
73172
73175
73173
73165
73168
73175
73170
73194
73173
73173
73165
73162
73172
73174
73168
73179
73179
73177
73188
73170
73188
73187
73172
73186
73183
73180
73174
73173
73159
73185
73174
73172
73166
73176
73169
73183
73177
73177
73182
73185
73180
73190
73174
73183
73171
73180
73174
73191
73164
73178
73166
73185
73175
73181
73179
73175
73179
73180
73170
73183
73186
73176
73189
73178
73182
73189
73171
73165
73192
73179
73185
73178
73175
73182
73176
73179
73178
73175
73179
73185
73195
73186
73191
73184
73193
73183
73181
73201
73190
73182
73188
73189
73196
73209
84788
78871
77233
78125
78034
77996
77973
77935
77991
77996
77999
77982
77988
77982
77989
77982
77988
77984
77973
77970
77975
77984
77978
77974
77974
77984
77984
77979
77976
77982
77983
77983
77980
77979
77983
77987
77981
77983
77981
77983
77977
77978
77982
77988
77990
77985
77978
77983
77971
77987
77992
77977
77977
77989
77974
77988
77989
77990
78003
77989
77983
77984
77996
77983
77993
77992
77980
77975
77980
77989
77985
77986
77971
77983
77981
77966
77987
77986
77993
77986
77984
77985
77980
77976
77988
77978
77983
77984
77987
77985
77982
77986
77995
77982
77981
77987
77980
77994
77982
77982
77982
77973
77981
77970
77979
77968
77992
77989
77975
77982
77969
77983
77972
77987
77988
77986
77981
77979
77965
77980
77967
77991
77980
77972
77997
77984
77953
77939
68621
73221
73184
73173
73192
73179
73188
73183
73187
73184
73173
73192
73191
73182
73203
73180
73197
73204
73204
73189
73192
73206
73200
73213
73212
73207
73203
73191
73201
73194
73195
73207
73201
73198
73199
73198
73185
73185
73198
73189
73186
73194
73189
73185
73184
73180
73189
73187
73182
73195
73182
73188
73196
73190
73197
73187
73188
73203
73185
73178
73186
73179
73191
73178
73203
73191
73196
73182
73190
73194
73181
73194
73195
73194
73187
73179
73186
73195
73189
73192
73206
73192
73199
73204
73195
73198
73190
73200
73190
73190
73206
73207
73203
73193
73206
73215
73205
73197
73211
73204
73205
73204
73199
73198
73210
73196
73193
73201
73191
73195
73191
73198
73189
73197
73194
73196
73207
73198
73197
73194
73189
73191
73203
73198
73208
73201
73208
73206
73194
73197
73201
73194
73190
73190
73180
73180
73191
73200
73195
73204
73193
73198
73190
73190
73201
73201
73195
73189
73193
73194
73193
73192
73189
73192
73191
73186
73195
73194
73191
73180
73199
73195
73198
73190
73190
73190
73186
73191
73191
73189
73187
73198
73185
73191
73195
73201
73197
73189
73197
73201
73201
73193
73210
73208
73209
73197
73197
73199
73189
73194
73201
73201
73204
73195
73193
73192
73199
73193
73179
73190
73179
73188
73186
73180
73197
73195
73189
73203
73192
73188
73196
73195
73191
73193
73193
73196
73196
73197
73182
73194
73189
73199
73194
73197
73209
73198
73203
73206
73202
73209
73204
73197
73198
73188
73183
73201
73200
73199
73203
73189
73193
73197
73204
73204
73203
73205
73209
73201
73188
73191
73205
73193
73201
73215
73219
73203
73199
73205
73182
73206
73199
73200
73206
73191
73199
73192
73188
73207
73203
73202
73213
73199
73211
73193
73209
73203
73209
73199
73206
73201
73200
73191
73197
73206
73202
73200
73197
73197
73201
73200
73202
73193
73198
73200
73195
73207
73207
73205
73217
73218
73214
73206
73222
73201
73216
73223
73208
73216
73207
73207
73211
73202
73211
73216
73210
73213
73215
73202
73211
73209
73206
73194
73213
73204
73206
73203
73207
73195
73209
73202
73202
73212
73198
73207
73213
73220
73209
73210
73212
73207
73211
73200
73216
73228
73219
73200
73207
73220
73213
73215
73212
73207
73216
73214
73214
73212
73198
73210
73214
73216
73219
73213
73206
73203
73206
73205
73190
73204
73208
73205
73193
73210
73193
73217
73219
73208
73211
73207
73204
73206
73210
73211
73210
73350
84800
78754
77275
78128
77999
77979
78002
78000
77998
78004
77996
78009
77997
78009
78012
78010
78004
78009
78005
77992
78006
78015
78011
78010
78008
77998
78003
78011
77998
78003
78006
77979
77993
77995
77977
77990
77991
77995
77996
77995
77994
77993
77999
78001
77997
77988
77993
77991
77999
77981
77997
77984
77985
77990
77987
78005
77992
77980
77976
77983
77996
77983
77988
77991
78000
77998
77986
78001
77999
77993
78000
77995
77990
77981
77993
77979
77987
77981
77995
77979
77981
77982
77987
77988
77979
77986
77968
77978
77981
77981
77983
77998
77986
77993
77983
77983
77984
77973
77979
77985
77982
77997
77984
77999
78001
77995
77984
77995
77986
77979
77984
77996
77996
77990
78001
77999
77990
77991
77997
77994
77998
78001
77994
77995
77986
77988
77971
77817
68709
73246
73204
73197
73196
73214
73206
73219
73209
73202
73207
73214
73201
73204
73220
73203
73203
73226
73219
73219
73213
73218
73218
73211
73214
73214
73208
73207
73219
73208
73221
73224
73220
73213
73219
73218
73211
73207
73218
73214
73215
73216
73208
73211
73215
73230
73206
73207
73215
73201
73208
73205
73205
73211
73214
73203
73193
73209
73208
73213
73209
73206
73204
73206
73221
73211
73207
73213
73207
73207
73214
73217
73212
73211
73217
73218
73213
73208
73203
73214
73215
73203
73207
73214
73205
73213
73217
73211
73211
73223
73212
73209
73211
73217
73215
73229
73215
73217
73208
73222
73210
73209
73207
73214
73214
73219
73205
73220
73198
73201
73211
73248
73213
73205
73221
73209
73213
73218
73223
73205
73225
73218
73214
73220
73220
73214
73216
73430
84779
78720
77290
78136
77981
77982
78002
77999
77997
77984
77992
77988
77990
77986
77987
77992
77986
77987
77987
77997
77982
77989
77986
77994
77991
77988
78000
77993
77995
77992
78006
78000
77993
77989
77992
77997
78000
77996
77996
77993
77982
77997
77986
78002
77982
77988
77983
77952
77982
77988
77988
78001
77985
77996
77961
77990
77994
77997
77998
78003
77997
78002
78013
78002
78005
77999
77993
78001
78005
78008
77981
77994
78007
77998
78011
78015
78006
78013
77988
77988
77997
77994
77987
77998
78008
78017
78007
78019
78002
77996
78007
78000
78012
77999
78001
78010
77996
78004
78015
78011
78012
78005
78005
78004
77984
78005
78006
78016
78005
78007
78010
78005
78002
78003
77999
78005
78002
78010
78009
78012
78002
78007
78008
78004
77996
78002
78004
78010
