113658.0
117921.0
113746.0
117871.0
113787.0
117995.0
113757.0
117931.0
113829.0
118043.0
113813.0
117863.0
113885.0
117929.0
113817.0
117987.0
113824.0
118010.0
113891.0
117967.0
113878.0
118055.0
113946.0
118007.0
113986.0
117964.0
114044.0
118068.0
113983.0
118062.0
113857.0
118044.0
114015.0
118068.0
113984.0
118099.0
113833.0
118067.0
113937.0
118079.0
113972.0
118216.0
113965.0
118117.0
114010.0
118298.0
113885.0
118116.0
113918.0
118030.0
113948.0
118118.0
114115.0
118242.0
114024.0
118261.0
114050.0
118249.0
114174.0
118230.0
114069.0
118338.0
114137.0
118309.0
114129.0
118360.0
114062.0
118249.0
114112.0
118311.0
114103.0
118210.0
114149.0
118310.0
114094.0
118327.0
114180.0
118290.0
114135.0
118215.0
114092.0
118168.0
114094.0
118348.0
114011.0
118220.0
114037.0
118204.0
114032.0
118135.0
113990.0
118054.0
114061.0
118050.0
113995.0
118336.0
114141.0
118300.0
113974.0
118153.0
113893.0
118169.0
114039.0
118187.0
114028.0
118285.0
114032.0
118311.0
114076.0
118135.0
114069.0
118241.0
114063.0
118189.0
114098.0
118195.0
114044.0
118371.0
114275.0
118272.0
114109.0
118262.0
114049.0
118449.0
114062.0
118262.0
114110.0
118341.0
114194.0
118267.0
114136.0
118403.0
114113.0
118333.0
114116.0
118382.0
114136.0
118280.0
114200.0
118371.0
114124.0
118398.0
114160.0
118431.0
114219.0
118318.0
114082.0
118299.0
114011.0
118123.0
114124.0
118321.0
114022.0
118301.0
114100.0
118301.0
114050.0
118317.0
114168.0
118265.0
114074.0
118143.0
113977.0
118219.0
114161.0
118292.0
114066.0
118218.0
114065.0
118233.0
114144.0
118282.0
114205.0
118496.0
114131.0
118328.0
114104.0
118271.0
114247.0
118416.0
114216.0
118334.0
114088.0
118273.0
114199.0
118238.0
114037.0
118331.0
114133.0
118231.0
114099.0
118416.0
114267.0
118362.0
114169.0
118231.0
114098.0
118271.0
114115.0
118288.0
114072.0
118213.0
114167.0
118296.0
114121.0
118338.0
114050.0
118319.0
114190.0
118348.0
114244.0
118392.0
114147.0
118331.0
114099.0
118376.0
114240.0
118396.0
114117.0
118331.0
114077.0
118335.0
114194.0
118327.0
114192.0
118422.0
114167.0
118320.0
114234.0
118373.0
114166.0
118369.0
114141.0
118371.0
114240.0
118425.0
114140.0
118289.0
114150.0
118334.0
114161.0
118335.0
114107.0
118342.0
114059.0
118295.0
114185.0
118231.0
114130.0
118276.0
114076.0
118345.0
114060.0
118336.0
114126.0
118219.0
114119.0
118335.0
114129.0
118174.0
114223.0
118277.0
114125.0
118320.0
114191.0
118397.0
114183.0
118415.0
114152.0
118348.0
114153.0
118329.0
114152.0
118304.0
114052.0
118340.0
114081.0
118310.0
114160.0
118195.0
114131.0
118224.0
114130.0
118338.0
114216.0
118437.0
114117.0
118280.0
114136.0
118354.0
114145.0
118266.0
114160.0
118318.0
114106.0
118255.0
114142.0
118403.0
114152.0
118296.0
114081.0
118356.0
114138.0
118439.0
114211.0
118352.0
114251.0
118374.0
114215.0
118345.0
114098.0
118334.0
114195.0
118390.0
114170.0
118389.0
114139.0
118305.0
114193.0
118231.0
114134.0
118306.0
114143.0
118327.0
114249.0
118277.0
114161.0
118374.0
114162.0
118377.0
114261.0
118462.0
114188.0
118442.0
114221.0
118549.0
114231.0
118312.0
114176.0
118428.0
114180.0
118316.0
114230.0
118474.0
114093.0
118361.0
114160.0
118438.0
114147.0
118270.0
114205.0
118325.0
114189.0
118295.0
114233.0
118377.0
114150.0
118281.0
114166.0
118365.0
114041.0
118408.0
114268.0
118327.0
114186.0
118397.0
114126.0
118312.0
114157.0
118210.0
114126.0
118325.0
114167.0
118461.0
114296.0
118390.0
114256.0
118458.0
114181.0
118210.0
114102.0
118371.0
114071.0
118349.0
114230.0
118271.0
114181.0
118416.0
114237.0
118419.0
114174.0
118339.0
114212.0
118377.0
114136.0
118423.0
114157.0
118256.0
114185.0
118425.0
114244.0
118405.0
114141.0
118419.0
114252.0
118425.0
114283.0
118421.0
114282.0
118469.0
114250.0
118488.0
114237.0
118450.0
114256.0
118472.0
114286.0
118458.0
114266.0
118482.0
114293.0
118460.0
114220.0
118396.0
114282.0
118462.0
114313.0
118444.0
114073.0
118358.0
114189.0
118453.0
114129.0
118452.0
114332.0
118435.0
114330.0
118526.0
114179.0
118553.0
114233.0
118602.0
114315.0
118506.0
114289.0
118469.0
114253.0
118531.0
114355.0
118663.0
114316.0
118593.0
114370.0
118626.0
114332.0
118544.0
114265.0
118667.0
114304.0
118501.0
114184.0
118601.0
114277.0
118532.0
114337.0
118524.0
114241.0
118517.0
114415.0
118564.0
114272.0
118582.0
114333.0
118391.0
114249.0
118513.0
114311.0
118483.0
114277.0
118621.0
114346.0
118463.0
114313.0
118436.0
114291.0
118511.0
114405.0
118464.0
114249.0
118501.0
114260.0
118615.0
114398.0
118523.0
114333.0
118545.0
114274.0
118491.0
114401.0
118503.0
114288.0
118436.0
114256.0
118434.0
114332.0
118587.0
114367.0
118471.0
114398.0
118607.0
114317.0
118633.0
114374.0
118596.0
114324.0
118543.0
114319.0
118499.0
114318.0
118474.0
114295.0
118563.0
114409.0
118628.0
114344.0
118588.0
114316.0
118486.0
114349.0
118598.0
114350.0
118543.0
114388.0
118536.0
114193.0
118503.0
114394.0
118464.0
114390.0
118455.0
114278.0
118500.0
114227.0
118503.0
114280.0
118512.0
114318.0
118626.0
114230.0
118395.0
114242.0
118518.0
114274.0
118558.0
114231.0
118533.0
114328.0
118589.0
114320.0
118528.0
114362.0
118574.0
114375.0
118520.0
114301.0
118481.0
114248.0
118464.0
114309.0
118462.0
114307.0
118481.0
114271.0
118616.0
114367.0
118646.0
114309.0
118525.0
114361.0
118464.0
114303.0
118565.0
114447.0
118505.0
114369.0
118565.0
114331.0
118444.0
114282.0
118588.0
114257.0
118570.0
114358.0
118510.0
114360.0
118552.0
114350.0
118524.0
114308.0
118547.0
114321.0
118498.0
114344.0
118547.0
114322.0
118535.0
114246.0
118450.0
114268.0
118538.0
114277.0
118525.0
114407.0
118597.0
114343.0
118621.0
114266.0
118573.0
114466.0
118508.0
114312.0
118462.0
114274.0
118568.0
114407.0
118625.0
114389.0
118641.0
114291.0
118575.0
114339.0
118591.0
114444.0
118586.0
114383.0
118524.0
114363.0
118607.0
114292.0
118545.0
114326.0
118573.0
114282.0
118541.0
114351.0
118429.0
114292.0
118519.0
114273.0
118492.0
114317.0
118606.0
114333.0
118538.0
114361.0
118500.0
114428.0
118571.0
114405.0
118626.0
114359.0
118589.0
114414.0
118707.0
114332.0
118671.0
114486.0
118676.0
114480.0
118652.0
114388.0
118586.0
114317.0
118531.0
114520.0
118620.0
114327.0
118575.0
114350.0
118593.0
114290.0
118490.0
114372.0
118630.0
114451.0
118607.0
114373.0
118645.0
114400.0
118693.0
114463.0
118605.0
114467.0
118671.0
114403.0
118645.0
114446.0
118603.0
114401.0
118648.0
114420.0
118617.0
114493.0
118704.0
114410.0
118735.0
114446.0
118783.0
114461.0
118744.0
114453.0
118612.0
114334.0
118625.0
114393.0
118485.0
114410.0
118618.0
114430.0
118613.0
114442.0
118640.0
114426.0
118676.0
114416.0
118769.0
114514.0
118637.0
114457.0
118666.0
114457.0
118656.0
114503.0
118595.0
114395.0
118562.0
114388.0
118718.0
114443.0
118593.0
114401.0
118505.0
114317.0
118529.0
114431.0
118628.0
114496.0
118560.0
114388.0
118588.0
114381.0
118602.0
114382.0
118659.0
114307.0
118598.0
114467.0
118605.0
114402.0
118619.0
114278.0
118695.0
114476.0
118588.0
114397.0
118566.0
114418.0
118612.0
114263.0
118620.0
114389.0
118494.0
114302.0
118491.0
114329.0
118483.0
114380.0
118555.0
114374.0
118680.0
114339.0
118604.0
114449.0
118558.0
114288.0
118528.0
114412.0
118546.0
114262.0
118620.0
114383.0
118546.0
114323.0
118471.0
114348.0
118503.0
114389.0
118511.0
114308.0
118573.0
114363.0
118449.0
114367.0
118416.0
114287.0
118413.0
114207.0
118400.0
114337.0
118565.0
114284.0
118446.0
114215.0
118505.0
114210.0
118467.0
114269.0
118515.0
114288.0
118505.0
114309.0
118624.0
114360.0
118639.0
114243.0
118545.0
114322.0
118587.0
114322.0
118508.0
114372.0
118525.0
114219.0
118569.0
114301.0
118574.0
114382.0
118529.0
114308.0
118455.0
114201.0
118430.0
114217.0
118531.0
114262.0
118501.0
114177.0
118521.0
114222.0
118575.0
114249.0
118419.0
114252.0
118454.0
114214.0
118526.0
114270.0
118378.0
114241.0
118514.0
114263.0
118606.0
114358.0
118662.0
114316.0
118539.0
114359.0
118637.0
114232.0
118512.0
114251.0
118581.0
114387.0
118561.0
114312.0
118641.0
114348.0
118603.0
114275.0
118491.0
114247.0
118548.0
114308.0
118534.0
114351.0
118650.0
114347.0
118631.0
114352.0
118624.0
114314.0
118649.0
114346.0
118516.0
114366.0
118528.0
114278.0
118471.0
114274.0
118568.0
114431.0
118686.0
114297.0
118553.0
114355.0
118606.0
114380.0
118621.0
114436.0
118558.0
114331.0
118690.0
114370.0
118660.0
114445.0
118585.0
114481.0
118756.0
114412.0
118652.0
114464.0
118666.0
114476.0
118613.0
114410.0
118683.0
114412.0
118621.0
114470.0
118709.0
114391.0
118705.0
114465.0
118571.0
114296.0
118503.0
114410.0
118646.0
114379.0
118579.0
114317.0
118593.0
114369.0
118553.0
114462.0
118547.0
114314.0
118648.0
114321.0
118667.0
114373.0
118613.0
114371.0
118626.0
114400.0
118540.0
114352.0
118547.0
114430.0
118646.0
114413.0
118618.0
114379.0
118559.0
114373.0
118647.0
114483.0
118586.0
114299.0
118620.0
114480.0
118650.0
114366.0
118625.0
114305.0
118725.0
114462.0
118546.0
114335.0
118555.0
114416.0
118661.0
114354.0
118616.0
114396.0
118568.0
114310.0
118506.0
114296.0
118577.0
114385.0
118484.0
114341.0
118580.0
114432.0
118540.0
114392.0
118587.0
114273.0
118706.0
114343.0
118640.0
114328.0
118629.0
114362.0
118525.0
114288.0
118487.0
114373.0
118452.0
114360.0
118693.0
114313.0
118594.0
114404.0
118529.0
114317.0
118592.0
114364.0
118539.0
114316.0
118635.0
114318.0
118492.0
114296.0
118592.0
114439.0
118536.0
114354.0
118740.0
114412.0
118495.0
114331.0
118630.0
114426.0
118572.0
114324.0
118547.0
114358.0
118568.0
114333.0
118510.0
114403.0
118477.0
114397.0
118599.0
114250.0
118652.0
114237.0
118498.0
114393.0
118488.0
114202.0
118646.0
114268.0
118562.0
114307.0
118402.0
114270.0
118488.0
114330.0
118693.0
114305.0
118506.0
114354.0
118624.0
114359.0
118586.0
114254.0
118576.0
114217.0
118493.0
114345.0
118592.0
114377.0
118669.0
114261.0
118531.0
114246.0
118546.0
114207.0
118428.0
114188.0
118412.0
114178.0
118440.0
114199.0
118497.0
114304.0
118477.0
114284.0
118582.0
114268.0
118439.0
114197.0
118389.0
114423.0
118563.0
114319.0
118590.0
114402.0
118483.0
114331.0
118612.0
114372.0
118493.0
114217.0
118470.0
114225.0
118458.0
114257.0
118492.0
114171.0
118417.0
114276.0
118438.0
114279.0
118517.0
114363.0
118459.0
114266.0
118381.0
114325.0
118613.0
114254.0
118557.0
114333.0
118573.0
114318.0
118547.0
114223.0
118548.0
114397.0
118589.0
114354.0
118628.0
114353.0
118653.0
114294.0
118697.0
114361.0
118618.0
114317.0
118643.0
114360.0
118563.0
114299.0
118470.0
114419.0
118698.0
114308.0
118581.0
114327.0
118520.0
114343.0
118625.0
114364.0
118522.0
114443.0
118610.0
114380.0
118509.0
114306.0
118557.0
114322.0
118573.0
114437.0
118572.0
114293.0
118669.0
114443.0
118626.0
114454.0
118546.0
114435.0
118498.0
114403.0
118625.0
114290.0
118555.0
114322.0
118502.0
114374.0
118557.0
114350.0
118512.0
114440.0
118630.0
114383.0
118576.0
114289.0
118523.0
114478.0
118489.0
114255.0
118519.0
114405.0
118605.0
114405.0
118577.0
114320.0
118431.0
114270.0
118601.0
114395.0
118506.0
114349.0
118620.0
114487.0
118655.0
114407.0
118620.0
114444.0
118628.0
114447.0
118625.0
114454.0
118620.0
114571.0
118682.0
114492.0
118740.0
114512.0
118781.0
114412.0
118660.0
114509.0
118660.0
114521.0
118624.0
114412.0
118752.0
114440.0
118670.0
114508.0
118738.0
114491.0
118771.0
114530.0
118669.0
114434.0
118603.0
114444.0
118658.0
114317.0
118636.0
114406.0
118646.0
114380.0
118571.0
114331.0
118517.0
114441.0
118656.0
114408.0
118583.0
114360.0
118643.0
114361.0
118573.0
114329.0
118645.0
114421.0
118531.0
114357.0
118549.0
114354.0
118514.0
114338.0
118597.0
114312.0
118572.0
114372.0
118541.0
114348.0
118503.0
114399.0
118594.0
114323.0
118696.0
114522.0
118551.0
114439.0
118671.0
114399.0
118602.0
114340.0
118609.0
114362.0
118535.0
114258.0
118531.0
114331.0
118539.0
114431.0
118614.0
114300.0
118456.0
114347.0
118493.0
114348.0
118588.0
114356.0
118461.0
114361.0
118547.0
114271.0
118589.0
114291.0
118443.0
114292.0
118598.0
114395.0
118495.0
114337.0
118519.0
114264.0
118547.0
114367.0
118645.0
114368.0
118627.0
114424.0
118489.0
114250.0
118481.0
114342.0
118517.0
114348.0
118573.0
114341.0
118567.0
114298.0
118475.0
114192.0
118597.0
114322.0
118555.0
114360.0
118528.0
114348.0
118542.0
114335.0
118582.0
114283.0
118468.0
114309.0
118530.0
114254.0
118573.0
114265.0
118587.0
114287.0
118510.0
114394.0
118463.0
114336.0
118587.0
114239.0
118599.0
114264.0
118634.0
114313.0
118531.0
114301.0
118481.0
114290.0
118602.0
114412.0
118606.0
114380.0
118611.0
114308.0
118612.0
114437.0
118568.0
114359.0
118676.0
114516.0
118598.0
114372.0
118595.0
114381.0
118594.0
114346.0
118621.0
114349.0
118592.0
114348.0
118582.0
114323.0
118671.0
114432.0
118562.0
114488.0
118583.0
114375.0
118558.0
114368.0
118635.0
114347.0
118646.0
114474.0
118719.0
114433.0
118702.0
114402.0
118614.0
114500.0
118788.0
114473.0
118656.0
114410.0
118475.0
114446.0
118554.0
114425.0
118521.0
114295.0
118628.0
114447.0
118594.0
114337.0
118571.0
114319.0
118577.0
114332.0
118579.0
114401.0
118537.0
114422.0
118508.0
114417.0
118442.0
114332.0
118517.0
114261.0
118507.0
114307.0
118505.0
114390.0
118450.0
114350.0
118524.0
114386.0
118644.0
114409.0
118617.0
114419.0
118591.0
114343.0
118605.0
114424.0
118544.0
114287.0
118559.0
114368.0
118551.0
114287.0
118479.0
114394.0
118549.0
114257.0
118549.0
114358.0
118592.0
114387.0
118557.0
114374.0
118561.0
114371.0
118557.0
114379.0
118576.0
114420.0
118496.0
114273.0
118489.0
114322.0
118510.0
114328.0
118434.0
114209.0
118555.0
114421.0
118556.0
114310.0
118439.0
114376.0
118495.0
114310.0
118614.0
114405.0
118600.0
114240.0
118545.0
114275.0
118516.0
114295.0
118533.0
114278.0
118528.0
114222.0
118533.0
114350.0
118445.0
114238.0
118347.0
114368.0
118420.0
114385.0
118577.0
114433.0
118672.0
114470.0
118645.0
114397.0
118682.0
114336.0
118552.0
114353.0
118545.0
114404.0
118456.0
114329.0
118518.0
114301.0
118493.0
114260.0
118528.0
114342.0
118531.0
114332.0
118472.0
114302.0
118482.0
114265.0
118511.0
114233.0
118563.0
114315.0
118532.0
114327.0
118553.0
114290.0
118594.0
114318.0
118400.0
114309.0
118537.0
114352.0
118560.0
114340.0
118475.0
114295.0
118619.0
114239.0
118639.0
114370.0
118533.0
114396.0
118497.0
114280.0
118565.0
114285.0
118536.0
114373.0
118589.0
114412.0
118475.0
114390.0
118565.0
114373.0
118595.0
114343.0
118512.0
114322.0
118534.0
114305.0
118489.0
114246.0
118516.0
114209.0
118433.0
114160.0
118323.0
114174.0
118441.0
114319.0
118463.0
114261.0
118546.0
114291.0
118374.0
114206.0
118521.0
114338.0
118471.0
114248.0
118497.0
114291.0
118472.0
114179.0
118574.0
114240.0
118519.0
114307.0
118481.0
114381.0
118550.0
114382.0
118634.0
114418.0
118629.0
114440.0
118580.0
114345.0
118587.0
114347.0
118618.0
114451.0
118716.0
114398.0
118677.0
114394.0
118591.0
114386.0
118610.0
114416.0
118470.0
114400.0
118582.0
114406.0
118724.0
114361.0
118680.0
114414.0
118614.0
114412.0
118561.0
114313.0
118629.0
114409.0
118606.0
114277.0
118673.0
114446.0
118592.0
114325.0
118679.0
114411.0
118578.0
114447.0
118652.0
114466.0
118643.0
114330.0
118610.0
114455.0
118578.0
114456.0
118647.0
114487.0
118656.0
114343.0
118645.0
114397.0
118700.0
114237.0
118646.0
114446.0
118647.0
114425.0
118577.0
114367.0
118643.0
114331.0
118655.0
114302.0
118518.0
114370.0
118541.0
114289.0
118669.0
114422.0
118648.0
114358.0
118555.0
114283.0
118671.0
114340.0
118605.0
114381.0
118611.0
114446.0
118598.0
114433.0
118521.0
114337.0
118544.0
114408.0
118750.0
114396.0
118634.0
114361.0
118607.0
114337.0
118564.0
114297.0
118502.0
114312.0
118457.0
114340.0
118439.0
114444.0
118545.0
114308.0
118568.0
114385.0
118499.0
114346.0
118671.0
114345.0
118713.0
114336.0
118621.0
114459.0
118562.0
114380.0
118571.0
114314.0
118642.0
114440.0
118580.0
114302.0
118542.0
114394.0
118498.0
114256.0
118548.0
114337.0
118530.0
114362.0
118595.0
114398.0
118661.0
114490.0
118640.0
114444.0
118654.0
114453.0
118498.0
114271.0
118652.0
114375.0
118519.0
114375.0
118646.0
114279.0
118646.0
114349.0
118534.0
114377.0
118597.0
114382.0
118560.0
114299.0
118549.0
114289.0
118579.0
114281.0
118542.0
114273.0
118591.0
114330.0
118604.0
114388.0
118549.0
114265.0
118503.0
114257.0
118575.0
114298.0
118502.0
114321.0
118539.0
114294.0
118582.0
114412.0
118662.0
114351.0
118540.0
114304.0
118610.0
114361.0
118672.0
114395.0
118481.0
114284.0
118547.0
114246.0
118576.0
114323.0
118564.0
114408.0
118615.0
114426.0
118541.0
114336.0
118474.0
114409.0
118467.0
114393.0
118522.0
114344.0
118602.0
114405.0
118667.0
114427.0
118646.0
114384.0
118797.0
114369.0
118652.0
114290.0
118651.0
114277.0
118651.0
114359.0
118599.0
114480.0
118616.0
114420.0
118734.0
114466.0
118652.0
114414.0
118523.0
114336.0
118551.0
114300.0
118618.0
114328.0
118625.0
114443.0
118677.0
114366.0
118650.0
114365.0
118600.0
114337.0
118570.0
114341.0
118531.0
114331.0
118549.0
114332.0
118571.0
114321.0
118599.0
114449.0
118554.0
114365.0
118515.0
114273.0
118602.0
114304.0
118586.0
114331.0
118626.0
114347.0
118540.0
114269.0
118548.0
114269.0
118480.0
114299.0
118536.0
114411.0
118639.0
114486.0
118600.0
114355.0
118534.0
114345.0
118593.0
114366.0
118662.0
114377.0
118606.0
114369.0
118614.0
114392.0
118657.0
114379.0
118709.0
114500.0
118594.0
114474.0
118555.0
114285.0
118736.0
114514.0
118777.0
114428.0
118630.0
114346.0
118540.0
114364.0
118581.0
114397.0
118645.0
114351.0
118563.0
114366.0
118661.0
114416.0
118489.0
114317.0
118609.0
114302.0
118545.0
114328.0
118536.0
114409.0
118651.0
114371.0
118600.0
114448.0
118631.0
114477.0
118703.0
114464.0
118630.0
114406.0
118544.0
114412.0
118555.0
114420.0
118552.0
114547.0
118576.0
114460.0
118510.0
114441.0
118640.0
114439.0
118720.0
114307.0
118564.0
114320.0
118475.0
114376.0
118556.0
114445.0
118606.0
114363.0
118568.0
114384.0
118545.0
114438.0
118721.0
114446.0
118566.0
114344.0
118630.0
114377.0
118568.0
114447.0
118672.0
114399.0
118610.0
114387.0
118741.0
114457.0
118581.0
114422.0
118585.0
114421.0
118640.0
114430.0
118614.0
114397.0
118752.0
114404.0
118744.0
114490.0
118599.0
114391.0
118462.0
114445.0
118701.0
114359.0
118629.0
114469.0
118804.0
114535.0
118656.0
114411.0
118644.0
114459.0
118587.0
114413.0
118732.0
114417.0
118706.0
114361.0
118684.0
114401.0
118712.0
114479.0
118675.0
114458.0
118715.0
114512.0
118697.0
114446.0
118707.0
114616.0
118770.0
114426.0
118667.0
114453.0
118608.0
114541.0
118619.0
114346.0
118629.0
114416.0
118706.0
114447.0
118659.0
114379.0
118529.0
114395.0
118697.0
114484.0
118629.0
114512.0
118580.0
114539.0
118704.0
114385.0
118584.0
114379.0
118684.0
114311.0
118580.0
114417.0
118618.0
114410.0
118649.0
114439.0
118643.0
114446.0
118629.0
114358.0
118569.0
114521.0
118541.0
114463.0
118619.0
114478.0
118568.0
114379.0
118564.0
114403.0
118516.0
114279.0
118562.0
114321.0
118566.0
114310.0
118514.0
114278.0
118563.0
114254.0
118477.0
114348.0
118652.0
114288.0
118452.0
114337.0
118649.0
114260.0
118454.0
114255.0
118398.0
114275.0
118488.0
114263.0
118566.0
114349.0
118560.0
114254.0
118509.0
114290.0
118527.0
114241.0
118418.0
114328.0
118535.0
114375.0
118606.0
114414.0
118573.0
114309.0
118684.0
114458.0
118604.0
114546.0
118704.0
114429.0
118588.0
114395.0
118659.0
114404.0
118606.0
114285.0
118577.0
114374.0
118575.0
114406.0
118478.0
114367.0
118613.0
114362.0
118718.0
114380.0
118601.0
114319.0
118639.0
114411.0
118587.0
114427.0
118582.0
114481.0
118680.0
114414.0
118654.0
114351.0
118574.0
114378.0
118648.0
114367.0
118522.0
114388.0
118674.0
114417.0
118686.0
114444.0
118567.0
114351.0
118574.0
114429.0
118588.0
114352.0
118598.0
114433.0
118570.0
114367.0
118611.0
114452.0
118601.0
114418.0
118622.0
114467.0
118691.0
114473.0
118604.0
114449.0
118630.0
114398.0
118660.0
114399.0
118602.0
114375.0
118611.0
114417.0
118699.0
114434.0
118678.0
114428.0
118678.0
114398.0
118702.0
114382.0
118490.0
114418.0
118719.0
114483.0
118625.0
114450.0
118636.0
114372.0
118667.0
114393.0
118666.0
114429.0
118665.0
114493.0
118700.0
114362.0
118655.0
114396.0
118674.0
114569.0
118819.0
114465.0
118679.0
114525.0
118712.0
114439.0
118852.0
114513.0
118795.0
114528.0
118697.0
114473.0
118757.0
114449.0
118851.0
114471.0
118781.0
114545.0
118858.0
114603.0
118766.0
114625.0
118761.0
114545.0
118777.0
114514.0
118801.0
114452.0
118874.0
114570.0
118750.0
114605.0
118841.0
114454.0
118722.0
114506.0
118578.0
114442.0
118691.0
114389.0
118711.0
114416.0
118713.0
114499.0
118757.0
114518.0
118716.0
114670.0
118690.0
114598.0
118717.0
114627.0
118746.0
114615.0
118772.0
114455.0
118813.0
114461.0
118777.0
114428.0
118687.0
114488.0
118600.0
114502.0
118782.0
114500.0
118750.0
114384.0
118754.0
114511.0
118808.0
114461.0
118739.0
114544.0
118654.0
114521.0
118806.0
114458.0
118723.0
114496.0
118790.0
114389.0
118705.0
114369.0
118737.0
114482.0
118640.0
114288.0
118616.0
114439.0
118699.0
114520.0
118657.0
114438.0
118764.0
114424.0
118763.0
114382.0
118644.0
114460.0
118624.0
114450.0
118662.0
114456.0
118654.0
114274.0
118691.0
114418.0
118660.0
114406.0
118530.0
114422.0
118587.0
114395.0
118656.0
114263.0
118615.0
114317.0
118631.0
114450.0
118655.0
114432.0
118605.0
114328.0
118551.0
114413.0
118634.0
114461.0
118697.0
114296.0
118511.0
114433.0
118620.0
114361.0
118627.0
114382.0
118600.0
114457.0
118634.0
114263.0
118670.0
114474.0
118679.0
114436.0
118574.0
114448.0
118730.0
114456.0
118754.0
114376.0
118676.0
114490.0
118639.0
114394.0
118790.0
114440.0
118685.0
114502.0
118743.0
114479.0
118766.0
114360.0
118686.0
114478.0
118679.0
114437.0
118777.0
114571.0
118757.0
114531.0
118750.0
114414.0
118771.0
114532.0
118747.0
114504.0
118730.0
114528.0
118656.0
114426.0
118638.0
114454.0
118643.0
114433.0
118730.0
114484.0
118656.0
114503.0
118626.0
114353.0
118602.0
114412.0
118701.0
114486.0
118595.0
114432.0
118696.0
114431.0
118775.0
114462.0
118716.0
114442.0
118662.0
114556.0
118591.0
114328.0
118622.0
114420.0
118676.0
114423.0
118615.0
114377.0
118621.0
114446.0
118622.0
114422.0
118666.0
114494.0
118689.0
114392.0
118666.0
114334.0
118697.0
114391.0
118686.0
114547.0
118740.0
114479.0
118777.0
114408.0
118699.0
114436.0
118689.0
114364.0
118688.0
114288.0
118563.0
114438.0
118711.0
114420.0
118680.0
114476.0
118694.0
114503.0
118737.0
114472.0
118723.0
114389.0
118589.0
114434.0
118644.0
114537.0
118857.0
114516.0
118750.0
114511.0
118824.0
114405.0
118734.0
114461.0
118899.0
114485.0
118751.0
114475.0
118705.0
114572.0
118860.0
114569.0
118787.0
114538.0
118796.0
114597.0
118910.0
114406.0
118852.0
114573.0
118691.0
114481.0
118694.0
114286.0
118545.0
114294.0
118671.0
114515.0
118645.0
114481.0
118769.0
114611.0
118669.0
114542.0
118776.0
114586.0
118787.0
114573.0
118786.0
114465.0
118820.0
114528.0
118848.0
114479.0
118730.0
114536.0
118687.0
114442.0
118615.0
114381.0
118735.0
114324.0
118775.0
114488.0
118504.0
114408.0
118545.0
114292.0
118673.0
114471.0
118718.0
114358.0
118796.0
114434.0
118705.0
114302.0
118614.0
114258.0
118633.0
114325.0
118627.0
114299.0
118518.0
114393.0
118601.0
114396.0
118587.0
114390.0
118585.0
114321.0
118622.0
114371.0
118610.0
114273.0
118568.0
114327.0
118585.0
114404.0
118632.0
114427.0
118590.0
114387.0
118734.0
114409.0
118683.0
114285.0
118598.0
114378.0
118649.0
114299.0
118583.0
114279.0
118569.0
114304.0
118628.0
114234.0
118393.0
114371.0
118612.0
114262.0
118560.0
114392.0
118649.0
114314.0
118547.0
114300.0
118635.0
114358.0
118554.0
114320.0
118663.0
114343.0
118619.0
114411.0
118720.0
114349.0
118606.0
114297.0
118566.0
114309.0
118592.0
114408.0
118532.0
114447.0
118611.0
114423.0
118677.0
114503.0
118685.0
114521.0
118725.0
114446.0
118487.0
114324.0
118592.0
114248.0
118658.0
114401.0
118582.0
114373.0
118581.0
114322.0
118519.0
114425.0
118648.0
114364.0
118658.0
114371.0
118587.0
114348.0
118617.0
114311.0
118593.0
114460.0
118570.0
114445.0
118671.0
114387.0
118640.0
114326.0
118686.0
114304.0
118622.0
114336.0
118561.0
114395.0
118647.0
114339.0
118628.0
114426.0
118523.0
114348.0
118568.0
114279.0
118620.0
114393.0
118589.0
114342.0
118696.0
114365.0
118534.0
114404.0
118546.0
114251.0
118674.0
114356.0
118588.0
114383.0
118573.0
114310.0
118662.0
114341.0
118517.0
114361.0
118643.0
114293.0
118527.0
114319.0
118537.0
114367.0
118553.0
114357.0
118546.0
114394.0
118496.0
114335.0
118459.0
114267.0
118458.0
114228.0
118386.0
114335.0
118597.0
114272.0
118577.0
114314.0
118579.0
114280.0
118545.0
114340.0
118604.0
114414.0
118546.0
114298.0
118511.0
114367.0
118522.0
114275.0
118462.0
114369.0
118517.0
114287.0
118529.0
114336.0
118584.0
114394.0
118555.0
114416.0
118457.0
114227.0
118501.0
114295.0
118415.0
114274.0
118491.0
114256.0
118455.0
114353.0
118554.0
114316.0
118577.0
114268.0
118596.0
114302.0
118671.0
114370.0
118569.0
114317.0
118612.0
114299.0
118608.0
114451.0
118570.0
114367.0
118576.0
114352.0
118609.0
114410.0
118506.0
114298.0
118649.0
114321.0
118547.0
114347.0
118628.0
114314.0
118589.0
114343.0
118639.0
114407.0
118496.0
114387.0
118496.0
114338.0
118548.0
114391.0
118472.0
114325.0
118626.0
114245.0
118625.0
114299.0
118596.0
114281.0
118559.0
114314.0
118482.0
114371.0
118599.0
114263.0
118536.0
114288.0
118622.0
114362.0
118486.0
114382.0
118590.0
114307.0
118458.0
114487.0
118654.0
114485.0
118570.0
114338.0
118418.0
114261.0
118544.0
114378.0
118684.0
114386.0
118624.0
114411.0
118603.0
114331.0
118518.0
114289.0
118537.0
114344.0
118524.0
114395.0
118642.0
114406.0
118608.0
114291.0
118559.0
114249.0
118605.0
114264.0
118514.0
114412.0
118600.0
114167.0
118553.0
114396.0
118482.0
114401.0
118671.0
114408.0
118617.0
114354.0
118509.0
114267.0
118602.0
114350.0
118562.0
114355.0
118554.0
114247.0
118555.0
114339.0
118612.0
114425.0
118622.0
114383.0
118631.0
114445.0
118573.0
114302.0
118535.0
114402.0
118674.0
114417.0
118532.0
114378.0
118634.0
114242.0
118548.0
114375.0
118683.0
114381.0
118636.0
114277.0
118706.0
114525.0
118770.0
114472.0
118662.0
114409.0
118534.0
114529.0
118653.0
114548.0
118610.0
114415.0
118641.0
114376.0
118659.0
114519.0
118570.0
114404.0
118514.0
114371.0
118614.0
114428.0
118539.0
114421.0
118690.0
114311.0
118644.0
114379.0
118752.0
114468.0
118645.0
114441.0
118624.0
114407.0
118599.0
114374.0
118700.0
114415.0
118611.0
114442.0
118652.0
114366.0
118516.0
114448.0
118520.0
114432.0
118708.0
114434.0
118770.0
114411.0
118658.0
114403.0
118714.0
114341.0
118791.0
114313.0
118607.0
114412.0
118627.0
114362.0
118700.0
114402.0
118573.0
114377.0
118504.0
114440.0
118696.0
114434.0
118556.0
114501.0
118612.0
114386.0
118549.0
114483.0
118651.0
114434.0
118692.0
114345.0
118633.0
114501.0
118569.0
114468.0
118564.0
114403.0
118718.0
114402.0
118547.0
114314.0
118559.0
114334.0
118758.0
114603.0
118569.0
114385.0
118752.0
114472.0
118665.0
114465.0
118686.0
114471.0
118706.0
114487.0
118701.0
114326.0
118560.0
114324.0
118578.0
114367.0
118656.0
114370.0
118699.0
114292.0
118614.0
114348.0
118586.0
114359.0
118659.0
114328.0
118553.0
114403.0
118575.0
114256.0
118577.0
114318.0
118545.0
114229.0
118522.0
114330.0
118548.0
114318.0
118569.0
114346.0
118514.0
114417.0
118617.0
114351.0
118603.0
114333.0
118605.0
114356.0
118615.0
114380.0
118605.0
114363.0
118621.0
114329.0
118564.0
114363.0
118568.0
114265.0
118570.0
114398.0
118424.0
114366.0
118510.0
114385.0
118533.0
114215.0
118547.0
114300.0
118417.0
114343.0
118457.0
114387.0
118469.0
114260.0
118557.0
114303.0
118652.0
114358.0
118797.0
114408.0
118569.0
114394.0
118539.0
114398.0
118608.0
114333.0
118595.0
114325.0
118573.0
114376.0
118519.0
114291.0
118626.0
114331.0
118523.0
114397.0
118675.0
114381.0
118641.0
114419.0
118580.0
114442.0
118648.0
114450.0
118733.0
114461.0
118637.0
114459.0
118680.0
114448.0
118584.0
114329.0
118610.0
114326.0
118600.0
114397.0
118643.0
114479.0
118619.0
114386.0
118674.0
114500.0
118628.0
114465.0
118617.0
114294.0
118752.0
114461.0
118631.0
114443.0
118546.0
114279.0
118614.0
114322.0
118536.0
114298.0
118678.0
114350.0
118530.0
114356.0
118540.0
114341.0
118533.0
114346.0
118631.0
114218.0
118440.0
114392.0
118574.0
114326.0
118548.0
114326.0
118576.0
114271.0
118617.0
114399.0
118502.0
114375.0
118569.0
114355.0
118662.0
114374.0
118639.0
114481.0
118756.0
114419.0
118629.0
114401.0
118563.0
114400.0
118626.0
114384.0
118585.0
114326.0
118632.0
114337.0
118555.0
114442.0
118685.0
114377.0
118614.0
114369.0
118593.0
114384.0
118616.0
114417.0
118483.0
114414.0
118660.0
114362.0
118512.0
114478.0
118651.0
114359.0
118528.0
114400.0
118498.0
114344.0
118534.0
114353.0
118600.0
114375.0
118568.0
114316.0
118664.0
114452.0
118669.0
114314.0
118601.0
114288.0
118590.0
114312.0
118632.0
114287.0
118668.0
114385.0
118613.0
114304.0
118642.0
114311.0
118544.0
114357.0
118620.0
114456.0
118575.0
114145.0
118581.0
114209.0
118511.0
114315.0
118556.0
114309.0
118513.0
114312.0
118565.0
114332.0
118506.0
114358.0
118508.0
114324.0
118518.0
114322.0
118559.0
114383.0
118569.0
114225.0
118391.0
114315.0
118650.0
114280.0
118577.0
114375.0
118571.0
114425.0
118599.0
114312.0
118616.0
114264.0
118532.0
114334.0
118561.0
114378.0
118572.0
114197.0
118439.0
114292.0
118535.0
114182.0
118637.0
114387.0
118640.0
114351.0
118577.0
114349.0
118506.0
114438.0
118509.0
114425.0
118608.0
114394.0
118612.0
114409.0
118516.0
114359.0
118594.0
114352.0
118667.0
114364.0
118593.0
114421.0
118697.0
114422.0
118629.0
114409.0
118613.0
114425.0
118732.0
114472.0
118534.0
114452.0
118721.0
114385.0
118814.0
114402.0
118610.0
114395.0
118588.0
114346.0
118715.0
114259.0
118583.0
114368.0
118625.0
114368.0
118625.0
114366.0
118664.0
114342.0
118528.0
114394.0
118693.0
114425.0
118533.0
114246.0
118584.0
114425.0
118671.0
114517.0
118644.0
114354.0
118701.0
114362.0
118617.0
114359.0
118601.0
114408.0
118665.0
114425.0
118547.0
114444.0
118648.0
114354.0
118666.0
114240.0
118650.0
114355.0
118604.0
114343.0
118593.0
114357.0
118580.0
114305.0
118639.0
114295.0
118573.0
114398.0
118691.0
114318.0
118515.0
114443.0
118531.0
114350.0
118666.0
114369.0
118487.0
114339.0
118624.0
114435.0
118643.0
114402.0
118583.0
114425.0
118710.0
114424.0
118571.0
114321.0
118699.0
114353.0
118501.0
114414.0
118547.0
114361.0
118514.0
114355.0
118688.0
114277.0
118689.0
114463.0
118498.0
114357.0
118525.0
114361.0
118624.0
114353.0
118519.0
114300.0
118630.0
114424.0
118642.0
114323.0
118720.0
114278.0
118690.0
114404.0
118567.0
114370.0
118623.0
114423.0
118678.0
114403.0
118669.0
114359.0
118727.0
114301.0
118577.0
114396.0
118505.0
114393.0
118667.0
114296.0
118552.0
114351.0
118612.0
114411.0
118671.0
114332.0
118553.0
114326.0
118612.0
114361.0
118588.0
114377.0
118586.0
114396.0
118756.0
114377.0
118693.0
114516.0
118558.0
114432.0
118575.0
114364.0
118581.0
114356.0
118609.0
114439.0
118658.0
114360.0
118666.0
114473.0
118733.0
114458.0
118574.0
114492.0
118572.0
114287.0
118542.0
114349.0
118679.0
114363.0
118593.0
114408.0
118639.0
114338.0
118744.0
114525.0
118714.0
114510.0
118649.0
114418.0
118706.0
114493.0
118599.0
114332.0
118599.0
114396.0
118496.0
114349.0
118635.0
114268.0
118537.0
114226.0
118562.0
114438.0
118666.0
114409.0
118689.0
114398.0
118674.0
114406.0
118567.0
114339.0
118584.0
114399.0
118614.0
114371.0
118504.0
114279.0
118483.0
114362.0
118458.0
114212.0
118515.0
114259.0
118444.0
114324.0
118433.0
114208.0
118574.0
114315.0
118654.0
114318.0
118528.0
114364.0
118524.0
114405.0
118563.0
114350.0
118583.0
114378.0
118563.0
114358.0
118557.0
114391.0
118588.0
114409.0
118550.0
114411.0
118533.0
114361.0
118604.0
114263.0
118517.0
114276.0
118581.0
114459.0
118593.0
114366.0
118634.0
114410.0
118726.0
114446.0
118660.0
114431.0
118724.0
114363.0
118604.0
114421.0
118620.0
114580.0
118672.0
114460.0
118595.0
114353.0
118628.0
114411.0
118681.0
114392.0
118724.0
114440.0
118580.0
114332.0
118612.0
114341.0
118570.0
114250.0
118529.0
114320.0
118468.0
114348.0
118731.0
114304.0
118554.0
114384.0
118689.0
114447.0
118595.0
114219.0
118659.0
114324.0
118592.0
114332.0
118616.0
114299.0
118486.0
114311.0
118626.0
114330.0
118586.0
114352.0
118507.0
114359.0
118510.0
114352.0
118582.0
114436.0
118618.0
114436.0
118588.0
114337.0
118606.0
114382.0
118648.0
114365.0
118629.0
114455.0
118635.0
114443.0
118642.0
114420.0
118642.0
114417.0
118608.0
114423.0
118568.0
114516.0
118612.0
114422.0
118596.0
114381.0
118622.0
114489.0
118672.0
114456.0
118629.0
114378.0
118570.0
114339.0
118558.0
114445.0
118704.0
114353.0
118829.0
114500.0
118637.0
114416.0
118704.0
114430.0
118640.0
114463.0
118772.0
114554.0
118732.0
114416.0
118718.0
114426.0
118585.0
114383.0
118634.0
114466.0
118702.0
114416.0
118751.0
114535.0
118682.0
114450.0
118670.0
114440.0
118612.0
114397.0
118734.0
114490.0
118703.0
114316.0
118723.0
114443.0
118687.0
114453.0
118563.0
114405.0
118455.0
114324.0
118563.0
114390.0
118616.0
114467.0
118709.0
114502.0
118566.0
114484.0
118662.0
114442.0
118679.0
114399.0
118468.0
114321.0
118545.0
114345.0
118563.0
114403.0
118586.0
114309.0
118656.0
114377.0
118584.0
114389.0
118542.0
114396.0
118547.0
114307.0
118466.0
114279.0
118574.0
114287.0
118614.0
114340.0
118585.0
114386.0
118556.0
114323.0
118513.0
114313.0
118477.0
114308.0
118594.0
114284.0
118571.0
114300.0
118709.0
114453.0
118643.0
114403.0
118585.0
114362.0
118573.0
114306.0
118546.0
114435.0
118577.0
114318.0
118655.0
114354.0
118503.0
114350.0
118624.0
114373.0
118590.0
114414.0
118732.0
114456.0
118695.0
114443.0
118601.0
114489.0
118687.0
114474.0
118618.0
114378.0
118586.0
114427.0
118623.0
114387.0
118587.0
114412.0
118533.0
114386.0
118550.0
114350.0
118561.0
114394.0
118571.0
114263.0
118436.0
114279.0
118490.0
114272.0
118498.0
114303.0
118637.0
114307.0
118577.0
114410.0
118605.0
114423.0
118675.0
114440.0
118581.0
114317.0
118579.0
114397.0
118585.0
114364.0
118571.0
114354.0
118481.0
114310.0
118611.0
114354.0
118561.0
114317.0
118628.0
114389.0
118553.0
114301.0
118589.0
114399.0
118618.0
114292.0
118593.0
114428.0
118626.0
114299.0
118607.0
114420.0
118650.0
114415.0
118575.0
114421.0
118696.0
114349.0
118660.0
114538.0
118658.0
114383.0
118780.0
114317.0
118645.0
114280.0
118600.0
114294.0
118703.0
114384.0
118576.0
114303.0
118559.0
114401.0
118849.0
114525.0
118761.0
114465.0
118712.0
114455.0
118623.0
114399.0
118609.0
114396.0
118529.0
114372.0
118664.0
114288.0
118464.0
114342.0
118670.0
114376.0
118600.0
114489.0
118688.0
114401.0
118649.0
114424.0
118717.0
114427.0
118631.0
114439.0
118719.0
114444.0
118731.0
114425.0
118657.0
114302.0
118596.0
114436.0
118705.0
114406.0
118689.0
114471.0
118539.0
114355.0
118753.0
114352.0
118659.0
114319.0
118664.0
114517.0
118697.0
114465.0
118671.0
114351.0
118752.0
114492.0
118553.0
114418.0
118602.0
114506.0
118814.0
114519.0
118787.0
114548.0
118634.0
114525.0
118605.0
114496.0
118622.0
114421.0
118729.0
114389.0
118692.0
114469.0
118813.0
114493.0
118637.0
114533.0
118742.0
114430.0
118723.0
114410.0
118679.0
114454.0
118619.0
114355.0
118626.0
114521.0
118757.0
114491.0
118698.0
114421.0
118578.0
114369.0
118635.0
114454.0
118646.0
114376.0
118559.0
114200.0
118587.0
114310.0
118561.0
114405.0
118535.0
114346.0
118610.0
114355.0
118614.0
114395.0
118624.0
114433.0
118653.0
114366.0
118642.0
114446.0
118642.0
114482.0
118651.0
114367.0
118519.0
114422.0
118583.0
114316.0
118522.0
114245.0
118626.0
114372.0
118594.0
114257.0
118549.0
114374.0
118579.0
114314.0
118678.0
114390.0
118501.0
114353.0
118532.0
114356.0
118687.0
114421.0
118587.0
114411.0
118624.0
114393.0
118581.0
114301.0
118619.0
114393.0
118702.0
114553.0
118650.0
114433.0
118692.0
114426.0
118631.0
114504.0
118602.0
114433.0
118649.0
114453.0
118611.0
114345.0
118614.0
114391.0
118639.0
114364.0
118589.0
114455.0
118534.0
114302.0
118653.0
114428.0
118570.0
114426.0
118661.0
114365.0
118618.0
114339.0
118545.0
114408.0
118582.0
114471.0
118550.0
114372.0
118661.0
114415.0
118690.0
114357.0
118659.0
114477.0
118621.0
114422.0
118666.0
114384.0
118685.0
114430.0
118639.0
114334.0
118717.0
114512.0
118574.0
114427.0
118549.0
114435.0
118638.0
114424.0
118582.0
114418.0
118548.0
114448.0
118608.0
114392.0
118744.0
114510.0
118704.0
114342.0
118625.0
114378.0
118643.0
114430.0
118717.0
114428.0
118685.0
114389.0
118719.0
