133966.0
138409.0
134034.0
138410.0
134176.0
138446.0
134107.0
138459.0
134081.0
138491.0
134116.0
138342.0
134195.0
138402.0
134168.0
138521.0
134213.0
138493.0
134238.0
138472.0
134225.0
138497.0
134350.0
138510.0
134458.0
138497.0
134424.0
138537.0
134316.0
138508.0
134294.0
138571.0
134428.0
138532.0
134353.0
138533.0
134129.0
138556.0
134299.0
138563.0
134393.0
138600.0
134389.0
138552.0
134438.0
138574.0
134267.0
138494.0
134341.0
138529.0
134344.0
138525.0
134558.0
138610.0
134437.0
138594.0
134551.0
138624.0
134579.0
138611.0
134477.0
138620.0
134511.0
138606.0
134572.0
138648.0
134556.0
138588.0
134576.0
138648.0
134607.0
138605.0
134556.0
138637.0
134528.0
138697.0
134611.0
138607.0
134488.0
138618.0
134460.0
138542.0
134455.0
138581.0
134334.0
138520.0
134314.0
138637.0
134484.0
138572.0
134462.0
138529.0
134448.0
138508.0
134412.0
138588.0
134615.0
138584.0
134387.0
138539.0
134270.0
138570.0
134452.0
138610.0
134484.0
138610.0
134478.0
138614.0
134484.0
138523.0
134437.0
138557.0
134533.0
138589.0
134522.0
138590.0
134460.0
138621.0
134607.0
138567.0
134549.0
138630.0
134484.0
138634.0
134452.0
138594.0
134536.0
138636.0
134649.0
138630.0
134545.0
138612.0
134518.0
138673.0
134537.0
138624.0
134552.0
138616.0
134677.0
138644.0
134486.0
138639.0
134516.0
138704.0
134636.0
138609.0
134571.0
138606.0
134428.0
138587.0
134470.0
138658.0
134446.0
138627.0
134519.0
138622.0
134511.0
138619.0
134527.0
138599.0
134526.0
138590.0
134547.0
138636.0
134721.0
138661.0
134579.0
138633.0
134568.0
138589.0
134621.0
138613.0
134672.0
138683.0
134561.0
138561.0
134478.0
138586.0
134644.0
138657.0
134663.0
138627.0
134537.0
138653.0
134693.0
138617.0
134421.0
138599.0
134544.0
138591.0
134631.0
138673.0
134727.0
138651.0
134682.0
138644.0
134658.0
138704.0
134521.0
138639.0
134455.0
138623.0
134595.0
138594.0
134524.0
138625.0
134445.0
138657.0
134622.0
138619.0
134667.0
138630.0
134594.0
138631.0
134598.0
138660.0
134647.0
138646.0
134518.0
138648.0
134573.0
138607.0
134657.0
138646.0
134648.0
138679.0
134627.0
138662.0
134720.0
138657.0
134606.0
138633.0
134595.0
138602.0
134788.0
138623.0
134563.0
138581.0
134570.0
138608.0
134572.0
138628.0
134539.0
138640.0
134572.0
138604.0
134629.0
138567.0
134583.0
138642.0
134491.0
138615.0
134487.0
138659.0
134543.0
138608.0
134591.0
138623.0
134619.0
138531.0
134595.0
138608.0
134577.0
138602.0
134618.0
138690.0
134593.0
138670.0
134631.0
138635.0
134636.0
138616.0
134659.0
138651.0
134529.0
138604.0
134546.0
138610.0
134551.0
138559.0
134572.0
138586.0
134621.0
138636.0
134697.0
138653.0
134619.0
138636.0
134624.0
138672.0
134709.0
138643.0
134558.0
138728.0
134611.0
138711.0
134580.0
138687.0
134628.0
138675.0
134545.0
138680.0
134568.0
138673.0
134626.0
138626.0
134626.0
138639.0
134672.0
138671.0
134517.0
138736.0
134693.0
138750.0
134667.0
138675.0
134607.0
138638.0
134591.0
138616.0
134625.0
138633.0
134535.0
138645.0
134641.0
138582.0
134591.0
138651.0
134641.0
138639.0
134707.0
138666.0
134529.0
138652.0
134644.0
138717.0
134664.0
138606.0
134605.0
138665.0
134594.0
138628.0
134680.0
138656.0
134548.0
138713.0
134618.0
138669.0
134574.0
138612.0
134671.0
138656.0
134767.0
138665.0
134777.0
138663.0
134632.0
138650.0
134589.0
138649.0
134621.0
138706.0
134768.0
138650.0
134672.0
138641.0
134577.0
138642.0
134670.0
138684.0
134632.0
138683.0
134670.0
138650.0
134724.0
138730.0
134717.0
138748.0
134629.0
138646.0
134593.0
138661.0
134662.0
138686.0
134771.0
138652.0
134680.0
138751.0
134692.0
138682.0
134740.0
138768.0
134685.0
138683.0
134553.0
138695.0
134646.0
138646.0
134740.0
138658.0
134676.0
138705.0
134806.0
138682.0
134736.0
138642.0
134709.0
138665.0
134670.0
138691.0
134770.0
138708.0
134723.0
138684.0
134722.0
138683.0
134795.0
138682.0
134694.0
138680.0
134836.0
138678.0
134764.0
138656.0
134786.0
138725.0
134770.0
138701.0
134561.0
138691.0
134683.0
138746.0
134526.0
138676.0
134712.0
138638.0
134712.0
138749.0
134545.0
138668.0
134646.0
138715.0
134655.0
138663.0
134677.0
138712.0
134797.0
138670.0
134725.0
138684.0
134648.0
138644.0
134642.0
138677.0
134745.0
138676.0
134772.0
138734.0
134682.0
138720.0
134600.0
138722.0
134708.0
138663.0
134729.0
138675.0
134643.0
138693.0
134824.0
138694.0
134752.0
138719.0
134692.0
138614.0
134619.0
138683.0
134743.0
138707.0
134617.0
138731.0
134700.0
138620.0
134650.0
138647.0
134665.0
138646.0
134748.0
138657.0
134665.0
138737.0
134593.0
138679.0
134726.0
138635.0
134693.0
138720.0
134640.0
138669.0
134804.0
138678.0
134740.0
138620.0
134661.0
138681.0
134700.0
138658.0
134714.0
138704.0
134772.0
138698.0
134660.0
138723.0
134831.0
138701.0
134743.0
138701.0
134643.0
138649.0
134683.0
138636.0
134636.0
138749.0
134707.0
138684.0
134727.0
138648.0
134642.0
138658.0
134742.0
138677.0
134708.0
138642.0
134813.0
138686.0
134530.0
138626.0
134762.0
138598.0
134731.0
138632.0
134669.0
138636.0
134628.0
138658.0
134586.0
138654.0
134699.0
138710.0
134635.0
138693.0
134679.0
138610.0
134654.0
138670.0
134628.0
138695.0
134739.0
138674.0
134622.0
138646.0
134807.0
138728.0
134680.0
138639.0
134656.0
138673.0
134669.0
138673.0
134717.0
138642.0
134619.0
138677.0
134602.0
138673.0
134680.0
138675.0
134604.0
138628.0
134679.0
138643.0
134682.0
138683.0
134760.0
138636.0
134695.0
138724.0
134731.0
138694.0
134683.0
138673.0
134603.0
138648.0
134706.0
138662.0
134749.0
138621.0
134718.0
138697.0
134671.0
138726.0
134613.0
138628.0
134733.0
138662.0
134703.0
138675.0
134677.0
138715.0
134654.0
138676.0
134704.0
138774.0
134782.0
138746.0
134757.0
138717.0
134689.0
138714.0
134928.0
138800.0
134748.0
138708.0
134607.0
138689.0
134873.0
138691.0
134840.0
138717.0
134634.0
138737.0
134719.0
138738.0
134837.0
138691.0
134802.0
138693.0
134707.0
138677.0
134680.0
138712.0
134772.0
138734.0
134631.0
138822.0
134741.0
138692.0
134750.0
138668.0
134718.0
138681.0
134678.0
138748.0
134803.0
138703.0
134795.0
138652.0
134833.0
138722.0
134866.0
138690.0
134718.0
138694.0
134855.0
138811.0
134801.0
138780.0
134864.0
138720.0
134851.0
138765.0
134788.0
138732.0
134717.0
138673.0
134896.0
138709.0
134746.0
138758.0
134729.0
138737.0
134695.0
138691.0
134746.0
138680.0
134756.0
138679.0
134673.0
138684.0
134735.0
138734.0
134755.0
138681.0
134789.0
138740.0
134848.0
138751.0
134873.0
138727.0
134761.0
138823.0
134801.0
138738.0
134788.0
138765.0
134818.0
138759.0
134756.0
138753.0
134696.0
138771.0
134781.0
138748.0
134664.0
138691.0
134757.0
138753.0
134754.0
138702.0
134747.0
138695.0
134833.0
138734.0
134724.0
138771.0
134833.0
138693.0
134920.0
138706.0
134852.0
138740.0
134781.0
138728.0
134764.0
138732.0
134685.0
138734.0
134790.0
138753.0
134863.0
138684.0
134695.0
138738.0
134633.0
138684.0
134796.0
138725.0
134739.0
138646.0
134673.0
138694.0
134744.0
138747.0
134750.0
138686.0
134667.0
138678.0
134745.0
138737.0
134763.0
138701.0
134691.0
138750.0
134809.0
138689.0
134753.0
138701.0
134833.0
138730.0
134708.0
138729.0
134771.0
138692.0
134686.0
138715.0
134644.0
138659.0
134789.0
138710.0
134705.0
138771.0
134707.0
138684.0
134791.0
138741.0
134699.0
138690.0
134862.0
138712.0
134681.0
138783.0
134830.0
138721.0
134763.0
138735.0
134781.0
138678.0
134820.0
138748.0
134751.0
138721.0
134604.0
138685.0
134750.0
138647.0
134647.0
138723.0
134638.0
138673.0
134780.0
138715.0
134731.0
138663.0
134677.0
138670.0
134628.0
138648.0
134657.0
138681.0
134765.0
138715.0
134804.0
138808.0
134787.0
138715.0
134694.0
138769.0
134776.0
138692.0
134724.0
138706.0
134772.0
138741.0
134713.0
138743.0
134816.0
138694.0
134870.0
138667.0
134724.0
138746.0
134765.0
138674.0
134594.0
138694.0
134649.0
138656.0
134595.0
138691.0
134719.0
138726.0
134670.0
138644.0
134653.0
138682.0
134617.0
138701.0
134646.0
138601.0
134672.0
138677.0
134651.0
138701.0
134809.0
138696.0
134716.0
138679.0
134773.0
138737.0
134732.0
138664.0
134608.0
138721.0
134729.0
138680.0
134686.0
138698.0
134759.0
138733.0
134726.0
138668.0
134770.0
138699.0
134741.0
138741.0
134813.0
138738.0
134715.0
138688.0
134716.0
138724.0
134668.0
138698.0
134717.0
138625.0
134735.0
138628.0
134660.0
138694.0
134665.0
138688.0
134835.0
138756.0
134768.0
138685.0
134837.0
138710.0
134861.0
138703.0
134828.0
138749.0
134784.0
138735.0
134752.0
138750.0
134809.0
138681.0
134928.0
138732.0
134784.0
138721.0
134841.0
138696.0
134805.0
138686.0
134840.0
138753.0
134903.0
138701.0
134920.0
138778.0
134794.0
138754.0
134873.0
138668.0
134720.0
138719.0
134712.0
138710.0
134700.0
138684.0
134636.0
138718.0
134720.0
138649.0
134820.0
138643.0
134638.0
138689.0
134665.0
138704.0
134723.0
138707.0
134757.0
138702.0
134828.0
138684.0
134736.0
138656.0
134820.0
138669.0
134803.0
138673.0
134809.0
138715.0
134869.0
138750.0
134842.0
138787.0
134624.0
138724.0
134923.0
138730.0
134826.0
138719.0
134698.0
138711.0
134792.0
138672.0
134617.0
138653.0
134811.0
138683.0
134706.0
138678.0
134701.0
138718.0
134743.0
138662.0
134665.0
138661.0
134723.0
138679.0
134698.0
138691.0
134795.0
138690.0
134864.0
138712.0
134743.0
138729.0
134736.0
138711.0
134672.0
138694.0
134676.0
138686.0
134696.0
138621.0
134790.0
138607.0
134644.0
138664.0
134668.0
138653.0
134735.0
138620.0
134600.0
138640.0
134663.0
138718.0
134666.0
138681.0
134696.0
138658.0
134745.0
138724.0
134812.0
138711.0
134696.0
138750.0
134780.0
138620.0
134753.0
138747.0
134863.0
138709.0
134672.0
138681.0
134693.0
138690.0
134684.0
138725.0
134737.0
138642.0
134779.0
138685.0
134635.0
138728.0
134575.0
138683.0
134738.0
138627.0
134535.0
138677.0
134611.0
138678.0
134766.0
138717.0
134820.0
138632.0
134731.0
138739.0
134679.0
138644.0
134684.0
138696.0
134723.0
138668.0
134634.0
138742.0
134580.0
138714.0
134742.0
138711.0
134799.0
138770.0
134599.0
138675.0
134662.0
138665.0
134610.0
138668.0
134664.0
138706.0
134658.0
138704.0
134688.0
138671.0
134705.0
138665.0
134745.0
138706.0
134662.0
138617.0
134637.0
138644.0
134841.0
138677.0
134666.0
138692.0
134730.0
138741.0
134671.0
138742.0
134799.0
138674.0
134620.0
138665.0
134571.0
138700.0
134673.0
138650.0
134583.0
138633.0
134638.0
138646.0
134683.0
138671.0
134758.0
138734.0
134661.0
138668.0
134703.0
138792.0
134723.0
138692.0
134728.0
138748.0
134782.0
138710.0
134711.0
138773.0
134828.0
138754.0
134770.0
138746.0
134751.0
138833.0
134727.0
138829.0
134731.0
138742.0
134769.0
138692.0
134749.0
138724.0
134732.0
138706.0
134788.0
138711.0
134708.0
138756.0
134719.0
138680.0
134735.0
138741.0
134769.0
138694.0
134737.0
138728.0
134763.0
138648.0
134684.0
138739.0
134699.0
138676.0
134805.0
138679.0
134702.0
138746.0
134836.0
138701.0
134831.0
138744.0
134815.0
138721.0
134856.0
138726.0
134641.0
138689.0
134687.0
138713.0
134796.0
138731.0
134858.0
138732.0
134881.0
138731.0
134812.0
138797.0
134689.0
138735.0
134948.0
138683.0
134707.0
138734.0
134803.0
138727.0
134811.0
138780.0
134744.0
138680.0
134673.0
138684.0
134794.0
138649.0
134767.0
138699.0
134836.0
138714.0
134767.0
138704.0
134844.0
138738.0
134852.0
138739.0
134739.0
138739.0
134852.0
138716.0
134820.0
138791.0
134868.0
138812.0
134754.0
138833.0
134875.0
138711.0
134970.0
138726.0
134846.0
138730.0
134739.0
138758.0
134862.0
138709.0
134806.0
138804.0
134860.0
138687.0
134819.0
138671.0
134862.0
138811.0
134718.0
138746.0
134799.0
138690.0
134641.0
138660.0
134677.0
138665.0
134783.0
138673.0
134715.0
138730.0
134609.0
138757.0
134696.0
138653.0
134658.0
138726.0
134707.0
138712.0
134738.0
138673.0
134611.0
138665.0
134732.0
138675.0
134658.0
138650.0
134719.0
138663.0
134768.0
138678.0
134786.0
138764.0
134682.0
138812.0
134852.0
138670.0
134778.0
138799.0
134772.0
138702.0
134685.0
138728.0
134747.0
138677.0
134613.0
138645.0
134767.0
138694.0
134768.0
138704.0
134711.0
138660.0
134725.0
138675.0
134716.0
138670.0
134748.0
138656.0
134779.0
138713.0
134708.0
138719.0
134763.0
138691.0
134677.0
138667.0
134750.0
138710.0
134663.0
138716.0
134655.0
138783.0
134817.0
138688.0
134728.0
138657.0
134786.0
138644.0
134691.0
138656.0
134664.0
138700.0
134729.0
138704.0
134698.0
138687.0
134666.0
138652.0
134568.0
138733.0
134701.0
138700.0
134641.0
138688.0
134738.0
138688.0
134735.0
138768.0
134709.0
138674.0
134725.0
138683.0
134606.0
138779.0
134674.0
138724.0
134750.0
138712.0
134726.0
138691.0
134643.0
138683.0
134511.0
138693.0
134545.0
138726.0
134685.0
138700.0
134644.0
138670.0
134705.0
138726.0
134736.0
138693.0
134794.0
138691.0
134775.0
138754.0
134782.0
138726.0
134774.0
138726.0
134797.0
138698.0
134793.0
138732.0
134716.0
138721.0
134777.0
138715.0
134738.0
138710.0
134781.0
138701.0
134678.0
138744.0
134766.0
138725.0
134895.0
138721.0
134784.0
138680.0
134790.0
138761.0
134794.0
138761.0
134791.0
138738.0
134773.0
138793.0
134806.0
138715.0
134800.0
138735.0
134798.0
138746.0
134830.0
138714.0
134855.0
138710.0
134847.0
138736.0
134662.0
138728.0
134767.0
138730.0
134782.0
138772.0
134810.0
138674.0
134674.0
138743.0
134828.0
138709.0
134759.0
138669.0
134735.0
138676.0
134676.0
138669.0
134601.0
138671.0
134698.0
138668.0
134730.0
138657.0
134741.0
138679.0
134691.0
138670.0
134734.0
138738.0
134836.0
138680.0
134718.0
138718.0
134786.0
138674.0
134649.0
138665.0
134706.0
138681.0
134731.0
138686.0
134779.0
138659.0
134639.0
138716.0
134744.0
138704.0
134827.0
138714.0
134773.0
138754.0
134760.0
138689.0
134794.0
138694.0
134820.0
138727.0
134723.0
138693.0
134763.0
138691.0
134829.0
138713.0
134649.0
138660.0
134856.0
138692.0
134740.0
138683.0
134812.0
138730.0
134701.0
138747.0
134817.0
138682.0
134640.0
138696.0
134671.0
138692.0
134727.0
138686.0
134715.0
138735.0
134654.0
138718.0
134791.0
138730.0
134737.0
138752.0
134811.0
138662.0
134862.0
138722.0
134843.0
138737.0
134940.0
138733.0
134872.0
138743.0
134770.0
138692.0
134780.0
138800.0
134892.0
138680.0
134843.0
138783.0
134790.0
138745.0
134729.0
138722.0
134760.0
138761.0
134826.0
138699.0
134868.0
138702.0
134778.0
138666.0
134736.0
138725.0
134804.0
138671.0
134801.0
138717.0
134661.0
138670.0
134676.0
138684.0
134694.0
138669.0
134781.0
138683.0
134804.0
138644.0
134727.0
138702.0
134636.0
138745.0
134820.0
138711.0
134850.0
138665.0
134747.0
138730.0
134734.0
138772.0
134743.0
138679.0
134845.0
138702.0
134831.0
138685.0
134811.0
138686.0
134768.0
138714.0
134691.0
138672.0
134689.0
138713.0
134650.0
138694.0
134646.0
138636.0
134584.0
138650.0
134649.0
138655.0
134698.0
138682.0
134704.0
138709.0
134698.0
138658.0
134628.0
138752.0
134766.0
138727.0
134697.0
138721.0
134663.0
138664.0
134643.0
138755.0
134746.0
138714.0
134861.0
138693.0
134790.0
138767.0
134840.0
138749.0
134804.0
138756.0
134943.0
138767.0
134743.0
138694.0
134699.0
138712.0
134753.0
138733.0
134731.0
138683.0
134822.0
138710.0
134901.0
138719.0
134855.0
138700.0
134824.0
138791.0
134794.0
138716.0
134789.0
138733.0
134813.0
138722.0
134808.0
138744.0
134723.0
138701.0
134846.0
138737.0
134715.0
138745.0
134774.0
138711.0
134810.0
138794.0
134813.0
138687.0
134760.0
138669.0
134785.0
138697.0
134725.0
138719.0
134871.0
138692.0
134848.0
138720.0
134815.0
138728.0
134823.0
138728.0
134727.0
138713.0
134638.0
138705.0
134766.0
138718.0
134806.0
138690.0
134765.0
138708.0
134691.0
138791.0
134688.0
138735.0
134758.0
138696.0
134738.0
138771.0
134858.0
138708.0
134813.0
138644.0
134647.0
138760.0
134676.0
138740.0
134793.0
138723.0
134827.0
138672.0
134757.0
138714.0
134730.0
138672.0
134704.0
138749.0
134717.0
138685.0
134708.0
138716.0
134716.0
138658.0
134717.0
138659.0
134713.0
138719.0
134756.0
138642.0
134829.0
138726.0
134797.0
138680.0
134770.0
138693.0
134723.0
138721.0
134796.0
138761.0
134796.0
138747.0
134864.0
138748.0
134724.0
138681.0
134732.0
138760.0
134874.0
138708.0
134780.0
138721.0
134884.0
138690.0
134716.0
138716.0
134793.0
138804.0
134819.0
138727.0
134856.0
138775.0
134873.0
138749.0
134857.0
138762.0
134872.0
138705.0
134669.0
138779.0
134746.0
138696.0
134728.0
138763.0
134690.0
138731.0
134742.0
138735.0
134788.0
138726.0
134817.0
138684.0
134683.0
138679.0
134603.0
138693.0
134646.0
138733.0
134676.0
138687.0
134661.0
138730.0
134804.0
138734.0
134642.0
138648.0
134701.0
138715.0
134672.0
138619.0
134719.0
138675.0
134669.0
138694.0
134733.0
138737.0
134745.0
138660.0
134725.0
138782.0
134786.0
138785.0
134839.0
138646.0
134662.0
138641.0
134549.0
138671.0
134656.0
138670.0
134723.0
138692.0
134874.0
138637.0
134660.0
138648.0
134787.0
138637.0
134784.0
138676.0
134785.0
138765.0
134819.0
138786.0
134833.0
138733.0
134807.0
138774.0
134732.0
138696.0
134678.0
138698.0
134622.0
138733.0
134776.0
138721.0
134826.0
138710.0
134803.0
138754.0
134778.0
138731.0
134826.0
138674.0
134787.0
138689.0
134689.0
138828.0
134771.0
138729.0
134839.0
138756.0
134758.0
138742.0
134756.0
138720.0
134720.0
138714.0
134734.0
138728.0
134744.0
138717.0
134751.0
138693.0
134697.0
138700.0
134890.0
138740.0
134751.0
138797.0
134705.0
138745.0
134750.0
138748.0
134737.0
138738.0
134829.0
138736.0
134716.0
138687.0
134692.0
138746.0
134714.0
138757.0
134957.0
138758.0
134918.0
138726.0
134804.0
138715.0
134762.0
138748.0
134853.0
138756.0
134786.0
138719.0
134791.0
138757.0
134823.0
138768.0
134669.0
138790.0
134916.0
138721.0
134851.0
138737.0
134741.0
138771.0
134833.0
138816.0
134937.0
138777.0
134754.0
138698.0
134802.0
138745.0
134761.0
138745.0
134758.0
138714.0
134783.0
138786.0
134837.0
138730.0
134679.0
138791.0
134782.0
138721.0
134726.0
138770.0
134791.0
138742.0
134765.0
138682.0
134879.0
138710.0
134944.0
138707.0
134808.0
138694.0
134772.0
138727.0
134893.0
138712.0
134812.0
138680.0
134887.0
138634.0
134786.0
138657.0
134736.0
138699.0
134758.0
138741.0
134592.0
138738.0
134722.0
138735.0
134658.0
138697.0
134785.0
138700.0
134688.0
138671.0
134697.0
138617.0
134796.0
138712.0
134791.0
138692.0
134699.0
138682.0
134718.0
138709.0
134934.0
138755.0
134779.0
138734.0
134858.0
138781.0
134805.0
138733.0
134832.0
138732.0
134798.0
138699.0
134805.0
138705.0
134861.0
138772.0
134846.0
138769.0
134891.0
138719.0
134766.0
138732.0
134803.0
138735.0
134736.0
138702.0
134822.0
138750.0
134800.0
138731.0
134796.0
138724.0
134868.0
138706.0
134759.0
138787.0
134778.0
138698.0
134762.0
138758.0
134747.0
138724.0
134863.0
138713.0
134863.0
138765.0
134855.0
138692.0
134833.0
138712.0
134950.0
138733.0
134782.0
138772.0
134828.0
138671.0
134857.0
138716.0
134788.0
138694.0
134758.0
138721.0
134777.0
138723.0
134694.0
138710.0
134813.0
138765.0
134893.0
138707.0
134962.0
138729.0
134942.0
138721.0
134796.0
138696.0
134701.0
138698.0
134607.0
138692.0
134821.0
138677.0
134775.0
138794.0
134745.0
138749.0
134750.0
138790.0
134739.0
138789.0
134840.0
138711.0
134774.0
138697.0
134907.0
138686.0
134677.0
138648.0
134865.0
138655.0
134651.0
138723.0
134689.0
138662.0
134640.0
138653.0
134665.0
138673.0
134566.0
138670.0
134682.0
138682.0
134629.0
138639.0
134636.0
138775.0
134651.0
138671.0
134597.0
138642.0
134596.0
138642.0
134557.0
138724.0
134718.0
138700.0
134590.0
138700.0
134653.0
138738.0
134667.0
138619.0
134659.0
138680.0
134675.0
138687.0
134832.0
138685.0
134816.0
138755.0
134770.0
138674.0
134872.0
138708.0
134786.0
138692.0
134761.0
138683.0
134781.0
138683.0
134698.0
138698.0
134799.0
138697.0
134771.0
138654.0
134778.0
138721.0
134774.0
138729.0
134752.0
138787.0
134729.0
138762.0
134801.0
138717.0
134802.0
138680.0
134869.0
138751.0
134689.0
138725.0
134782.0
138682.0
134764.0
138737.0
134732.0
138679.0
134697.0
138742.0
134747.0
138722.0
134770.0
138730.0
134772.0
138730.0
134894.0
138693.0
134796.0
138723.0
134836.0
138768.0
134778.0
138739.0
134808.0
138771.0
134799.0
138745.0
134930.0
138710.0
134852.0
138724.0
134821.0
138758.0
134756.0
138739.0
134827.0
138723.0
134810.0
138731.0
134898.0
138747.0
134852.0
138771.0
134845.0
138761.0
134740.0
138767.0
134816.0
138728.0
134784.0
138737.0
134818.0
138679.0
134722.0
138708.0
134728.0
138738.0
134766.0
138741.0
134776.0
138777.0
134913.0
138723.0
134646.0
138754.0
134761.0
138761.0
134893.0
138779.0
134787.0
138797.0
134991.0
138792.0
134783.0
138788.0
134829.0
138751.0
134917.0
138757.0
134824.0
138768.0
134730.0
138800.0
134814.0
138715.0
134842.0
138839.0
134951.0
138761.0
134998.0
138740.0
134904.0
138779.0
134811.0
138743.0
134828.0
138792.0
134902.0
138764.0
134985.0
138785.0
134831.0
138823.0
134910.0
138707.0
134853.0
138758.0
134815.0
138733.0
134773.0
138806.0
134945.0
138775.0
134906.0
138744.0
135093.0
138703.0
134900.0
138714.0
134907.0
138741.0
135070.0
138806.0
134805.0
138765.0
134826.0
138725.0
134784.0
138695.0
134833.0
138707.0
134861.0
138735.0
134839.0
138753.0
134865.0
138810.0
134939.0
138733.0
134830.0
138721.0
134938.0
138736.0
134895.0
138738.0
134841.0
138745.0
134777.0
138772.0
134705.0
138761.0
134743.0
138775.0
134927.0
138674.0
134622.0
138742.0
134734.0
138712.0
134925.0
138693.0
134764.0
138760.0
134930.0
138761.0
134800.0
138783.0
134842.0
138742.0
134815.0
138753.0
134910.0
138713.0
134748.0
138745.0
134840.0
138740.0
134840.0
138702.0
134840.0
138700.0
134790.0
138749.0
134718.0
138737.0
134745.0
138717.0
134864.0
138713.0
134718.0
138761.0
134710.0
138713.0
134798.0
138710.0
134832.0
138766.0
134786.0
138661.0
134724.0
138693.0
134803.0
138733.0
134845.0
138726.0
134891.0
138727.0
134708.0
138700.0
134847.0
138694.0
134748.0
138685.0
134818.0
138727.0
134821.0
138700.0
134768.0
138716.0
134808.0
138706.0
134751.0
138729.0
134828.0
138726.0
134828.0
138720.0
134895.0
138749.0
134700.0
138756.0
134847.0
138714.0
134888.0
138779.0
134928.0
138755.0
134914.0
138705.0
134861.0
138779.0
134956.0
138758.0
134894.0
138753.0
134884.0
138709.0
134805.0
138741.0
134827.0
138704.0
134798.0
138741.0
134887.0
138736.0
134819.0
138696.0
134701.0
138773.0
134780.0
138723.0
134950.0
138714.0
134838.0
138718.0
134779.0
138773.0
134835.0
138704.0
134731.0
138688.0
134966.0
138679.0
134688.0
138701.0
134818.0
138743.0
134867.0
138724.0
134728.0
138691.0
134811.0
138680.0
134738.0
138759.0
134817.0
138669.0
134765.0
138759.0
134762.0
138750.0
134817.0
138766.0
134855.0
138719.0
134892.0
138741.0
134786.0
138822.0
134839.0
138769.0
134834.0
138710.0
134792.0
138746.0
134727.0
138719.0
134730.0
138691.0
134837.0
138728.0
134954.0
138803.0
134827.0
138794.0
134697.0
138682.0
134904.0
138723.0
134890.0
138758.0
134814.0
138782.0
134951.0
138784.0
134768.0
138777.0
134800.0
138802.0
134806.0
138789.0
134860.0
138756.0
134972.0
138792.0
134920.0
138753.0
134794.0
138815.0
134949.0
138820.0
134755.0
138833.0
134947.0
138731.0
134891.0
138814.0
134741.0
138808.0
134775.0
138721.0
134903.0
138756.0
134814.0
138750.0
134958.0
138822.0
134961.0
138735.0
134928.0
138831.0
134894.0
138754.0
134845.0
138810.0
134910.0
138838.0
134851.0
138786.0
134830.0
138752.0
134824.0
138704.0
134846.0
138797.0
134703.0
138834.0
134902.0
138669.0
134781.0
138731.0
134719.0
138751.0
134841.0
138756.0
134737.0
138810.0
134818.0
138827.0
134778.0
138732.0
134674.0
138781.0
134801.0
138737.0
134756.0
138713.0
134825.0
138736.0
134783.0
138734.0
134875.0
138741.0
134810.0
138793.0
134805.0
138749.0
134698.0
138821.0
134871.0
138736.0
134845.0
138771.0
134862.0
138732.0
134766.0
138766.0
134769.0
138754.0
134744.0
138693.0
134804.0
138789.0
134722.0
138706.0
134726.0
138713.0
134715.0
138729.0
134521.0
138718.0
134742.0
138754.0
134739.0
138678.0
134787.0
138675.0
134695.0
138647.0
134672.0
138703.0
134751.0
138674.0
134719.0
138765.0
134796.0
138709.0
134800.0
138747.0
134622.0
138699.0
134677.0
138660.0
134664.0
138725.0
134662.0
138649.0
134873.0
138706.0
134785.0
138729.0
134814.0
138693.0
134788.0
138743.0
134803.0
138650.0
134620.0
138697.0
134513.0
138694.0
134654.0
138712.0
134731.0
138743.0
134610.0
138709.0
134772.0
138711.0
134660.0
138704.0
134751.0
138704.0
134662.0
138692.0
134699.0
138765.0
134859.0
138779.0
134796.0
138799.0
134884.0
138772.0
134768.0
138746.0
134658.0
138680.0
134601.0
138635.0
134749.0
138704.0
134681.0
138760.0
134804.0
138630.0
134658.0
138699.0
134653.0
138692.0
134743.0
138681.0
134601.0
138689.0
134729.0
138694.0
134759.0
138652.0
134626.0
138754.0
134692.0
138681.0
134804.0
138763.0
134686.0
138753.0
134700.0
138774.0
134821.0
138750.0
134716.0
138657.0
134625.0
138673.0
134687.0
138684.0
134648.0
138637.0
134803.0
138659.0
134645.0
138638.0
134698.0
138737.0
134633.0
138654.0
134745.0
138720.0
134498.0
138743.0
134577.0
138686.0
134559.0
138664.0
134702.0
138709.0
134796.0
138669.0
134655.0
138661.0
134661.0
138776.0
134645.0
138667.0
134721.0
138734.0
134588.0
138658.0
134698.0
138748.0
134690.0
138682.0
134772.0
138702.0
134573.0
138698.0
134634.0
138626.0
134616.0
138606.0
134572.0
138631.0
134736.0
138676.0
134657.0
138666.0
134715.0
138729.0
134646.0
138738.0
134733.0
138670.0
134683.0
138704.0
134716.0
138668.0
134718.0
138657.0
134825.0
138695.0
134766.0
138718.0
134789.0
138670.0
134734.0
138752.0
134631.0
138675.0
134596.0
138672.0
134714.0
138730.0
134710.0
138734.0
134758.0
138679.0
134728.0
138630.0
134682.0
138723.0
134746.0
138657.0
134724.0
138717.0
134594.0
138774.0
134775.0
138704.0
134654.0
138718.0
134778.0
138708.0
134679.0
138650.0
134562.0
138739.0
134709.0
138708.0
134696.0
138652.0
134792.0
138712.0
134693.0
138706.0
134853.0
138726.0
134771.0
138689.0
134683.0
138651.0
134623.0
138687.0
134731.0
138757.0
134713.0
138703.0
134774.0
138707.0
134732.0
138682.0
134643.0
138713.0
134839.0
138696.0
134700.0
138698.0
134802.0
138693.0
134694.0
138701.0
134645.0
138684.0
134606.0
138685.0
134717.0
138703.0
134618.0
138661.0
134778.0
138650.0
134770.0
138715.0
134760.0
138687.0
134729.0
138743.0
134661.0
138740.0
134731.0
138707.0
134656.0
138696.0
134586.0
138686.0
134610.0
138721.0
134722.0
138693.0
134739.0
138702.0
134748.0
138682.0
134702.0
138703.0
134748.0
138690.0
134792.0
138668.0
134666.0
138687.0
134700.0
138700.0
134696.0
138676.0
134618.0
138759.0
134615.0
138742.0
134765.0
138709.0
134729.0
138703.0
134720.0
138666.0
134847.0
138686.0
134852.0
138720.0
134715.0
138698.0
134666.0
138711.0
134996.0
138703.0
134809.0
138705.0
134723.0
138693.0
134873.0
138671.0
134729.0
138821.0
134615.0
138678.0
134789.0
138732.0
134819.0
138728.0
134799.0
138684.0
134758.0
138750.0
134692.0
138798.0
134824.0
138737.0
134807.0
138756.0
134776.0
138735.0
134803.0
138701.0
134868.0
138700.0
134824.0
138736.0
134730.0
138775.0
134658.0
138763.0
134681.0
138785.0
134766.0
138730.0
134793.0
138725.0
134737.0
138702.0
134799.0
138709.0
134758.0
138675.0
134800.0
138755.0
134823.0
138704.0
134908.0
138741.0
134762.0
138691.0
134800.0
138773.0
134866.0
138768.0
134735.0
138737.0
134758.0
138699.0
134784.0
138639.0
134811.0
138795.0
134683.0
138699.0
134627.0
138678.0
134685.0
138744.0
134985.0
138761.0
134913.0
138755.0
134848.0
138708.0
134799.0
138728.0
134794.0
138793.0
134771.0
138774.0
134602.0
138757.0
134653.0
138673.0
134704.0
138691.0
134712.0
138721.0
134622.0
138677.0
134676.0
138658.0
134725.0
138731.0
134621.0
138734.0
134657.0
138642.0
134546.0
138688.0
134690.0
138676.0
134610.0
138667.0
134619.0
138657.0
134623.0
138697.0
134670.0
138631.0
134700.0
138691.0
134752.0
138764.0
134684.0
138740.0
134812.0
138785.0
134780.0
138750.0
134788.0
138727.0
134686.0
138709.0
134787.0
138710.0
134750.0
138742.0
134823.0
138677.0
134829.0
138674.0
134820.0
138669.0
134606.0
138652.0
134754.0
138639.0
134753.0
138683.0
134836.0
138745.0
134722.0
138732.0
134717.0
138722.0
134721.0
138812.0
134811.0
138736.0
134923.0
138762.0
134907.0
138747.0
134795.0
138729.0
134740.0
138666.0
134852.0
138677.0
134713.0
138760.0
134796.0
138732.0
134756.0
138676.0
134698.0
138740.0
134713.0
138646.0
134739.0
138752.0
134771.0
138722.0
134757.0
138712.0
134776.0
138721.0
134815.0
138668.0
134701.0
138692.0
134760.0
138738.0
134687.0
138744.0
134819.0
138702.0
134763.0
138753.0
134843.0
138682.0
134781.0
138672.0
134695.0
138745.0
134807.0
138705.0
134763.0
138681.0
134667.0
138722.0
134681.0
138682.0
134717.0
138691.0
134735.0
138694.0
134730.0
138637.0
134693.0
138634.0
134705.0
138667.0
134520.0
138660.0
134691.0
138649.0
134573.0
138656.0
134620.0
138654.0
134521.0
138718.0
134693.0
138642.0
134700.0
138685.0
134697.0
138746.0
134664.0
138671.0
134785.0
138728.0
134780.0
138701.0
134756.0
138675.0
134760.0
138650.0
134685.0
138756.0
134716.0
138738.0
134631.0
138633.0
134685.0
138633.0
134665.0
138672.0
134634.0
138680.0
134625.0
138684.0
134821.0
138691.0
134730.0
138776.0
134696.0
138638.0
134781.0
138675.0
134652.0
138643.0
134726.0
138627.0
134644.0
138648.0
134673.0
138719.0
134684.0
138654.0
134605.0
138702.0
134749.0
138670.0
134600.0
138688.0
134573.0
138666.0
134681.0
138686.0
134675.0
138799.0
134677.0
138706.0
134678.0
138728.0
134681.0
138666.0
134698.0
138721.0
134806.0
138643.0
134539.0
138745.0
134563.0
138708.0
134584.0
138706.0
134671.0
138693.0
134730.0
138707.0
134662.0
138703.0
134698.0
138692.0
134620.0
138659.0
134625.0
138680.0
134722.0
138685.0
134605.0
138648.0
134566.0
138709.0
134572.0
138760.0
134701.0
138706.0
134742.0
138697.0
134648.0
138710.0
134629.0
138731.0
134609.0
138678.0
134604.0
138673.0
134567.0
138702.0
134618.0
138638.0
134504.0
138673.0
134589.0
138737.0
134695.0
138697.0
134752.0
138704.0
134824.0
138694.0
134745.0
138693.0
134804.0
138696.0
134747.0
138632.0
134712.0
138690.0
134669.0
138758.0
134765.0
138726.0
134785.0
138748.0
134840.0
138707.0
134673.0
138672.0
134739.0
138750.0
134781.0
138706.0
134814.0
138727.0
134718.0
138763.0
134649.0
138711.0
134823.0
138703.0
134654.0
138798.0
134692.0
138763.0
134797.0
138719.0
134777.0
138787.0
134742.0
138749.0
134803.0
138741.0
134849.0
138752.0
134870.0
138736.0
134704.0
138792.0
134756.0
138761.0
134938.0
138712.0
134741.0
138763.0
134770.0
138731.0
134738.0
138799.0
134809.0
138755.0
134820.0
138678.0
134817.0
138724.0
134797.0
138727.0
134688.0
138696.0
134666.0
138741.0
134689.0
138725.0
134689.0
138793.0
134716.0
138766.0
134785.0
138715.0
134731.0
138711.0
134720.0
138734.0
134756.0
138654.0
134760.0
138743.0
134721.0
138666.0
134726.0
138700.0
134841.0
138700.0
134778.0
138702.0
134920.0
138745.0
134793.0
138704.0
134755.0
138721.0
134714.0
138648.0
134818.0
138633.0
134756.0
138657.0
134712.0
138768.0
134647.0
138695.0
134831.0
138646.0
134732.0
138707.0
134755.0
138703.0
134709.0
138645.0
134693.0
138705.0
134745.0
138669.0
134657.0
138697.0
134636.0
138763.0
134733.0
138741.0
134747.0
138723.0
134719.0
138703.0
134762.0
138658.0
134713.0
138755.0
134626.0
138788.0
134742.0
138609.0
134685.0
138715.0
134629.0
138721.0
134694.0
138703.0
134767.0
138753.0
134726.0
138660.0
134641.0
138662.0
134725.0
138679.0
134673.0
138718.0
134842.0
138730.0
134728.0
138777.0
134839.0
138714.0
134755.0
138718.0
134763.0
138707.0
134693.0
138682.0
134869.0
138757.0
134737.0
138733.0
134881.0
138752.0
134818.0
138727.0
134785.0
138643.0
134661.0
138705.0
134719.0
138819.0
134711.0
138707.0
134807.0
138666.0
134707.0
138773.0
134783.0
138708.0
134834.0
138674.0
134684.0
138717.0
134827.0
138629.0
134655.0
138709.0
134788.0
138690.0
134693.0
138681.0
134529.0
138662.0
134555.0
138681.0
134764.0
138771.0
134677.0
138714.0
134640.0
138753.0
134787.0
138654.0
134668.0
138665.0
134709.0
138743.0
134795.0
138719.0
134625.0
138687.0
134697.0
138689.0
134623.0
138711.0
134691.0
138634.0
134635.0
138670.0
134530.0
138687.0
134674.0
138752.0
134674.0
138728.0
134791.0
138698.0
134802.0
138681.0
134636.0
138740.0
134812.0
138742.0
134680.0
138687.0
134830.0
138671.0
134833.0
138767.0
134838.0
138711.0
134789.0
138731.0
134652.0
138687.0
134734.0
138713.0
134866.0
138762.0
134826.0
138722.0
134767.0
138745.0
134894.0
138734.0
134768.0
138735.0
134614.0
138726.0
134777.0
138678.0
134839.0
138741.0
134728.0
138680.0
134666.0
138709.0
134815.0
138748.0
134668.0
138704.0
134712.0
138651.0
134690.0
138665.0
134634.0
138698.0
134517.0
138676.0
134581.0
138648.0
134707.0
138729.0
134636.0
138679.0
134688.0
138667.0
134689.0
138629.0
134587.0
138683.0
134719.0
138691.0
134734.0
138688.0
134619.0
138635.0
134567.0
138705.0
134638.0
138660.0
134639.0
138661.0
134708.0
138657.0
134722.0
138685.0
134726.0
138668.0
134728.0
138653.0
134679.0
138665.0
134653.0
138732.0
134655.0
138700.0
134712.0
138667.0
134658.0
138676.0
134766.0
138718.0
134735.0
138756.0
134724.0
138759.0
134811.0
138715.0
134745.0
138747.0
134728.0
138705.0
134869.0
138735.0
134777.0
138809.0
134720.0
138692.0
134647.0
138704.0
134739.0
138755.0
134743.0
138736.0
134724.0
138684.0
134733.0
138705.0
134654.0
138684.0
134740.0
138703.0
134834.0
138729.0
134606.0
138710.0
134713.0
138731.0
134669.0
138694.0
134773.0
138735.0
134725.0
138732.0
134841.0
138783.0
134828.0
138717.0
134713.0
138667.0
134772.0
138776.0
134768.0
138718.0
134668.0
138791.0
134733.0
138718.0
134796.0
138664.0
134731.0
138623.0
134605.0
138727.0
134728.0
138701.0
134704.0
138773.0
134879.0
138723.0
134814.0
138725.0
134797.0
138698.0
134757.0
138692.0
134672.0
138643.0
134611.0
138691.0
134659.0
138766.0
134636.0
138759.0
134707.0
138685.0
134696.0
138683.0
134672.0
138665.0
134649.0
138654.0
134600.0
138671.0
134614.0
138705.0
134693.0
138700.0
134801.0
138682.0
134672.0
138665.0
134661.0
138605.0
134669.0
138676.0
134631.0
138692.0
134577.0
138719.0
134716.0
138668.0
134756.0
138685.0
134703.0
138699.0
134648.0
138654.0
134814.0
138689.0
134679.0
138797.0
134662.0
138711.0
134671.0
138692.0
134680.0
138761.0
134745.0
138718.0
134754.0
138749.0
134755.0
138707.0
134855.0
138708.0
134871.0
138717.0
134678.0
138688.0
134762.0
138698.0
134806.0
138681.0
134917.0
138665.0
134761.0
138686.0
134734.0
138711.0
134701.0
138730.0
134607.0
138623.0
134686.0
138701.0
134486.0
138677.0
134589.0
138734.0
134620.0
138719.0
134722.0
138687.0
134738.0
138693.0
134746.0
138690.0
134705.0
138690.0
134817.0
138678.0
134779.0
138730.0
134771.0
138747.0
134684.0
138745.0
134718.0
138657.0
134646.0
138720.0
134791.0
138668.0
134609.0
138697.0
134718.0
138678.0
134681.0
138656.0
134745.0
138636.0
134581.0
138683.0
134673.0
138670.0
134695.0
138678.0
134710.0
138718.0
134688.0
138687.0
134788.0
138675.0
134761.0
138753.0
134579.0
138672.0
134655.0
138703.0
134728.0
138736.0
134812.0
138749.0
134722.0
138668.0
134735.0
138788.0
134829.0
138696.0
134775.0
138756.0
134801.0
138633.0
134712.0
138729.0
134767.0
138622.0
134669.0
138708.0
134546.0
138594.0
134585.0
138664.0
134742.0
138637.0
134733.0
138751.0
134681.0
138670.0
134739.0
138744.0
134749.0
138715.0
134637.0
138689.0
134726.0
138706.0
134690.0
138688.0
134727.0
138687.0
134745.0
138681.0
134757.0
138709.0
134843.0
138743.0
134685.0
138732.0
134675.0
138734.0
134725.0
138709.0
134875.0
138752.0
134854.0
138778.0
134692.0
138822.0
134913.0
138659.0
134774.0
138699.0
134894.0
138808.0
134930.0
138779.0
134936.0
138686.0
134886.0
138698.0
134792.0
138795.0
134775.0
138717.0
134607.0
138815.0
134806.0
138749.0
134841.0
138714.0
134875.0
138746.0
134673.0
138756.0
134740.0
138712.0
134776.0
138683.0
134721.0
138729.0
134818.0
138735.0
134785.0
138719.0
134702.0
138727.0
134721.0
138708.0
134792.0
138663.0
134748.0
138647.0
134550.0
138719.0
134678.0
138704.0
134750.0
138668.0
134703.0
138732.0
134724.0
138715.0
134816.0
138714.0
134833.0
138766.0
134782.0
138725.0
134823.0
138713.0
134812.0
138767.0
134734.0
138660.0
134712.0
138667.0
134652.0
138664.0
134553.0
138697.0
134722.0
138677.0
134629.0
138673.0
134872.0
138738.0
134712.0
138778.0
134831.0
138668.0
134857.0
138754.0
134749.0
138845.0
134890.0
138739.0
134814.0
138708.0
134789.0
138705.0
134699.0
138709.0
134825.0
138786.0
134924.0
138723.0
134804.0
138751.0
134907.0
138715.0
134910.0
138799.0
134856.0
138699.0
134849.0
138731.0
134763.0
138781.0
134816.0
138719.0
134825.0
138783.0
134795.0
138749.0
134677.0
138764.0
134825.0
138692.0
134862.0
138711.0
134703.0
138678.0
134709.0
138665.0
134749.0
138778.0
134780.0
138627.0
134708.0
138710.0
134794.0
138702.0
134741.0
138746.0
134895.0
138699.0
134800.0
138776.0
134789.0
138700.0
134783.0
138717.0
134695.0
138704.0
134771.0
138646.0
134758.0
138619.0
134708.0
138701.0
134713.0
138718.0
134736.0
138690.0
134886.0
138769.0
134817.0
138753.0
134915.0
138794.0
134718.0
138708.0
134849.0
138713.0
134795.0
138805.0
134939.0
138747.0
134812.0
138806.0
