138301.0
141583.0
138384.0
141483.0
138353.0
141653.0
138397.0
141657.0
138453.0
141675.0
138480.0
141472.0
138516.0
141611.0
138517.0
141626.0
138513.0
141741.0
138537.0
141646.0
138536.0
141696.0
138570.0
141724.0
138654.0
141759.0
138648.0
141837.0
138563.0
141744.0
138515.0
141747.0
138671.0
141820.0
138572.0
141775.0
138401.0
141707.0
138508.0
141706.0
138523.0
141800.0
138535.0
141768.0
138595.0
141969.0
138505.0
141772.0
138479.0
141664.0
138535.0
141688.0
138644.0
141829.0
138558.0
141905.0
138656.0
141882.0
138680.0
141797.0
138647.0
141938.0
138664.0
141987.0
138695.0
141999.0
138597.0
141837.0
138666.0
141887.0
138721.0
141770.0
138615.0
141842.0
138631.0
142019.0
138727.0
141965.0
138703.0
141865.0
138680.0
141906.0
138729.0
142055.0
138637.0
141941.0
138628.0
141988.0
138736.0
141985.0
138703.0
141908.0
138724.0
141904.0
138654.0
142061.0
138754.0
142043.0
138585.0
141828.0
138533.0
141948.0
138695.0
141979.0
138735.0
142125.0
138701.0
142057.0
138696.0
142025.0
138765.0
142122.0
138811.0
141980.0
138747.0
142124.0
138700.0
142105.0
138830.0
142045.0
138771.0
142126.0
138696.0
142197.0
138713.0
142043.0
138752.0
142166.0
138820.0
142198.0
138799.0
142164.0
138686.0
142078.0
138771.0
142071.0
138756.0
142047.0
138844.0
142193.0
138731.0
142117.0
138756.0
142142.0
138807.0
142106.0
138761.0
142109.0
138684.0
141886.0
138739.0
142074.0
138644.0
142093.0
138715.0
142071.0
138664.0
142028.0
138733.0
142091.0
138723.0
141901.0
138682.0
141973.0
138821.0
142171.0
138740.0
141919.0
138694.0
141938.0
138744.0
141972.0
138763.0
142240.0
138778.0
142031.0
138736.0
142045.0
138839.0
142080.0
138806.0
142133.0
138709.0
142036.0
138755.0
141998.0
138715.0
142158.0
138784.0
141993.0
138717.0
142222.0
138845.0
142124.0
138807.0
142055.0
138742.0
142131.0
138721.0
142061.0
138724.0
141947.0
138757.0
142006.0
138668.0
142055.0
138695.0
141924.0
138741.0
142118.0
138806.0
142199.0
138756.0
141994.0
138748.0
142127.0
138788.0
142104.0
138651.0
142140.0
138721.0
142184.0
138796.0
142085.0
138825.0
142224.0
138812.0
142067.0
138884.0
142233.0
138794.0
142172.0
138782.0
142022.0
138869.0
142168.0
138734.0
142001.0
138681.0
142073.0
138746.0
142057.0
138720.0
142106.0
138677.0
141999.0
138813.0
142019.0
138749.0
142151.0
138685.0
142021.0
138675.0
142150.0
138739.0
142040.0
138719.0
142065.0
138760.0
141916.0
138784.0
142029.0
138698.0
142041.0
138792.0
142215.0
138817.0
142251.0
138749.0
142074.0
138782.0
142121.0
138774.0
142097.0
138734.0
142050.0
138737.0
142140.0
138752.0
142059.0
138791.0
141980.0
138738.0
142076.0
138801.0
142178.0
138723.0
142106.0
138752.0
142106.0
138734.0
141991.0
138746.0
142080.0
138720.0
141985.0
138734.0
142078.0
138767.0
142059.0
138750.0
142047.0
138644.0
142151.0
138744.0
142019.0
138777.0
142215.0
138775.0
142118.0
138755.0
142131.0
138812.0
142189.0
138798.0
142124.0
138688.0
141976.0
138781.0
142032.0
138794.0
142100.0
138781.0
142052.0
138834.0
142085.0
138770.0
142142.0
138735.0
142151.0
138799.0
142186.0
138719.0
142220.0
138810.0
142328.0
138841.0
142222.0
138880.0
142301.0
138817.0
142170.0
138808.0
142294.0
138704.0
142072.0
138773.0
142160.0
138725.0
142067.0
138869.0
142116.0
138841.0
142028.0
138832.0
142188.0
138770.0
142075.0
138774.0
142122.0
138771.0
142264.0
138890.0
142187.0
138820.0
142162.0
138775.0
142013.0
138724.0
141998.0
138770.0
142157.0
138838.0
142235.0
138849.0
142203.0
138837.0
142115.0
138735.0
142012.0
138803.0
142133.0
138703.0
142178.0
138822.0
142068.0
138815.0
142189.0
138854.0
142186.0
138806.0
142134.0
138871.0
142239.0
138730.0
142288.0
138762.0
142094.0
138816.0
142218.0
138803.0
142193.0
138790.0
142279.0
138777.0
142217.0
138868.0
142277.0
138819.0
142351.0
138869.0
142271.0
138802.0
142269.0
138831.0
142193.0
138863.0
142251.0
138841.0
142247.0
138885.0
142200.0
138856.0
142102.0
138890.0
142167.0
138871.0
142216.0
138706.0
142062.0
138741.0
142198.0
138775.0
142196.0
138897.0
142140.0
138828.0
142190.0
138763.0
142281.0
138827.0
142308.0
138790.0
142102.0
138815.0
142184.0
138902.0
142240.0
138938.0
142435.0
138839.0
142364.0
138918.0
142425.0
138900.0
142296.0
138827.0
142487.0
138864.0
142300.0
138758.0
142300.0
138849.0
142231.0
138900.0
142232.0
138811.0
142213.0
138933.0
142284.0
138881.0
142376.0
138920.0
142229.0
138786.0
142247.0
138859.0
142245.0
138879.0
142411.0
138892.0
142172.0
138892.0
142212.0
138854.0
142255.0
138924.0
142193.0
138803.0
142229.0
138806.0
142382.0
138910.0
142236.0
138874.0
142251.0
138784.0
142255.0
138973.0
142267.0
138905.0
142234.0
138781.0
142094.0
138861.0
142339.0
138904.0
142152.0
138975.0
142419.0
138862.0
142286.0
138898.0
142302.0
138879.0
142305.0
138900.0
142210.0
138841.0
142301.0
138836.0
142330.0
138921.0
142310.0
138912.0
142313.0
138839.0
142220.0
138884.0
142368.0
138895.0
142238.0
138921.0
142358.0
138718.0
142237.0
138887.0
142206.0
138877.0
142214.0
138860.0
142217.0
138750.0
142160.0
138811.0
142296.0
138844.0
142292.0
138767.0
142061.0
138854.0
142262.0
138867.0
142413.0
138846.0
142387.0
138979.0
142381.0
138837.0
142352.0
138922.0
142340.0
138933.0
142307.0
138867.0
142297.0
138857.0
142257.0
138934.0
142223.0
138870.0
142239.0
138736.0
142315.0
138882.0
142409.0
138848.0
142275.0
138894.0
142244.0
138882.0
142376.0
138957.0
142384.0
138907.0
142312.0
138961.0
142175.0
138880.0
142336.0
138869.0
142362.0
138924.0
142261.0
138959.0
142260.0
138961.0
142375.0
138894.0
142240.0
138874.0
142313.0
138960.0
142306.0
138883.0
142221.0
138899.0
142299.0
138881.0
142289.0
138914.0
142326.0
138938.0
142408.0
138930.0
142465.0
138880.0
142368.0
139045.0
142346.0
138915.0
142228.0
138863.0
142294.0
138948.0
142371.0
138974.0
142476.0
138961.0
142486.0
138963.0
142337.0
138995.0
142415.0
139020.0
142397.0
138893.0
142361.0
138863.0
142357.0
138940.0
142406.0
138886.0
142338.0
138919.0
142199.0
138921.0
142317.0
138902.0
142336.0
138919.0
142480.0
138997.0
142352.0
138974.0
142366.0
138995.0
142298.0
138992.0
142359.0
138961.0
142421.0
138966.0
142529.0
138954.0
142457.0
139114.0
142504.0
139005.0
142461.0
138877.0
142446.0
138929.0
142361.0
139066.0
142428.0
138922.0
142393.0
138910.0
142469.0
138903.0
142264.0
138958.0
142372.0
139019.0
142486.0
138972.0
142508.0
138992.0
142622.0
139053.0
142522.0
139069.0
142596.0
139012.0
142544.0
139025.0
142488.0
138965.0
142440.0
138993.0
142544.0
139040.0
142553.0
139070.0
142591.0
139016.0
142597.0
138950.0
142489.0
138951.0
142320.0
138905.0
142436.0
138987.0
142366.0
139016.0
142388.0
138956.0
142427.0
138940.0
142418.0
138939.0
142340.0
138927.0
142367.0
139015.0
142308.0
138936.0
142364.0
138949.0
142349.0
138957.0
142224.0
138916.0
142209.0
138879.0
142444.0
138951.0
142301.0
138888.0
142222.0
138840.0
142245.0
138941.0
142219.0
138982.0
142261.0
138977.0
142491.0
138958.0
142373.0
138984.0
142482.0
138892.0
142455.0
139096.0
142455.0
138999.0
142502.0
138962.0
142568.0
138990.0
142389.0
138932.0
142396.0
138963.0
142428.0
138914.0
142505.0
138980.0
142459.0
138941.0
142416.0
138922.0
142325.0
139002.0
142377.0
138977.0
142487.0
138940.0
142448.0
138966.0
142405.0
138894.0
142388.0
138967.0
142383.0
138861.0
142357.0
138941.0
142348.0
138917.0
142251.0
138919.0
142306.0
138964.0
142271.0
138867.0
142317.0
138841.0
142275.0
138906.0
142285.0
138861.0
142140.0
138812.0
142155.0
138900.0
142306.0
138907.0
142272.0
138794.0
142207.0
138764.0
142162.0
138872.0
142143.0
138841.0
142286.0
138911.0
142362.0
138920.0
142391.0
138791.0
142263.0
138863.0
142317.0
138949.0
142213.0
138953.0
142274.0
138905.0
142417.0
138941.0
142495.0
139061.0
142396.0
138912.0
142174.0
138863.0
142159.0
138817.0
142330.0
138865.0
142180.0
138772.0
142319.0
138859.0
142368.0
138862.0
142212.0
138852.0
142173.0
138789.0
142315.0
138823.0
142150.0
138821.0
142269.0
138882.0
142408.0
138977.0
142401.0
138910.0
142307.0
138877.0
142412.0
138874.0
142207.0
138806.0
142276.0
138925.0
142286.0
138864.0
142398.0
138912.0
142366.0
138902.0
142207.0
138880.0
142415.0
138907.0
142301.0
138942.0
142395.0
138890.0
142364.0
138896.0
142315.0
138890.0
142386.0
138846.0
142374.0
138975.0
142274.0
138847.0
142146.0
138835.0
142296.0
138913.0
142458.0
138906.0
142426.0
138999.0
142381.0
138965.0
142455.0
139023.0
142316.0
138898.0
142519.0
138971.0
142355.0
138984.0
142373.0
139028.0
142503.0
138918.0
142463.0
139104.0
142506.0
139017.0
142391.0
138988.0
142414.0
138986.0
142378.0
138971.0
142500.0
138907.0
142516.0
139007.0
142364.0
138911.0
142318.0
138962.0
142363.0
138921.0
142295.0
138889.0
142227.0
138897.0
142361.0
138959.0
142256.0
138858.0
142375.0
138826.0
142386.0
138939.0
142387.0
138954.0
142372.0
138899.0
142313.0
138925.0
142317.0
138990.0
142380.0
138877.0
142283.0
138889.0
142243.0
138911.0
142379.0
139004.0
142382.0
138843.0
142322.0
139054.0
142403.0
138943.0
142349.0
138842.0
142419.0
138944.0
142273.0
138849.0
142218.0
138903.0
142433.0
138909.0
142293.0
138879.0
142266.0
138841.0
142148.0
138859.0
142245.0
138858.0
142089.0
138826.0
142199.0
138921.0
142236.0
138934.0
142352.0
138871.0
142505.0
138905.0
142485.0
138938.0
142454.0
138981.0
142313.0
138830.0
142220.0
138866.0
142191.0
138916.0
142425.0
138862.0
142354.0
138890.0
142244.0
138817.0
142301.0
138853.0
142276.0
138815.0
142313.0
138848.0
142250.0
138845.0
142367.0
138873.0
142117.0
138856.0
142414.0
138886.0
142137.0
138826.0
142352.0
138970.0
142259.0
138893.0
142314.0
138889.0
142364.0
138860.0
142242.0
138891.0
142205.0
138907.0
142305.0
138794.0
142390.0
138835.0
142236.0
138886.0
142262.0
138805.0
142379.0
138801.0
142280.0
138869.0
142135.0
138860.0
142304.0
138889.0
142471.0
138886.0
142206.0
138809.0
142315.0
138889.0
142252.0
138858.0
142227.0
138766.0
142208.0
138841.0
142324.0
138920.0
142429.0
138785.0
142189.0
138775.0
142171.0
138769.0
142122.0
138740.0
142029.0
138758.0
142143.0
138808.0
142166.0
138838.0
142178.0
138834.0
142222.0
138804.0
142105.0
138787.0
142102.0
138926.0
142333.0
138870.0
142244.0
138911.0
142289.0
138906.0
142340.0
138922.0
142171.0
138787.0
142155.0
138722.0
142069.0
138788.0
142170.0
138679.0
142057.0
138817.0
142132.0
138786.0
142170.0
138821.0
142090.0
138764.0
142024.0
138785.0
142223.0
138743.0
142179.0
138833.0
142249.0
138826.0
142193.0
138806.0
142234.0
138906.0
142372.0
138837.0
142271.0
138786.0
142310.0
138825.0
142410.0
138881.0
142362.0
138881.0
142305.0
138902.0
142265.0
138840.0
142167.0
138964.0
142435.0
138873.0
142338.0
138874.0
142252.0
138882.0
142378.0
138854.0
142192.0
138927.0
142319.0
138867.0
142091.0
138828.0
142210.0
138849.0
142233.0
138943.0
142284.0
138873.0
142421.0
138955.0
142302.0
138941.0
142277.0
138944.0
142256.0
138934.0
142283.0
138852.0
142370.0
138849.0
142213.0
138939.0
142260.0
138892.0
142148.0
138941.0
142426.0
138953.0
142351.0
138822.0
142260.0
138994.0
142220.0
138818.0
142257.0
138946.0
142401.0
138873.0
142341.0
138893.0
142230.0
138892.0
142303.0
138909.0
142278.0
138876.0
142301.0
138960.0
142464.0
138969.0
142316.0
138958.0
142347.0
138977.0
142332.0
138973.0
142284.0
139045.0
142429.0
138973.0
142508.0
139052.0
142604.0
138946.0
142389.0
139013.0
142468.0
139090.0
142433.0
138959.0
142431.0
138974.0
142398.0
139003.0
142434.0
139008.0
142428.0
138937.0
142295.0
138930.0
142305.0
139008.0
142377.0
138907.0
142426.0
138967.0
142378.0
138920.0
142356.0
138933.0
142270.0
138952.0
142340.0
138902.0
142261.0
138879.0
142454.0
138894.0
142214.0
138811.0
142357.0
138874.0
142210.0
138888.0
142262.0
138869.0
142219.0
138880.0
142356.0
138816.0
142286.0
138857.0
142318.0
138943.0
142355.0
138939.0
142204.0
138844.0
142378.0
138995.0
142296.0
138944.0
142293.0
138905.0
142374.0
138841.0
142314.0
138879.0
142314.0
138815.0
142253.0
138821.0
142310.0
138970.0
142438.0
138869.0
142259.0
138890.0
142274.0
138816.0
142192.0
138862.0
142142.0
138901.0
142331.0
138816.0
142355.0
138874.0
142247.0
138810.0
142318.0
138940.0
142120.0
138869.0
142202.0
138789.0
142283.0
138957.0
142336.0
138942.0
142347.0
138996.0
142252.0
138906.0
142231.0
138862.0
142253.0
138910.0
142323.0
138829.0
142241.0
138844.0
142191.0
138757.0
142257.0
138797.0
142241.0
138852.0
142294.0
138900.0
142283.0
138907.0
142245.0
138807.0
142201.0
138850.0
142282.0
138737.0
142293.0
138825.0
142338.0
138834.0
142217.0
138848.0
142097.0
138809.0
142205.0
138700.0
142217.0
138700.0
142288.0
138776.0
142238.0
138873.0
142185.0
138823.0
142263.0
138874.0
142295.0
138855.0
142187.0
138829.0
142328.0
138885.0
142217.0
138880.0
142385.0
138997.0
142344.0
138903.0
142309.0
138862.0
142311.0
138901.0
142437.0
138920.0
142389.0
138931.0
142376.0
138922.0
142439.0
138976.0
142382.0
139003.0
142265.0
138889.0
142328.0
138906.0
142308.0
138888.0
142359.0
138872.0
142401.0
138900.0
142457.0
138887.0
142297.0
138982.0
142560.0
138980.0
142366.0
138922.0
142104.0
138970.0
142184.0
138983.0
142337.0
138859.0
142447.0
138954.0
142330.0
138931.0
142464.0
138955.0
142339.0
138894.0
142361.0
139038.0
142369.0
139008.0
142285.0
138976.0
142215.0
138874.0
142259.0
138820.0
142253.0
138921.0
142275.0
138879.0
142184.0
138904.0
142171.0
138909.0
142428.0
138964.0
142496.0
138996.0
142290.0
138926.0
142318.0
138955.0
142256.0
138889.0
142308.0
138930.0
142302.0
138864.0
142225.0
138884.0
142326.0
138878.0
142266.0
138900.0
142379.0
138906.0
142296.0
138904.0
142331.0
138903.0
142263.0
138895.0
142217.0
138932.0
142242.0
138833.0
142196.0
138810.0
142184.0
138836.0
142234.0
138830.0
142246.0
138930.0
142323.0
138894.0
142277.0
138893.0
142294.0
138883.0
142278.0
138893.0
142305.0
138829.0
142237.0
138839.0
142309.0
138923.0
142313.0
138867.0
142418.0
138923.0
142318.0
138955.0
142283.0
138899.0
142243.0
138944.0
142304.0
138948.0
142347.0
138957.0
142460.0
138977.0
142417.0
138927.0
142500.0
138924.0
142341.0
138872.0
142251.0
138941.0
142249.0
138992.0
142311.0
138884.0
142293.0
138878.0
142313.0
138884.0
142352.0
138891.0
142318.0
138946.0
142346.0
138872.0
142328.0
138855.0
142476.0
138934.0
142320.0
138935.0
142277.0
138846.0
142352.0
138824.0
142066.0
138854.0
142359.0
138929.0
142375.0
138997.0
142314.0
138929.0
142444.0
138901.0
142456.0
138940.0
142366.0
138992.0
142309.0
138891.0
142286.0
138858.0
142349.0
138982.0
142425.0
139016.0
142265.0
139011.0
142321.0
138934.0
142369.0
138859.0
142268.0
138928.0
142294.0
138894.0
142257.0
138828.0
142242.0
138880.0
142254.0
138800.0
142219.0
138834.0
142274.0
138965.0
142329.0
138858.0
142379.0
138822.0
142215.0
138845.0
142371.0
138927.0
142303.0
138835.0
142293.0
138778.0
142205.0
138821.0
142347.0
138805.0
142292.0
138941.0
142333.0
138943.0
142311.0
138964.0
142558.0
139004.0
142470.0
139062.0
142312.0
138915.0
142418.0
138943.0
142438.0
138958.0
142441.0
138920.0
142465.0
138961.0
142460.0
138979.0
142395.0
139000.0
142198.0
138932.0
142281.0
138940.0
142462.0
138890.0
142357.0
138995.0
142311.0
138905.0
142225.0
138856.0
142344.0
138944.0
142340.0
138831.0
142409.0
138923.0
142409.0
138880.0
142484.0
138884.0
142290.0
138935.0
142305.0
138943.0
142461.0
138883.0
142373.0
138998.0
142348.0
138973.0
142456.0
138947.0
142405.0
138978.0
142534.0
138981.0
142403.0
138791.0
142359.0
138995.0
142347.0
138960.0
142249.0
138887.0
142355.0
138852.0
142237.0
138871.0
142256.0
138888.0
142232.0
138859.0
142472.0
138967.0
142431.0
138937.0
142349.0
138872.0
142503.0
138925.0
142451.0
138883.0
142310.0
139026.0
142329.0
138946.0
142196.0
138817.0
142240.0
138869.0
142486.0
138941.0
142358.0
138913.0
142307.0
138912.0
142305.0
138884.0
142189.0
138852.0
142157.0
138847.0
142090.0
138943.0
142284.0
138916.0
142308.0
138936.0
142341.0
138969.0
142442.0
138901.0
142486.0
138918.0
142325.0
138933.0
142213.0
138873.0
142236.0
138844.0
142467.0
139016.0
142368.0
138926.0
142357.0
138952.0
142330.0
138858.0
142326.0
138928.0
142375.0
138980.0
142446.0
139067.0
142573.0
139014.0
142496.0
139063.0
142520.0
138997.0
142301.0
138874.0
142390.0
138892.0
142300.0
138929.0
142429.0
138882.0
142457.0
138934.0
142337.0
138923.0
142387.0
139002.0
142413.0
138895.0
142344.0
138863.0
142422.0
138956.0
142357.0
138832.0
142445.0
138938.0
142515.0
139039.0
142272.0
138844.0
142375.0
138859.0
142400.0
138879.0
142297.0
138959.0
142351.0
138841.0
142295.0
138982.0
142385.0
138925.0
142334.0
138846.0
142349.0
138950.0
142494.0
138947.0
142275.0
138826.0
142277.0
138772.0
142190.0
138832.0
142246.0
138883.0
142356.0
138946.0
142280.0
138869.0
142136.0
138892.0
142224.0
138949.0
142255.0
138852.0
142289.0
138963.0
142539.0
138965.0
142492.0
138954.0
142559.0
138920.0
142401.0
138841.0
142492.0
138874.0
142482.0
138879.0
142336.0
138969.0
142346.0
138946.0
142461.0
138987.0
142436.0
138985.0
142372.0
138950.0
142330.0
138853.0
142419.0
138914.0
142265.0
138885.0
142335.0
138864.0
142331.0
138907.0
142349.0
138907.0
142287.0
138907.0
142311.0
138872.0
142274.0
138806.0
142246.0
138885.0
142319.0
139000.0
142301.0
138922.0
142280.0
138848.0
142461.0
138898.0
142437.0
138887.0
142444.0
138933.0
142316.0
138888.0
142286.0
138869.0
142255.0
138840.0
142270.0
139002.0
142504.0
139031.0
142452.0
138930.0
142352.0
138936.0
142323.0
138914.0
142476.0
138950.0
142431.0
138934.0
142330.0
138937.0
142408.0
138855.0
142461.0
139009.0
142326.0
138935.0
142320.0
138873.0
142515.0
139048.0
142495.0
138967.0
142353.0
138877.0
142289.0
138901.0
142354.0
138927.0
142374.0
138884.0
142428.0
138889.0
142344.0
138934.0
142196.0
138881.0
142406.0
138885.0
142305.0
138871.0
142306.0
138978.0
142500.0
138962.0
142500.0
139071.0
142481.0
139102.0
142511.0
139026.0
142488.0
138961.0
142325.0
139049.0
142294.0
138943.0
142325.0
139073.0
142323.0
138957.0
142296.0
138982.0
142454.0
138975.0
142517.0
138821.0
142255.0
138907.0
142181.0
138877.0
142223.0
138928.0
142374.0
138905.0
142335.0
138878.0
142261.0
138911.0
142333.0
138917.0
142279.0
138872.0
142304.0
138899.0
142355.0
139010.0
142440.0
138926.0
142349.0
138910.0
142402.0
138974.0
142383.0
138942.0
142461.0
138960.0
142428.0
139008.0
142433.0
139018.0
142497.0
138972.0
142516.0
139041.0
142413.0
138911.0
142248.0
138991.0
142416.0
138850.0
142350.0
138973.0
142530.0
139045.0
142459.0
138900.0
142285.0
138922.0
142341.0
138929.0
142467.0
138873.0
142429.0
138892.0
142257.0
138888.0
142369.0
138908.0
142330.0
138934.0
142469.0
138998.0
142477.0
138919.0
142402.0
139050.0
142502.0
138963.0
142413.0
138935.0
142311.0
138991.0
142360.0
138896.0
142345.0
138923.0
142373.0
138915.0
142339.0
138841.0
142299.0
138925.0
142390.0
139065.0
142455.0
139041.0
142273.0
139023.0
142406.0
138887.0
142167.0
138868.0
142295.0
138762.0
142176.0
138936.0
142270.0
138846.0
142270.0
138909.0
142276.0
138836.0
142301.0
138899.0
142209.0
138962.0
142225.0
138925.0
142285.0
139001.0
142213.0
138821.0
142239.0
138897.0
142199.0
138777.0
142235.0
138794.0
142187.0
138794.0
142166.0
138804.0
142204.0
138700.0
142115.0
138802.0
142256.0
138778.0
142096.0
138809.0
142340.0
138834.0
142167.0
138827.0
142096.0
138791.0
142106.0
138706.0
142119.0
138832.0
142145.0
138691.0
142148.0
138787.0
142181.0
138778.0
142005.0
138892.0
142272.0
138926.0
142407.0
138943.0
142261.0
138837.0
142336.0
138947.0
142329.0
138949.0
142359.0
138957.0
142341.0
138939.0
142362.0
138960.0
142407.0
138890.0
142424.0
138952.0
142369.0
138942.0
142215.0
138914.0
142339.0
138940.0
142531.0
138927.0
142313.0
138850.0
142379.0
138981.0
142222.0
138952.0
142379.0
138977.0
142465.0
138875.0
142410.0
138917.0
142404.0
138935.0
142453.0
138943.0
142224.0
138928.0
142443.0
138943.0
142392.0
138937.0
142159.0
138857.0
142263.0
138908.0
142237.0
138881.0
142291.0
138916.0
142237.0
138858.0
142308.0
138947.0
142270.0
138915.0
142407.0
139023.0
142434.0
139023.0
142313.0
138933.0
142428.0
138891.0
142303.0
138930.0
142288.0
138927.0
142383.0
139008.0
142473.0
138919.0
142459.0
138943.0
142382.0
138846.0
142521.0
138939.0
142353.0
138927.0
142425.0
139001.0
142377.0
138867.0
142294.0
138866.0
142354.0
138930.0
142361.0
138901.0
142358.0
139036.0
142424.0
138873.0
142307.0
138878.0
142388.0
139014.0
142506.0
138925.0
142419.0
139110.0
142458.0
138875.0
142512.0
138937.0
142448.0
138931.0
142326.0
138910.0
142447.0
138951.0
142551.0
138993.0
142589.0
139014.0
142551.0
139054.0
142485.0
139112.0
142525.0
138979.0
142455.0
138896.0
142456.0
138929.0
142636.0
139097.0
142519.0
139124.0
142669.0
138972.0
142418.0
139033.0
142413.0
138988.0
142485.0
138948.0
142465.0
138960.0
142371.0
138959.0
142449.0
138953.0
142336.0
139078.0
142327.0
138965.0
142316.0
139009.0
142329.0
139029.0
142416.0
138884.0
142545.0
138975.0
142435.0
138896.0
142324.0
138895.0
142294.0
138925.0
142500.0
138988.0
142440.0
138937.0
142412.0
138958.0
142441.0
138910.0
142463.0
139013.0
142327.0
138975.0
142430.0
138900.0
142405.0
138976.0
142493.0
138911.0
142432.0
138850.0
142493.0
138972.0
142349.0
138863.0
142344.0
138944.0
142480.0
138988.0
142384.0
138965.0
142513.0
138985.0
142507.0
138918.0
142377.0
138963.0
142348.0
138975.0
142392.0
139003.0
142407.0
138907.0
142448.0
138962.0
142460.0
138949.0
142249.0
139022.0
142438.0
138982.0
142536.0
138912.0
142474.0
138953.0
142448.0
138993.0
142481.0
138982.0
142456.0
138944.0
142443.0
139032.0
142353.0
139048.0
142499.0
138960.0
142393.0
138990.0
142520.0
139005.0
142377.0
138973.0
142489.0
139039.0
142460.0
138939.0
142453.0
138973.0
142530.0
139007.0
142314.0
138960.0
142433.0
138914.0
142594.0
139001.0
142529.0
139011.0
142381.0
138936.0
142562.0
138946.0
142421.0
138992.0
142505.0
139023.0
142537.0
138853.0
142267.0
138955.0
142423.0
138942.0
142570.0
139058.0
142496.0
139051.0
142478.0
138995.0
142469.0
139024.0
142368.0
138982.0
142405.0
138965.0
142400.0
138945.0
142345.0
138985.0
142420.0
138923.0
142381.0
138998.0
142429.0
138950.0
142350.0
138832.0
142229.0
138962.0
142462.0
138994.0
142363.0
138959.0
142455.0
138963.0
142546.0
138985.0
142485.0
138944.0
142377.0
139042.0
142434.0
138842.0
142467.0
139010.0
142441.0
138956.0
142341.0
138928.0
142390.0
138998.0
142375.0
138861.0
142382.0
138986.0
142444.0
138928.0
142437.0
138935.0
142464.0
138941.0
142487.0
139076.0
142542.0
139014.0
142579.0
138976.0
142506.0
138997.0
142504.0
138949.0
142363.0
138890.0
142386.0
138959.0
142441.0
138885.0
142452.0
139007.0
142430.0
138981.0
142488.0
139003.0
142418.0
138902.0
142352.0
138962.0
142498.0
139089.0
142535.0
138994.0
142499.0
138977.0
142555.0
138882.0
142574.0
138966.0
142609.0
139005.0
142551.0
138975.0
142556.0
139117.0
142619.0
139022.0
142563.0
139030.0
142411.0
139064.0
142564.0
138922.0
142527.0
139091.0
142495.0
138981.0
142444.0
138872.0
142306.0
138831.0
142429.0
139021.0
142396.0
139050.0
142527.0
139081.0
142325.0
139007.0
142514.0
138944.0
142487.0
139055.0
142505.0
138939.0
142514.0
139027.0
142589.0
138964.0
142464.0
138987.0
142476.0
138955.0
142368.0
138945.0
142482.0
138872.0
142563.0
139010.0
142309.0
138909.0
142282.0
138930.0
142441.0
138983.0
142442.0
138900.0
142568.0
138912.0
142512.0
138895.0
142317.0
138812.0
142351.0
138910.0
142327.0
138925.0
142308.0
138960.0
142368.0
138940.0
142351.0
138931.0
142388.0
138943.0
142429.0
138953.0
142419.0
138848.0
142350.0
138962.0
142275.0
138980.0
142353.0
138924.0
142292.0
138902.0
142440.0
138961.0
142420.0
138836.0
142399.0
138950.0
142385.0
138879.0
142350.0
138875.0
142284.0
138886.0
142373.0
138728.0
142129.0
138876.0
142293.0
138829.0
142247.0
138903.0
142330.0
138866.0
142199.0
138818.0
142376.0
138910.0
142383.0
138876.0
142424.0
138850.0
142435.0
138918.0
142452.0
138907.0
142316.0
138884.0
142329.0
138870.0
142381.0
138927.0
142258.0
138975.0
142367.0
138958.0
142380.0
138988.0
142461.0
139023.0
142539.0
138935.0
142207.0
138866.0
142283.0
138787.0
142308.0
138910.0
142327.0
138880.0
142342.0
138840.0
142293.0
138954.0
142434.0
138877.0
142368.0
138867.0
142282.0
138869.0
142349.0
138896.0
142441.0
138996.0
142377.0
138978.0
142486.0
138974.0
142345.0
138887.0
142433.0
138869.0
142378.0
138888.0
142261.0
138913.0
142409.0
138859.0
142418.0
139010.0
142258.0
138885.0
142321.0
138818.0
142301.0
138934.0
142270.0
138826.0
142406.0
138862.0
142212.0
138967.0
142339.0
138822.0
142404.0
138845.0
142360.0
138920.0
142340.0
138882.0
142443.0
138897.0
142332.0
138991.0
142423.0
138860.0
142301.0
138846.0
142220.0
138893.0
142238.0
138837.0
142270.0
138964.0
142285.0
138898.0
142116.0
138846.0
142206.0
138835.0
142112.0
138899.0
142444.0
138853.0
142305.0
138840.0
142312.0
138804.0
142222.0
138843.0
142253.0
138894.0
142301.0
138871.0
142261.0
138835.0
142283.0
138835.0
142267.0
138899.0
142249.0
138788.0
142168.0
138815.0
142342.0
138852.0
142221.0
138969.0
142154.0
138772.0
142281.0
138872.0
142172.0
138813.0
142064.0
138767.0
142209.0
138947.0
142357.0
138874.0
142322.0
138857.0
142267.0
138867.0
142332.0
138895.0
142269.0
138794.0
142356.0
138838.0
142323.0
138912.0
142283.0
138970.0
142335.0
138951.0
142388.0
138956.0
142316.0
138911.0
142416.0
138888.0
142292.0
138852.0
142324.0
138889.0
142337.0
138845.0
142452.0
138965.0
142321.0
139007.0
142365.0
138894.0
142272.0
138920.0
142182.0
138851.0
142328.0
138776.0
142313.0
138841.0
142331.0
138841.0
142158.0
138870.0
142044.0
138808.0
142230.0
138738.0
142174.0
138851.0
142327.0
138898.0
142107.0
138825.0
142197.0
138847.0
142145.0
138981.0
142300.0
138930.0
142224.0
138889.0
142173.0
138808.0
142231.0
138893.0
142374.0
138953.0
142305.0
138873.0
142305.0
138885.0
142184.0
138778.0
142262.0
138918.0
142178.0
138912.0
142288.0
138913.0
142365.0
138843.0
142240.0
138777.0
142267.0
138710.0
142179.0
138861.0
142130.0
138719.0
142160.0
138838.0
142189.0
138821.0
142275.0
138824.0
142204.0
138808.0
142150.0
138821.0
142317.0
138874.0
142247.0
138867.0
142296.0
138753.0
142249.0
138838.0
142298.0
138920.0
142274.0
138838.0
142278.0
138847.0
142184.0
138788.0
142186.0
138792.0
142323.0
138874.0
142208.0
138846.0
142226.0
138747.0
142103.0
138850.0
142289.0
138847.0
142216.0
138765.0
142263.0
138906.0
142388.0
138855.0
142218.0
138848.0
142217.0
138958.0
142276.0
138912.0
142263.0
138868.0
142346.0
138856.0
142308.0
138952.0
142202.0
138914.0
142208.0
138812.0
142288.0
138831.0
142188.0
138859.0
142369.0
138766.0
142276.0
138850.0
142355.0
138925.0
142255.0
138873.0
142276.0
138891.0
142244.0
138822.0
142345.0
138900.0
142189.0
138910.0
142339.0
138855.0
142128.0
138882.0
142142.0
138912.0
142337.0
138918.0
142393.0
138862.0
142349.0
138866.0
142438.0
138844.0
142483.0
138849.0
142341.0
138906.0
142269.0
138866.0
142358.0
138876.0
142265.0
138907.0
142214.0
138944.0
142341.0
138918.0
142325.0
138988.0
142368.0
138882.0
142241.0
138947.0
142293.0
138917.0
142394.0
138877.0
142289.0
138969.0
142310.0
138953.0
142285.0
138951.0
142544.0
138932.0
142209.0
138838.0
142313.0
138914.0
142559.0
139152.0
142386.0
138989.0
142523.0
138994.0
142482.0
139003.0
142469.0
138989.0
142436.0
138912.0
142338.0
138860.0
142242.0
138876.0
142316.0
138890.0
142370.0
138861.0
142453.0
138836.0
142245.0
138840.0
142226.0
138837.0
142401.0
138759.0
142248.0
138863.0
142266.0
138753.0
142208.0
138823.0
142282.0
138726.0
142150.0
138779.0
142211.0
138797.0
142264.0
138816.0
142115.0
138810.0
142260.0
138857.0
142234.0
138798.0
142231.0
138858.0
142231.0
138845.0
142233.0
138828.0
142203.0
138829.0
142151.0
138865.0
142345.0
138840.0
142350.0
138912.0
142063.0
138935.0
142224.0
138851.0
142181.0
138687.0
142088.0
138774.0
142064.0
138809.0
142215.0
138869.0
142187.0
138782.0
142221.0
138801.0
142365.0
138862.0
142391.0
138912.0
142196.0
138873.0
142013.0
138846.0
142268.0
138876.0
142288.0
138839.0
142149.0
138906.0
142131.0
138797.0
142170.0
138772.0
142136.0
138822.0
142227.0
138783.0
142150.0
138780.0
142102.0
138842.0
142232.0
138865.0
142383.0
138928.0
142270.0
138963.0
142399.0
138930.0
142241.0
138844.0
142284.0
138813.0
142253.0
138834.0
142258.0
138940.0
142317.0
138885.0
142254.0
138937.0
142288.0
138898.0
142239.0
138860.0
142442.0
138956.0
142233.0
138924.0
142327.0
138894.0
142386.0
138874.0
142198.0
138821.0
142373.0
138892.0
142250.0
138894.0
142240.0
138814.0
142170.0
138843.0
142276.0
138735.0
142110.0
138892.0
142201.0
138792.0
142248.0
138818.0
142187.0
138825.0
142266.0
138859.0
142079.0
138858.0
142147.0
138837.0
142354.0
138854.0
142331.0
138948.0
142455.0
138920.0
142340.0
138855.0
142298.0
138891.0
142266.0
138856.0
142291.0
138874.0
142278.0
138858.0
142294.0
138899.0
142319.0
138882.0
142220.0
138787.0
142164.0
138826.0
142176.0
138886.0
142160.0
138860.0
142266.0
138806.0
142138.0
138926.0
142308.0
138806.0
142055.0
138808.0
142062.0
138781.0
142145.0
138828.0
142323.0
138877.0
142244.0
138788.0
142305.0
138861.0
142282.0
138770.0
142242.0
138729.0
142207.0
138749.0
142257.0
138759.0
142307.0
138857.0
142280.0
138777.0
142328.0
138803.0
142140.0
138859.0
142308.0
138898.0
142211.0
138685.0
142225.0
138644.0
142100.0
138767.0
142229.0
138801.0
142210.0
138820.0
142179.0
138837.0
142071.0
138845.0
142204.0
138765.0
142135.0
138753.0
142194.0
138946.0
142266.0
138743.0
142057.0
138797.0
142297.0
138812.0
142280.0
138882.0
142296.0
138938.0
142318.0
138812.0
142256.0
138782.0
142136.0
138806.0
142199.0
138834.0
142231.0
138742.0
141999.0
138779.0
142237.0
138707.0
142299.0
138826.0
142290.0
138881.0
142318.0
138915.0
142165.0
138940.0
142246.0
138918.0
142376.0
138889.0
142212.0
138835.0
142162.0
138844.0
142189.0
138808.0
142280.0
138795.0
142249.0
138894.0
142305.0
138908.0
142316.0
138836.0
142216.0
138831.0
142412.0
138915.0
142253.0
138940.0
142285.0
138789.0
142513.0
138846.0
142225.0
138869.0
142194.0
138781.0
142335.0
138773.0
142253.0
138904.0
142405.0
138822.0
142316.0
138834.0
142274.0
138816.0
142163.0
138889.0
142366.0
138914.0
142172.0
138765.0
142309.0
138859.0
142364.0
138969.0
142243.0
138799.0
142353.0
138859.0
142265.0
138839.0
142118.0
138879.0
142315.0
138911.0
142215.0
138921.0
142256.0
138885.0
142275.0
138900.0
142391.0
138858.0
142297.0
138843.0
142293.0
138846.0
142200.0
138808.0
142382.0
138840.0
142316.0
138911.0
142414.0
138869.0
142163.0
138919.0
142170.0
138888.0
142351.0
138867.0
142173.0
138861.0
142364.0
138973.0
142398.0
138901.0
142426.0
138982.0
142438.0
138944.0
142373.0
138901.0
142471.0
138906.0
142231.0
138900.0
142132.0
138887.0
142158.0
138816.0
142294.0
138777.0
142318.0
138891.0
142183.0
138847.0
142283.0
138880.0
142242.0
138873.0
142197.0
138914.0
142418.0
138980.0
142318.0
138857.0
142382.0
138747.0
142478.0
138897.0
142312.0
138906.0
142359.0
138903.0
142451.0
138927.0
142355.0
138923.0
142413.0
138883.0
142287.0
138916.0
142169.0
138907.0
142373.0
138813.0
142232.0
138844.0
142328.0
138853.0
142308.0
138889.0
142244.0
138761.0
142165.0
138908.0
142245.0
138851.0
142251.0
138899.0
142509.0
138910.0
142312.0
138934.0
142217.0
138918.0
142342.0
138890.0
142349.0
138860.0
142273.0
138967.0
142384.0
138857.0
142305.0
138926.0
142443.0
138961.0
142285.0
138981.0
142279.0
138872.0
142256.0
138870.0
142393.0
138892.0
142280.0
138902.0
142309.0
138856.0
142527.0
138994.0
142513.0
138969.0
142331.0
138925.0
142397.0
138991.0
142320.0
138809.0
142258.0
138914.0
142162.0
138879.0
142289.0
138776.0
142196.0
138731.0
142221.0
138970.0
142259.0
138863.0
142291.0
138901.0
142353.0
138846.0
142231.0
138871.0
142315.0
138875.0
142230.0
138808.0
142176.0
138799.0
142047.0
138817.0
142094.0
138741.0
142242.0
138850.0
142192.0
138869.0
142114.0
138725.0
142222.0
138826.0
142330.0
138865.0
142273.0
138915.0
142248.0
138915.0
142288.0
138856.0
142180.0
138862.0
142168.0
138826.0
142204.0
138918.0
142216.0
138964.0
142290.0
138927.0
142274.0
138910.0
142342.0
138842.0
142243.0
138841.0
142303.0
138947.0
142382.0
138926.0
142317.0
138857.0
142345.0
138897.0
142327.0
138856.0
142369.0
138770.0
142229.0
138859.0
142296.0
138984.0
142350.0
138862.0
142327.0
138853.0
142343.0
138930.0
142422.0
138831.0
142421.0
138879.0
142261.0
138878.0
142284.0
138848.0
142246.0
138763.0
142269.0
138820.0
142138.0
138864.0
142362.0
138833.0
142273.0
138934.0
142387.0
138937.0
142342.0
138791.0
142358.0
138903.0
142363.0
138944.0
142323.0
138849.0
142214.0
138817.0
142302.0
138931.0
142358.0
138934.0
142278.0
138914.0
142293.0
138932.0
142311.0
138898.0
142278.0
138920.0
142328.0
138854.0
142275.0
138844.0
142401.0
138914.0
142312.0
138966.0
142315.0
138885.0
142339.0
138943.0
142360.0
138901.0
142241.0
138858.0
142217.0
138965.0
142297.0
138943.0
142288.0
138888.0
142278.0
138973.0
142421.0
138877.0
142265.0
138892.0
142257.0
138877.0
142316.0
138923.0
142418.0
138922.0
142572.0
138991.0
142271.0
138883.0
142450.0
138916.0
142314.0
138977.0
142524.0
139024.0
142448.0
138825.0
142430.0
138972.0
142230.0
138843.0
142316.0
138919.0
142361.0
138886.0
142376.0
138909.0
142326.0
138960.0
142372.0
138970.0
142293.0
138917.0
142385.0
138977.0
142385.0
138843.0
142456.0
138991.0
142489.0
138990.0
142289.0
138957.0
142118.0
138870.0
142353.0
138958.0
142451.0
138895.0
142416.0
139031.0
142224.0
139018.0
142381.0
138984.0
142487.0
138977.0
142172.0
138907.0
142244.0
138815.0
142272.0
138897.0
142302.0
138845.0
142401.0
138955.0
142307.0
138868.0
142258.0
138895.0
142254.0
138827.0
141981.0
138765.0
142255.0
138780.0
142462.0
138928.0
142236.0
138920.0
142302.0
138810.0
142153.0
138844.0
142142.0
138768.0
142301.0
138726.0
142203.0
138780.0
142431.0
138909.0
142258.0
138822.0
142271.0
138872.0
142328.0
138816.0
142285.0
138932.0
142330.0
138856.0
142366.0
138857.0
142245.0
138843.0
142293.0
138847.0
142273.0
138913.0
142454.0
138968.0
142454.0
138990.0
142375.0
138993.0
142406.0
138960.0
142278.0
138874.0
142208.0
138915.0
142335.0
138898.0
142247.0
138962.0
142311.0
138925.0
142232.0
138943.0
142223.0
138843.0
142353.0
138853.0
142145.0
138787.0
142172.0
138800.0
142191.0
138826.0
142358.0
138834.0
142321.0
138902.0
142368.0
138899.0
142426.0
138947.0
142289.0
138879.0
142270.0
138895.0
142279.0
138863.0
142308.0
138896.0
142131.0
138812.0
142305.0
138788.0
142137.0
138795.0
142261.0
138850.0
142237.0
138836.0
142319.0
138902.0
142317.0
138826.0
142249.0
138939.0
142388.0
138881.0
142303.0
138885.0
142276.0
138883.0
142227.0
138924.0
142431.0
138897.0
142411.0
139046.0
142350.0
138906.0
142578.0
138809.0
142434.0
138833.0
142291.0
138890.0
142369.0
138941.0
142337.0
138843.0
142241.0
138912.0
142535.0
138947.0
142429.0
138898.0
142402.0
138906.0
142286.0
138867.0
142313.0
138883.0
142140.0
138825.0
142301.0
138779.0
142138.0
138862.0
142423.0
138906.0
142340.0
138975.0
142446.0
138875.0
142366.0
138942.0
142457.0
138949.0
142268.0
138907.0
142382.0
138877.0
142392.0
138889.0
142348.0
138854.0
142328.0
138997.0
142539.0
138992.0
142459.0
138977.0
142298.0
138903.0
142527.0
138891.0
142341.0
138922.0
142355.0
139006.0
142421.0
139007.0
142348.0
138791.0
142389.0
138907.0
142251.0
138951.0
142392.0
138989.0
142534.0
139028.0
142565.0
139023.0
142426.0
139090.0
142375.0
138976.0
142307.0
138920.0
142374.0
138855.0
142375.0
138950.0
142508.0
138957.0
142369.0
139036.0
142468.0
138959.0
142440.0
138883.0
142431.0
138940.0
142321.0
138910.0
142399.0
138971.0
142387.0
138921.0
142347.0
138895.0
142205.0
138860.0
142369.0
138940.0
142405.0
138906.0
142277.0
138763.0
142298.0
138817.0
142239.0
138941.0
142296.0
138928.0
142310.0
138887.0
142326.0
138915.0
142376.0
139019.0
142371.0
138953.0
142308.0
138974.0
142439.0
139023.0
142318.0
138890.0
142295.0
138955.0
142350.0
138877.0
142256.0
138839.0
142346.0
138901.0
142397.0
138855.0
142227.0
138926.0
142292.0
138879.0
142455.0
138926.0
142247.0
138936.0
142381.0
138889.0
142513.0
138977.0
142376.0
138947.0
142397.0
138946.0
142365.0
138839.0
142408.0
138947.0
142512.0
139018.0
142336.0
138994.0
142459.0
138977.0
142416.0
138999.0
142372.0
138894.0
142309.0
138860.0
142275.0
138829.0
142279.0
138885.0
142240.0
138903.0
142329.0
138941.0
142320.0
138782.0
142363.0
138891.0
142304.0
138965.0
142438.0
138855.0
142281.0
138876.0
142267.0
138907.0
142310.0
138872.0
142159.0
138806.0
142215.0
138893.0
142362.0
138874.0
142404.0
139011.0
142343.0
138990.0
142418.0
138949.0
142452.0
138969.0
142383.0
138862.0
142451.0
138975.0
142323.0
138937.0
142190.0
138932.0
142281.0
138944.0
142273.0
138930.0
142359.0
139023.0
142426.0
138950.0
142539.0
139033.0
142435.0
138889.0
142350.0
138898.0
142363.0
138972.0
142535.0
139023.0
142520.0
138928.0
142496.0
