[[12756484, 12755894, 12758130, 12757494, 12759122, 12758407, 12758235, 12758228, 12757721, 12758339, 12760125, 12759064, 12760128, 12759338, 12760192, 12759599, 12758987, 12760593, 12761969, 12759787, 4276993760, 4276993760], [12756543, 12756497, 12758170, 12757425, 12758924, 12758477, 12758372, 12757881, 12757840, 12758938, 12759631, 12759491, 12759999, 12759479, 12760182, 12759458, 12758860, 12761500, 12761393, 12759614, 4276993761, 4276993761], [12756109, 12757065, 12757945, 12757833, 12758770, 12758399, 12758377, 12757808, 12757864, 12759374, 12759590, 12759587, 12759685, 12759677, 12760167, 12759417, 12759067, 12761992, 12760788, 12759616, 4276993762, 4276993762], [12755705, 12757920, 12757593, 12758382, 12758727, 12758260, 12758200, 12757902, 12758100, 12759967, 12758999, 12759758, 12759516, 12760135, 12759724, 12759336, 12759699, 12761957, 12760371, 12759312, 4276993763, 4276993763]]
[[12758609, 12761289, 12761615, 12763398, 12762156, 12761747, 12761292, 12760296, 12762310, 12761734, 12763822, 12763363, 12761998, 12761796, 12763320, 12762241, 12761354, 12760906, 12760721, 12759938, 4276993760, 4276993760], [12760019, 12760634, 12762525, 12763371, 12761697, 12761635, 12760933, 12760633, 12762697, 12761659, 12763584, 12763720, 12761417, 12762535, 12762878, 12761976, 12761524, 12760965, 12760127, 12759872, 4276993761, 4276993761], [12760992, 12760433, 12762705, 12763293, 12761485, 12761700, 12760710, 12760976, 12762636, 12762412, 12763205, 12763270, 12761410, 12763082, 12762686, 12761626, 12761695, 12760722, 12759750, 12759781, 4276993762, 4276993762], [12760922, 12761231, 12763166, 12762596, 12761694, 12761660, 12760119, 12761825, 12762061, 12763233, 12763511, 12762450, 12761651, 12763085, 12762658, 12761389, 12761327, 12760670, 12759930, 12758734, 4276993763, 4276993763]]
[[12759826, 12762917, 12763805, 12763588, 12763838, 12763108, 12763310, 12764320, 12763869, 12762957, 12763932, 12761603, 12762755, 12762993, 12765274, 12764014, 12763016, 12764904, 12767062, 12766598, 4276993760, 4276993760], [12761117, 12763584, 12763385, 12763748, 12763807, 12763191, 12763291, 12764233, 12763908, 12763179, 12763114, 12761785, 12762459, 12764314, 12764642, 12764068, 12762905, 12765657, 12767162, 12766428, 4276993761, 4276993761], [12761828, 12763850, 12763153, 12764235, 12763260, 12763441, 12763732, 12763887, 12763562, 12763635, 12762212, 12762445, 12762634, 12764887, 12764105, 12763961, 12762992, 12766247, 12767483, 12765896, 4276993762, 4276993762], [12762624, 12763948, 12763207, 12764185, 12762982, 12763547, 12763995, 12764001, 12763026, 12763906, 12761679, 12762787, 12762595, 12765585, 12763918, 12763272, 12763746, 12767114, 12767047, 12765128, 4276993763, 4276993763]]
[[12761332, 12762152, 12762777, 12763338, 12763409, 12762854, 12764685, 12764287, 12764629, 12765122, 12765235, 12761889, 12762055, 12762384, 12764158, 12762252, 12761691, 12762270, 12763345, 12762064, 4276993760, 4276993760], [12761845, 12761830, 12763102, 12763422, 12763157, 12763535, 12764408, 12764442, 12764800, 12765388, 12764287, 12761758, 12762150, 12762919, 12763785, 12761914, 12761713, 12762751, 12763148, 12761249, 4276993761, 4276993761], [12762502, 12761732, 12762968, 12763558, 12763061, 12763815, 12764670, 12764670, 12764450, 12765531, 12763457, 12761779, 12762410, 12763203, 12763352, 12761699, 12761890, 12762905, 12762866, 12760676, 4276993762, 4276993762], [12762562, 12762016, 12763220, 12763837, 12762606, 12764454, 12764148, 12764976, 12764626, 12765347, 12762902, 12761824, 12762428, 12763780, 12762682, 12761911, 12761929, 12762813, 12762866, 12759195, 4276993763, 4276993763]]
[[12760919, 12761191, 12760664, 12762511, 12761954, 12761372, 12761285, 12762272, 12762353, 12761958, 12763937, 12761103, 12760871, 12760310, 12761575, 12762074, 12761565, 12762643, 12760475, 12760667, 4276993760, 4276993760], [12761332, 12761010, 12760802, 12762764, 12761766, 12761239, 12761501, 12762321, 12762266, 12762424, 12763482, 12761047, 12760528, 12760649, 12761474, 12762126, 12761660, 12762566, 12759909, 12761071, 4276993761, 4276993761], [12761318, 12760976, 12761378, 12762443, 12761659, 12761255, 12761570, 12762579, 12762172, 12762873, 12762737, 12761214, 12760474, 12760970, 12761262, 12762058, 12761873, 12762026, 12760040, 12761037, 4276993762, 4276993762], [12761330, 12760668, 12762132, 12762071, 12761671, 12761181, 12761924, 12762703, 12761834, 12763522, 12761800, 12761034, 12760495, 12761418, 12761393, 12761954, 12762135, 12761329, 12760262, 12760731, 4276993763, 4276993763]]
[[12761238, 12761911, 12763621, 12763169, 12763144, 12761441, 12763733, 12763906, 12762012, 12764100, 12764933, 12763482, 12762759, 12763279, 12763215, 12764512, 12763860, 12763299, 12762597, 12763786, 4276993760, 4276993760], [12761872, 12762088, 12763891, 12762600, 12763120, 12761502, 12764326, 12763032, 12762750, 12764560, 12764212, 12763554, 12762565, 12763465, 12763228, 12764769, 12764076, 12762471, 12762860, 12763559, 4276993761, 4276993761], [12762065, 12762565, 12763994, 12762425, 12762769, 12761996, 12764442, 12762397, 12763589, 12764409, 12763597, 12763682, 12762556, 12763661, 12763507, 12764350, 12764008, 12762544, 12763063, 12762553, 4276993762, 4276993762], [12762017, 12763069, 12764046, 12762454, 12762204, 12762773, 12764308, 12761820, 12764247, 12764684, 12763326, 12763357, 12762984, 12763160, 12764063, 12764294, 12763605, 12762506, 12763428, 12761226, 4276993763, 4276993763]]
[[12766891, 12766420, 12765857, 12767002, 12765957, 12764698, 12764959, 12765488, 12765411, 12764284, 12764009, 12764226, 12762483, 12763156, 12763248, 12762963, 12763239, 12763251, 12762730, 12764358, 4276993760, 4276993760], [12767139, 12766251, 12765837, 12766890, 12765761, 12764731, 12765387, 12765069, 12765467, 12764008, 12763896, 12764359, 12761854, 12763921, 12762574, 12762968, 12763628, 12763068, 12763444, 12763407, 4276993761, 4276993761], [12767055, 12766009, 12766176, 12767066, 12765097, 12764803, 12765437, 12765178, 12765170, 12763766, 12764254, 12763677, 12761961, 12764321, 12762329, 12763018, 12763586, 12762558, 12764228, 12762697, 4276993762, 4276993762], [12767100, 12765879, 12766467, 12766424, 12764805, 12765113, 12765344, 12765383, 12764624, 12763944, 12764028, 12763431, 12762352, 12763992, 12762521, 12763086, 12763775, 12762161, 12764465, 12762008, 4276993763, 4276993763]]
[[12760278, 12762405, 12762934, 12763937, 12761086, 12762892, 12765216, 12765911, 12764374, 12764543, 12766446, 12765848, 12765052, 12762850, 12761312, 12762337, 12762092, 12760783, 12762105, 12763500, 4276993760, 4276993760], [12761250, 12763005, 12762709, 12763400, 12761250, 12763601, 12765256, 12765780, 12764159, 12764994, 12766630, 12765445, 12764585, 12762379, 12761214, 12762579, 12761893, 12761155, 12762317, 12763402, 4276993761, 4276993761], [12761911, 12762770, 12763397, 12762528, 12761736, 12764231, 12765506, 12765485, 12764015, 12765573, 12766319, 12765694, 12763842, 12761862, 12761634, 12762839, 12761161, 12761346, 12762813, 12762747, 4276993762, 4276993762], [12762135, 12762974, 12763850, 12761608, 12762161, 12765026, 12765732, 12764863, 12764347, 12766033, 12766168, 12765603, 12763028, 12761261, 12762162, 12762668, 12760908, 12761475, 12763547, 12761772, 4276993763, 4276993763]]
[[12761601, 12762580, 12763449, 12764241, 12763576, 12762412, 12762350, 12762866, 12762542, 12760023, 12763054, 12762176, 12762289, 12762384, 12762307, 12761941, 12760968, 12760598, 12761142, 12763604, 4276993760, 4276993760], [12762064, 12763053, 12763511, 12764437, 12762724, 12762828, 12762274, 12762810, 12762280, 12760138, 12763178, 12762391, 12761782, 12762747, 12762422, 12761344, 12760902, 12760416, 12762032, 12763859, 4276993761, 4276993761], [12762257, 12763030, 12764087, 12763955, 12762771, 12762934, 12761952, 12763163, 12761536, 12760726, 12763038, 12762724, 12761304, 12762881, 12762166, 12761433, 12760864, 12760481, 12762609, 12763678, 4276993762, 4276993762], [12762867, 12762953, 12764225, 12763832, 12762691, 12762576, 12762399, 12763063, 12760626, 12761902, 12762539, 12762483, 12761798, 12762611, 12762192, 12761356, 12760537, 12760723, 12763165, 12763384, 4276993763, 4276993763]]
[[12757621, 12758967, 12759790, 12760930, 12761439, 12761306, 12760629, 12761055, 12760006, 12760392, 12761197, 12760570, 12761296, 12761335, 12760917, 12761721, 12760720, 12761354, 12759875, 12757980, 4276993760, 4276993760], [12757703, 12759527, 12760201, 12761202, 12761309, 12760974, 12760840, 12761090, 12759597, 12760764, 12760974, 12760502, 12761550, 12761418, 12761037, 12761868, 12760444, 12760847, 12759615, 12757788, 4276993761, 4276993761], [12757852, 12759478, 12760561, 12761629, 12761457, 12760666, 12760560, 12761066, 12759652, 12761016, 12760837, 12760515, 12761753, 12761338, 12761156, 12761425, 12761217, 12760421, 12758668, 12756827, 4276993762, 4276993762], [12758377, 12759456, 12760785, 12761674, 12761563, 12760768, 12760506, 12760595, 12759946, 12760891, 12761177, 12760590, 12761905, 12761004, 12761441, 12760899, 12761316, 12760286, 12758172, 12756490, 4276993763, 4276993763]]
[[12759881, 12760202, 12760119, 12760829, 12760671, 12760610, 12760835, 12760806, 12760644, 12761684, 12760974, 12760098, 12759745, 12759960, 12758211, 12759025, 12759361, 12759311, 12759552, 12759658, 4276993760, 4276993760], [12760031, 12760258, 12760139, 12760886, 12760552, 12760756, 12760893, 12760660, 12760981, 12761574, 12760851, 12759782, 12760095, 12759465, 12758270, 12759194, 12759296, 12759353, 12759436, 12759597, 4276993761, 4276993761], [12760217, 12760184, 12760309, 12760951, 12760535, 12760820, 12760973, 12760189, 12761542, 12761538, 12760276, 12760035, 12760169, 12758601, 12758701, 12759256, 12759392, 12759201, 12759626, 12759435, 4276993762, 4276993762], [12760117, 12759908, 12760622, 12760958, 12760325, 12761124, 12760814, 12760189, 12761828, 12761160, 12760383, 12759701, 12760369, 12758113, 12759081, 12759195, 12759249, 12759457, 12759487, 12759020, 4276993763, 4276993763]]
[[12760039, 12760885, 12761123, 12759651, 12761939, 12763089, 12761644, 12761026, 12760998, 12760540, 12762479, 12760566, 12760214, 12760990, 12761401, 12761414, 12762619, 12761010, 12761987, 12762774, 4276993760, 4276993760], [12760219, 12761614, 12760324, 12759891, 12762668, 12762655, 12761503, 12761166, 12760373, 12761300, 12762190, 12760514, 12760155, 12761126, 12761633, 12761267, 12762780, 12760429, 12762803, 12762232, 4276993761, 4276993761], [12760302, 12761745, 12760028, 12760128, 12763399, 12762244, 12761073, 12761686, 12759966, 12762135, 12761659, 12760095, 12760489, 12761207, 12761559, 12761496, 12762666, 12760400, 12763221, 12761350, 4276993762, 4276993762], [12760431, 12761835, 12759750, 12760743, 12763684, 12761867, 12760896, 12761517, 12759816, 12762720, 12760882, 12760235, 12760844, 12761171, 12761504, 12762171, 12761920, 12760889, 12763130, 12760705, 4276993763, 4276993763]]
[[12761338, 12762066, 12761942, 12764019, 12762763, 12762177, 12763624, 12762756, 12762330, 12762278, 12763374, 12760990, 12762169, 12763760, 12763185, 12763446, 12763191, 12762041, 12761729, 12762031, 4276993760, 4276993760], [12761676, 12762120, 12762337, 12764004, 12762271, 12762172, 12764215, 12762138, 12762514, 12762763, 12762270, 12761173, 12762753, 12763832, 12763230, 12763347, 12763348, 12761870, 12761515, 12762234, 4276993761, 4276993761], [12761943, 12761984, 12763025, 12763636, 12762455, 12762154, 12764409, 12761814, 12762228, 12763194, 12761922, 12761246, 12763244, 12763549, 12763403, 12763328, 12763126, 12761703, 12761660, 12761736, 4276993762, 4276993762], [12762130, 12761622, 12763696, 12763127, 12762495, 12762882, 12763831, 12761904, 12762116, 12763376, 12761420, 12761655, 12763817, 12763190, 12763282, 12763172, 12762606, 12761739, 12762011, 12761157, 4276993763, 4276993763]]
[[12757588, 12758492, 12757178, 12758490, 12759566, 12757713, 12758620, 12758579, 12758818, 12760894, 12760732, 12758758, 12757850, 12758500, 12756772, 12758594, 12758671, 12757781, 12757982, 12758676, 4276993760, 4276993760], [12758287, 12758214, 12757266, 12758802, 12759258, 12758014, 12758577, 12758421, 12759166, 12761398, 12759955, 12758656, 12758012, 12758119, 12756953, 12758603, 12758298, 12758267, 12758185, 12758138, 4276993761, 4276993761], [12758246, 12757784, 12757588, 12759437, 12758111, 12758683, 12758490, 12758906, 12759449, 12761173, 12759597, 12758268, 12758210, 12757882, 12757239, 12758586, 12758112, 12758361, 12758347, 12757662, 4276993762, 4276993762], [12758290, 12757312, 12758305, 12759416, 12757740, 12758721, 12758471, 12758818, 12760218, 12760913, 12759461, 12757809, 12758527, 12757263, 12758060, 12758712, 12757534, 12758515, 12758468, 12757400, 4276993763, 4276993763]]
[[12760649, 12760971, 12760156, 12759623, 12760440, 12760453, 12762091, 12761324, 12761150, 12761693, 12763637, 12761990, 12761594, 12760873, 12761199, 12762186, 12761530, 12762251, 12761986, 12762252, 4276993760, 4276993760], [12761181, 12760826, 12759860, 12759955, 12760354, 12760825, 12761499, 12762099, 12761104, 12762029, 12763190, 12761711, 12761453, 12761392, 12760863, 12762459, 12761322, 12762609, 12761786, 12761640, 4276993761, 4276993761], [12760951, 12760744, 12759654, 12760372, 12760242, 12761467, 12761048, 12762039, 12761395, 12762166, 12763193, 12761633, 12760886, 12761776, 12760977, 12762178, 12761648, 12762684, 12761746, 12761063, 4276993762, 4276993762], [12761297, 12760321, 12759636, 12760557, 12760062, 12761988, 12761070, 12761312, 12761780, 12762965, 12762559, 12761778, 12760685, 12761649, 12761489, 12761906, 12762134, 12761955, 12762145, 12760348, 4276993763, 4276993763]]
[[12760974, 12761006, 12760997, 12762230, 12761874, 12762533, 12761571, 12760688, 12761158, 12760681, 12761512, 12760898, 12762150, 12759957, 12759622, 12760832, 12761785, 12762069, 12762355, 12763258, 4276993760, 4276993760], [12761216, 12760853, 12761776, 12761792, 12762597, 12762049, 12761352, 12760545, 12761222, 12760753, 12761306, 12761630, 12761237, 12759910, 12760164, 12760582, 12762282, 12761648, 12762743, 12763670, 4276993761, 4276993761], [12761394, 12760503, 12762522, 12761371, 12763021, 12761742, 12760835, 12760979, 12761040, 12760909, 12760989, 12762156, 12760653, 12759920, 12760443, 12760743, 12762343, 12761933, 12762967, 12763182, 4276993762, 4276993762], [12760974, 12760865, 12762517, 12761314, 12762931, 12761691, 12760879, 12760951, 12760803, 12761084, 12760943, 12762463, 12760115, 12759752, 12760572, 12761490, 12762259, 12762032, 12763030, 12762815, 4276993763, 4276993763]]
[[12758617, 12759604, 12759837, 12760489, 12760696, 12759688, 12759589, 12759175, 12759080, 12760037, 12763709, 12759522, 12760391, 12761326, 12760950, 12760965, 12760705, 12760376, 12760538, 12761705, 4276993760, 4276993760], [12758699, 12759739, 12760239, 12759894, 12760870, 12759587, 12759686, 12759010, 12759387, 12760855, 12762817, 12759364, 12761320, 12760604, 12761198, 12761120, 12760408, 12760429, 12760534, 12761928, 4276993761, 4276993761], [12758757, 12759796, 12760682, 12760002, 12760149, 12759560, 12760042, 12758603, 12759583, 12761853, 12761757, 12759260, 12761849, 12760528, 12760939, 12761673, 12759804, 12760808, 12760502, 12761504, 4276993762, 4276993762], [12759446, 12759418, 12761075, 12760313, 12759286, 12760056, 12759574, 12758762, 12759917, 12762684, 12760574, 12759837, 12761626, 12760693, 12761065, 12761342, 12759859, 12760595, 12761232, 12760457, 4276993763, 4276993763]]
[[12761558, 12762182, 12762206, 12762985, 12763064, 12762695, 12763412, 12764671, 12766002, 12764287, 12764530, 12763489, 12763057, 12762418, 12762609, 12762513, 12762665, 12762062, 12761494, 12760698, 4276993760, 4276993760], [12762175, 12762212, 12762537, 12762834, 12763174, 12762169, 12764335, 12765090, 12765294, 12764690, 12763960, 12763674, 12762863, 12762510, 12762253, 12762850, 12762461, 12762170, 12761176, 12760666, 4276993761, 4276993761], [12762305, 12762222, 12762681, 12763097, 12763468, 12761982, 12764633, 12765523, 12764773, 12764805, 12763676, 12763474, 12763029, 12762298, 12762100, 12762827, 12762464, 12761815, 12761165, 12760682, 4276993762, 4276993762], [12762395, 12762253, 12762680, 12763147, 12763203, 12762434, 12764906, 12765793, 12764349, 12764801, 12763530, 12763222, 12762764, 12762488, 12762042, 12763039, 12762044, 12761603, 12760969, 12760756, 4276993763, 4276993763]]
[[12763066, 12762987, 12764070, 12765965, 12766386, 12767680, 12767022, 12765610, 12765197, 12765754, 12767633, 12766248, 12765961, 12763287, 12765226, 12764394, 12766012, 12765522, 12764467, 12766100, 4276993760, 4276993760], [12763017, 12763311, 12764491, 12766251, 12766442, 12767991, 12766502, 12765301, 12765649, 12765618, 12767362, 12766468, 12765419, 12763527, 12765334, 12764173, 12766368, 12765245, 12764640, 12766031, 4276993761, 4276993761], [12763074, 12763886, 12764760, 12766064, 12767148, 12767603, 12766202, 12765064, 12766075, 12766035, 12766758, 12766522, 12764987, 12763752, 12765184, 12764560, 12766584, 12764546, 12765355, 12765129, 4276993762, 4276993762], [12762956, 12764039, 12765431, 12766119, 12767552, 12767116, 12766161, 12764940, 12765991, 12767031, 12766518, 12766173, 12764076, 12764297, 12765084, 12765301, 12766260, 12764095, 12765839, 12764266, 4276993763, 4276993763]]
[[12758128, 12757699, 12759624, 12761357, 12760194, 12758518, 12759072, 12760900, 12761143, 12760074, 12759720, 12758862, 12758273, 12758431, 12759933, 12760905, 12761759, 12760724, 12761657, 12761472, 4276993760, 4276993760], [12758736, 12757841, 12760371, 12760919, 12760071, 12758160, 12759627, 12760851, 12761497, 12759819, 12759159, 12759074, 12758070, 12758647, 12760188, 12761172, 12761693, 12760911, 12761759, 12760823, 4276993761, 4276993761], [12758050, 12758340, 12761135, 12760816, 12759120, 12758709, 12760120, 12760857, 12761103, 12759460, 12759147, 12758766, 12758389, 12758843, 12760522, 12761392, 12761448, 12760732, 12762116, 12759958, 4276993762, 4276993762], [12757969, 12758897, 12761417, 12760628, 12758621, 12758695, 12760776, 12760603, 12760788, 12759708, 12759083, 12758391, 12758523, 12759455, 12760619, 12761507, 12761109, 12761206, 12761837, 12759107, 4276993763, 4276993763]]
[[12760683, 12762972, 12761978, 12762286, 12763648, 12763952, 12764205, 12762615, 12762281, 12762698, 12762440, 12761257, 12762703, 12761925, 12762251, 12761876, 12760098, 12758696, 12761851, 12762523, 4276993760, 4276993760], [12760854, 12763168, 12761956, 12762409, 12763816, 12764055, 12763958, 12762287, 12762927, 12762024, 12762220, 12761661, 12762828, 12761925, 12762481, 12761118, 12759785, 12759250, 12762146, 12762036, 4276993761, 4276993761], [12761681, 12762905, 12762061, 12762767, 12763930, 12764253, 12763087, 12762318, 12763336, 12761513, 12762347, 12761882, 12762769, 12761785, 12762604, 12760408, 12759422, 12760311, 12762113, 12761520, 4276993762, 4276993762], [12762357, 12762123, 12762549, 12763070, 12763908, 12764337, 12762916, 12762033, 12762729, 12762298, 12761883, 12762291, 12762333, 12761908, 12762655, 12760004, 12758871, 12761195, 12762481, 12760345, 4276993763, 4276993763]]
[[12760349, 12761898, 12759973, 12759828, 12758999, 12759236, 12759559, 12758975, 12760730, 12761206, 12762907, 12761456, 12761321, 12761346, 12761246, 12761062, 12761561, 12763328, 12762988, 12763331, 4276993760, 4276993760], [12760932, 12761610, 12759990, 12759675, 12758616, 12759521, 12759340, 12759431, 12761190, 12760988, 12763125, 12761422, 12761300, 12761452, 12760897, 12761099, 12761913, 12763206, 12762973, 12763232, 4276993761, 4276993761], [12761467, 12760760, 12760023, 12759710, 12758516, 12759687, 12759210, 12759971, 12761078, 12761689, 12762660, 12761462, 12761138, 12761215, 12761244, 12760899, 12762421, 12763336, 12763228, 12762035, 4276993762, 4276993762], [12761894, 12760183, 12759901, 12759622, 12758666, 12759601, 12759129, 12760298, 12761041, 12762391, 12761978, 12761418, 12761397, 12761103, 12761445, 12761018, 12763003, 12762879, 12763427, 12761327, 4276993763, 4276993763]]
[[12760203, 12762556, 12762468, 12763728, 12763947, 12764394, 12764680, 12764384, 12765744, 12765017, 12765237, 12762531, 12762427, 12761170, 12760844, 12761449, 12761348, 12761322, 12761359, 12762368, 4276993760, 4276993760], [12761428, 12762023, 12763476, 12763526, 12763779, 12765247, 12764557, 12764049, 12766020, 12764698, 12765449, 12762070, 12762042, 12760800, 12761212, 12761413, 12761390, 12761373, 12761343, 12762186, 4276993761, 4276993761], [12762578, 12761689, 12763919, 12763504, 12763923, 12765039, 12764745, 12764446, 12765513, 12764862, 12764866, 12762311, 12761567, 12760424, 12761789, 12761108, 12761510, 12761118, 12761729, 12761443, 4276993762, 4276993762], [12762881, 12761786, 12764048, 12763653, 12764155, 12764785, 12764801, 12764839, 12765304, 12765070, 12763597, 12762387, 12761486, 12760467, 12761800, 12761335, 12761351, 12761109, 12762057, 12760178, 4276993763, 4276993763]]
[[12758961, 12760829, 12762240, 12763991, 12762510, 12763656, 12763254, 12763302, 12763136, 12764985, 12765023, 12765150, 12764535, 12763502, 12762518, 12762946, 12761621, 12761592, 12761956, 12762591, 4276993760, 4276993760], [12758774, 12761257, 12762863, 12763786, 12762843, 12763179, 12763550, 12763102, 12763749, 12764928, 12764833, 12765187, 12764497, 12763037, 12762455, 12762549, 12761680, 12762051, 12761771, 12762736, 4276993761, 4276993761], [12758736, 12761951, 12763541, 12763064, 12763143, 12763342, 12763485, 12762980, 12764347, 12764696, 12765021, 12764985, 12764221, 12763070, 12762639, 12762192, 12761486, 12762312, 12761783, 12762280, 4276993762, 4276993762], [12759980, 12762072, 12763857, 12762593, 12763264, 12763504, 12763507, 12763129, 12764593, 12764714, 12764978, 12764784, 12764162, 12762421, 12763265, 12761656, 12761451, 12762332, 12762005, 12762115, 4276993763, 4276993763]]
[[12757680, 12757250, 12759129, 12760689, 12760164, 12759021, 12759383, 12758965, 12758983, 12759999, 12760479, 12759425, 12756593, 12755707, 12758167, 12757058, 12757167, 12757520, 12759272, 12760868, 4276993760, 4276993760], [12758067, 12757474, 12759271, 12761438, 12759735, 12758609, 12759500, 12759176, 12758858, 12760198, 12760355, 12759011, 12756210, 12755962, 12758101, 12757080, 12756967, 12757989, 12759871, 12760676, 4276993761, 4276993761], [12757686, 12758104, 12759961, 12760743, 12759971, 12758365, 12759324, 12759213, 12759135, 12760458, 12760386, 12758326, 12755796, 12756728, 12757521, 12757170, 12756907, 12758235, 12760352, 12759784, 4276993762, 4276993762], [12757650, 12758497, 12760489, 12760296, 12759454, 12758828, 12759425, 12758877, 12759687, 12760432, 12760047, 12757415, 12755772, 12757513, 12757264, 12757179, 12756946, 12758824, 12760526, 12758998, 4276993763, 4276993763]]
[[12760130, 12760763, 12761318, 12762733, 12761590, 12761552, 12762931, 12762910, 12761813, 12761502, 12764624, 12762650, 12763306, 12760517, 12761191, 12761320, 12762388, 12762516, 12764063, 12764135, 4276993760, 4276993760], [12760537, 12760663, 12762062, 12762473, 12761080, 12762148, 12762930, 12762595, 12761621, 12762616, 12763692, 12763135, 12762600, 12760315, 12761653, 12761152, 12762725, 12762581, 12764318, 12764254, 4276993761, 4276993761], [12760378, 12760438, 12762865, 12762246, 12760980, 12762444, 12762951, 12762337, 12761566, 12763153, 12763466, 12763198, 12761942, 12760444, 12761676, 12761539, 12762693, 12762932, 12764397, 12763951, 4276993762, 4276993762], [12760368, 12760818, 12763104, 12761743, 12761236, 12762574, 12763244, 12761948, 12761431, 12763964, 12763233, 12763006, 12761389, 12760818, 12761285, 12761998, 12762683, 12763836, 12764008, 12763496, 4276993763, 4276993763]]
[[12759392, 12759110, 12760111, 12760346, 12761058, 12761474, 12761235, 12761315, 12762359, 12763912, 12764392, 12760729, 12759592, 12759568, 12759400, 12760057, 12762624, 12761240, 12762639, 12762053, 4276993760, 4276993760], [12759572, 12758938, 12760195, 12760669, 12760968, 12761896, 12760798, 12761924, 12762305, 12764760, 12763423, 12760100, 12759578, 12759799, 12759162, 12760945, 12762308, 12761164, 12762656, 12761850, 4276993761, 4276993761], [12759557, 12759399, 12759834, 12761068, 12760890, 12761967, 12760677, 12762081, 12762641, 12765137, 12762450, 12759795, 12759605, 12759621, 12759038, 12761798, 12762174, 12761786, 12762463, 12761175, 4276993762, 4276993762], [12759398, 12759779, 12760048, 12761278, 12761021, 12761632, 12760874, 12762148, 12763433, 12765109, 12761588, 12759617, 12759433, 12759409, 12759400, 12762652, 12761337, 12762234, 12762677, 12760499, 4276993763, 4276993763]]
[[12759747, 12759657, 12760333, 12761885, 12762036, 12761134, 12759884, 12759962, 12760403, 12761183, 12762552, 12759071, 12759706, 12761064, 12760890, 12760398, 12759637, 12759150, 12760040, 12759936, 4276993760, 4276993760], [12759614, 12759973, 12760409, 12761941, 12762439, 12760578, 12759433, 12760165, 12760988, 12761310, 12761850, 12759157, 12759846, 12761349, 12760562, 12760691, 12759319, 12759457, 12759591, 12759413, 4276993761, 4276993761], [12759544, 12760305, 12760570, 12762154, 12762161, 12760198, 12759399, 12760244, 12760976, 12761833, 12760912, 12759598, 12760128, 12761130, 12760516, 12760491, 12759086, 12759754, 12759674, 12758785, 4276993762, 4276993762], [12759643, 12760551, 12761205, 12761884, 12761605, 12760145, 12759691, 12760131, 12761271, 12762259, 12759858, 12759735, 12760572, 12761052, 12760088, 12760288, 12759090, 12760085, 12759865, 12757602, 4276993763, 4276993763]]
[[12758604, 12760145, 12761916, 12763246, 12763265, 12759983, 12760899, 12760336, 12759889, 12760611, 12762011, 12760711, 12759672, 12760039, 12760310, 12760940, 12761712, 12760795, 12762758, 12761341, 4276993760, 4276993760], [12759405, 12760154, 12762983, 12763097, 12762446, 12760019, 12760516, 12760377, 12759985, 12761258, 12761704, 12760537, 12759507, 12759905, 12760308, 12761581, 12761239, 12761381, 12762802, 12760704, 4276993761, 4276993761], [12759567, 12760388, 12763367, 12763419, 12761442, 12760095, 12760573, 12760087, 12760200, 12761997, 12761159, 12760459, 12759938, 12759668, 12760291, 12761877, 12761026, 12762004, 12762354, 12760028, 4276993762, 4276993762], [12759938, 12760962, 12763383, 12763617, 12760224, 12761051, 12760253, 12759948, 12760510, 12761919, 12760762, 12760246, 12760235, 12759501, 12760692, 12761838, 12760946, 12762486, 12761751, 12759454, 4276993763, 4276993763]]
[[12758142, 12758773, 12759097, 12760240, 12760735, 12759852, 12761056, 12761583, 12762258, 12761810, 12763094, 12761790, 12761339, 12761357, 12761556, 12759984, 12760036, 12759500, 12759136, 12759803, 4276993760, 4276993760], [12758584, 12758656, 12759436, 12760606, 12760427, 12759998, 12761281, 12761670, 12761958, 12762657, 12762432, 12761899, 12761012, 12761624, 12761474, 12759587, 12759695, 12759805, 12759147, 12759784, 4276993761, 4276993761], [12758581, 12758932, 12759521, 12760785, 12760021, 12760435, 12761175, 12762112, 12762090, 12762964, 12761992, 12761630, 12761090, 12761847, 12761018, 12759680, 12759420, 12759723, 12759036, 12759705, 4276993762, 4276993762], [12758764, 12759169, 12759866, 12760590, 12759706, 12760887, 12761407, 12762215, 12761871, 12763139, 12761867, 12761665, 12761031, 12761855, 12760569, 12759666, 12759485, 12759406, 12759422, 12759097, 4276993763, 4276993763]]
[[12757354, 12758467, 12759422, 12757290, 12757123, 12756747, 12757831, 12756911, 12757591, 12756830, 12757830, 12757154, 12757078, 12757834, 12758710, 12758904, 12760318, 12758833, 12758196, 12756700, 4276993760, 4276993760], [12757662, 12758765, 12759104, 12757273, 12756868, 12757054, 12757369, 12756881, 12758068, 12756488, 12757793, 12757507, 12756796, 12758250, 12758618, 12759147, 12760510, 12758798, 12757295, 12757247, 4276993761, 4276993761], [12757716, 12759425, 12758268, 12757214, 12756943, 12757106, 12757799, 12756551, 12758032, 12756609, 12757375, 12757797, 12756687, 12758732, 12758522, 12759535, 12759983, 12759064, 12756535, 12757601, 4276993762, 4276993762], [12758279, 12759491, 12757484, 12757281, 12756897, 12757654, 12757546, 12756641, 12757634, 12757224, 12757275, 12757361, 12757029, 12758875, 12758664, 12760195, 12759135, 12758740, 12756523, 12757472, 4276993763, 4276993763]]
[[12757795, 12759050, 12759143, 12760583, 12761282, 12761794, 12761906, 12760923, 12761195, 12762010, 12763547, 12760561, 12759976, 12759982, 12762544, 12763149, 12763459, 12762122, 12761847, 12762386, 4276993760, 4276993760], [12758210, 12759093, 12759299, 12760644, 12761731, 12761951, 12761680, 12760625, 12761512, 12762732, 12762806, 12760144, 12760211, 12760009, 12763114, 12763312, 12763312, 12762144, 12761082, 12762808, 4276993761, 4276993761], [12758626, 12759262, 12759444, 12761200, 12762030, 12761643, 12761451, 12760509, 12761634, 12763494, 12761826, 12760012, 12760005, 12760795, 12763468, 12763364, 12762961, 12762006, 12761244, 12762613, 4276993762, 4276993762], [12759213, 12758986, 12760004, 12761374, 12761801, 12761943, 12761171, 12760565, 12761548, 12764004, 12761562, 12759590, 12760049, 12761414, 12763437, 12763555, 12762299, 12762154, 12761839, 12761538, 4276993763, 4276993763]]
[[12758903, 12759333, 12757112, 12758556, 12759678, 12760268, 12760488, 12759397, 12760106, 12759691, 12760898, 12760280, 12760028, 12758745, 12759578, 12758809, 12759546, 12759890, 12761224, 12759982, 4276993760, 4276993760], [12759465, 12758276, 12757774, 12758701, 12760168, 12760158, 12760265, 12759442, 12760171, 12759681, 12760660, 12760591, 12759580, 12758970, 12759213, 12759093, 12759661, 12760555, 12760570, 12759762, 4276993761, 4276993761], [12759949, 12757761, 12757926, 12759070, 12760113, 12760011, 12760397, 12759847, 12760068, 12759714, 12760225, 12761065, 12759276, 12759048, 12758480, 12759757, 12759687, 12760970, 12760196, 12759115, 4276993762, 4276993762], [12760072, 12757374, 12758076, 12759241, 12760115, 12760264, 12760005, 12760211, 12759812, 12760291, 12760107, 12760656, 12759036, 12759190, 12758680, 12759646, 12759507, 12761363, 12759997, 12758908, 4276993763, 4276993763]]
[[12759420, 12759239, 12760525, 12760507, 12761092, 12760548, 12761289, 12761256, 12761000, 12760842, 12762500, 12760709, 12760641, 12760451, 12760213, 12760206, 12759783, 12759527, 12758912, 12759362, 4276993760, 4276993760], [12759756, 12759334, 12760501, 12760875, 12760800, 12760925, 12760972, 12761499, 12761141, 12761043, 12762044, 12760561, 12760708, 12760417, 12759965, 12759902, 12760218, 12759510, 12758731, 12759357, 4276993761, 4276993761], [12759479, 12759621, 12760406, 12760956, 12760910, 12761021, 12760973, 12761197, 12761290, 12761610, 12761815, 12760322, 12760731, 12759961, 12760399, 12759669, 12760094, 12759226, 12758916, 12759475, 4276993762, 4276993762], [12759774, 12759803, 12760532, 12761264, 12760704, 12760995, 12761236, 12760779, 12761202, 12762113, 12761512, 12760209, 12760891, 12759799, 12760547, 12759530, 12759839, 12759170, 12758904, 12759545, 4276993763, 4276993763]]
[[12756557, 12756332, 12757366, 12757167, 12757314, 12759527, 12761048, 12761796, 12759535, 12758822, 12760822, 12759350, 12761558, 12760916, 12760577, 12759874, 12759509, 12763038, 12761582, 12763596, 4276993760, 4276993760], [12756638, 12756391, 12757402, 12757265, 12757630, 12760188, 12761532, 12761193, 12759044, 12759348, 12760642, 12759735, 12761613, 12760760, 12760734, 12758947, 12761047, 12762547, 12762182, 12763493, 4276993761, 4276993761], [12756636, 12756788, 12757687, 12757001, 12757988, 12760820, 12761746, 12760557, 12758815, 12759625, 12760423, 12760087, 12761597, 12760695, 12760590, 12758744, 12762147, 12761934, 12763026, 12763147, 4276993762, 4276993762], [12756616, 12757117, 12757647, 12757008, 12758630, 12761130, 12761785, 12759869, 12758973, 12760021, 12759914, 12760714, 12761483, 12760449, 12760355, 12759092, 12762746, 12761521, 12763463, 12762593, 4276993763, 4276993763]]
[[12760517, 12760207, 12761490, 12761898, 12763520, 12762305, 12761481, 12760586, 12760813, 12761923, 12763876, 12762716, 12762122, 12761511, 12760455, 12762181, 12762985, 12762651, 12763007, 12762882, 4276993760, 4276993760], [12760655, 12760671, 12761350, 12762263, 12764014, 12761564, 12761365, 12760151, 12761534, 12762044, 12763905, 12762108, 12762747, 12760876, 12760778, 12762431, 12763345, 12762158, 12763632, 12761793, 4276993761, 4276993761], [12760634, 12761173, 12761463, 12762420, 12763731, 12761441, 12761218, 12759993, 12762045, 12762243, 12763448, 12762086, 12762771, 12760450, 12761377, 12762419, 12763318, 12762639, 12763462, 12760999, 4276993762, 4276993762], [12760701, 12761172, 12761721, 12762967, 12762927, 12761668, 12761035, 12760112, 12762209, 12763044, 12762929, 12762048, 12762417, 12760391, 12761808, 12762644, 12762907, 12762801, 12763259, 12760350, 4276993763, 4276993763]]
[[12757413, 12756692, 12758162, 12758356, 12758351, 12759038, 12759668, 12759894, 12761087, 12760264, 12760422, 12759083, 12759668, 12759006, 12761180, 12761660, 12762348, 12762254, 12760966, 12761783, 4276993760, 4276993760], [12757354, 12757336, 12757554, 12758292, 12758942, 12758716, 12759857, 12760093, 12761376, 12760091, 12760132, 12759266, 12759480, 12759529, 12761061, 12762201, 12762054, 12762097, 12761318, 12761331, 4276993761, 4276993761], [12756670, 12758019, 12757698, 12757808, 12759353, 12759134, 12760094, 12760269, 12761008, 12759990, 12759831, 12759749, 12759002, 12760020, 12761504, 12762341, 12761911, 12761580, 12761953, 12760268, 4276993762, 4276993762], [12756402, 12758348, 12757961, 12758070, 12759215, 12759464, 12760046, 12760702, 12760473, 12760253, 12759499, 12759469, 12759125, 12760605, 12761716, 12762294, 12761975, 12761423, 12761790, 12759254, 4276993763, 4276993763]]
[[12758826, 12761010, 12760933, 12761536, 12760922, 12760967, 12762061, 12762501, 12762637, 12762213, 12762397, 12761903, 12762678, 12762606, 12761953, 12761794, 12762536, 12762038, 12760994, 12761167, 4276993760, 4276993760], [12759385, 12761002, 12761416, 12761069, 12760790, 12761725, 12761754, 12762703, 12762688, 12762053, 12762069, 12762571, 12762391, 12762159, 12762327, 12761852, 12762624, 12761501, 12761174, 12760768, 4276993761, 4276993761], [12760111, 12760695, 12761527, 12761300, 12760473, 12761931, 12762231, 12762626, 12762500, 12761976, 12762039, 12762811, 12762690, 12761840, 12762251, 12761769, 12762488, 12761477, 12761055, 12760411, 4276993762, 4276993762], [12760957, 12760525, 12761753, 12761004, 12760697, 12762012, 12762368, 12762750, 12762500, 12761912, 12761860, 12762970, 12762684, 12761884, 12761931, 12761939, 12762651, 12760957, 12761275, 12759917, 4276993763, 4276993763]]
[[12761953, 12763319, 12762953, 12763335, 12763422, 12765714, 12765107, 12764706, 12763592, 12764345, 12763802, 12762644, 12762482, 12763798, 12762808, 12762096, 12761611, 12762024, 12762795, 12762826, 4276993760, 4276993760], [12762708, 12762950, 12763357, 12763136, 12763811, 12765915, 12764847, 12764664, 12763579, 12764771, 12762675, 12763173, 12762455, 12763753, 12762354, 12762075, 12761596, 12762190, 12763311, 12762258, 4276993761, 4276993761], [12763312, 12762632, 12763759, 12763057, 12764539, 12765668, 12764828, 12764279, 12763775, 12764779, 12762028, 12763180, 12763111, 12763398, 12761955, 12762120, 12762005, 12761800, 12763455, 12761907, 4276993762, 4276993762], [12763291, 12762835, 12763916, 12762949, 12765175, 12765620, 12764580, 12763723, 12764196, 12764457, 12762196, 12762578, 12763824, 12763139, 12761804, 12762202, 12761936, 12762202, 12763127, 12761389, 4276993763, 4276993763]]
[[12757449, 12758643, 12759574, 12759897, 12759929, 12757638, 12759420, 12758394, 12760032, 12759198, 12759628, 12758176, 12757779, 12760038, 12760825, 12760304, 12762647, 12760248, 12759553, 12760716, 4276993760, 4276993760], [12757866, 12759081, 12759826, 12759817, 12759548, 12757874, 12759063, 12758942, 12759748, 12759338, 12759076, 12758451, 12757889, 12760643, 12760612, 12760837, 12762246, 12759851, 12759801, 12761014, 4276993761, 4276993761], [12757967, 12759576, 12759740, 12759935, 12759067, 12758366, 12758635, 12759148, 12759978, 12759506, 12758372, 12758313, 12758555, 12760793, 12760662, 12761299, 12761609, 12759689, 12760151, 12760689, 4276993762, 4276993762], [12758051, 12759671, 12760031, 12759840, 12758269, 12759020, 12758412, 12759604, 12759791, 12759466, 12758123, 12757901, 12759469, 12760767, 12760659, 12761926, 12760853, 12759501, 12760608, 12759791, 4276993763, 4276993763]]
[[12759077, 12759808, 12759141, 12761930, 12761485, 12759876, 12759773, 12761643, 12760598, 12760396, 12761763, 12761680, 12762208, 12761337, 12761045, 12762382, 12761448, 12761678, 12762542, 12762290, 4276993760, 4276993760], [12759686, 12759275, 12759893, 12761950, 12761636, 12758974, 12760416, 12761400, 12760644, 12760680, 12761730, 12762284, 12761648, 12761118, 12761309, 12762480, 12761365, 12761550, 12762812, 12762227, 4276993761, 4276993761], [12759778, 12759120, 12760709, 12761600, 12761485, 12759013, 12760890, 12760969, 12760512, 12761234, 12761690, 12762211, 12761697, 12760823, 12761331, 12762608, 12761387, 12761745, 12762950, 12761416, 4276993762, 4276993762], [12759677, 12758961, 12761665, 12761575, 12760467, 12759348, 12761595, 12760521, 12760569, 12761245, 12761752, 12762212, 12761511, 12761015, 12761808, 12762255, 12761507, 12762011, 12762980, 12760428, 4276993763, 4276993763]]
[[12758700, 12760119, 12761270, 12761489, 12759595, 12759567, 12760764, 12760673, 12761213, 12761207, 12764133, 12761506, 12761259, 12760279, 12761980, 12761679, 12762151, 12762087, 12761522, 12761396, 4276993760, 4276993760], [12759398, 12760300, 12761433, 12761122, 12759492, 12759799, 12760723, 12761205, 12760658, 12761986, 12763797, 12761326, 12761193, 12760409, 12761956, 12761742, 12762259, 12762076, 12761169, 12761853, 4276993761, 4276993761], [12759714, 12760667, 12761487, 12760671, 12759285, 12759971, 12761194, 12760902, 12760800, 12762763, 12762844, 12761438, 12760970, 12760970, 12761902, 12761811, 12762065, 12762068, 12761217, 12761513, 4276993762, 4276993762], [12760072, 12760692, 12761554, 12760212, 12759541, 12760214, 12760665, 12761218, 12761152, 12763604, 12761975, 12761470, 12760551, 12761526, 12761680, 12761841, 12762244, 12761736, 12761470, 12760604, 4276993763, 4276993763]]
[[12759963, 12761304, 12761056, 12761819, 12759233, 12760540, 12760480, 12761466, 12761352, 12760004, 12761041, 12760983, 12762036, 12761651, 12762565, 12762710, 12763808, 12761228, 12760482, 12761939, 4276993760, 4276993760], [12760322, 12760985, 12761744, 12760908, 12759655, 12760577, 12760597, 12761722, 12760952, 12760007, 12760896, 12761314, 12762092, 12762000, 12762562, 12762836, 12763073, 12761091, 12760714, 12762085, 4276993761, 4276993761], [12760538, 12760801, 12762361, 12759981, 12759959, 12760693, 12760580, 12761631, 12760865, 12760316, 12760682, 12761602, 12761930, 12762584, 12762456, 12763223, 12762377, 12760411, 12761316, 12761504, 4276993762, 4276993762], [12761276, 12760698, 12762380, 12759334, 12760505, 12760422, 12760971, 12761546, 12760570, 12760505, 12761136, 12761523, 12761724, 12762648, 12762597, 12763869, 12761628, 12759984, 12761996, 12760730, 4276993763, 4276993763]]
[[12762498, 12764627, 12763073, 12763729, 12766080, 12763734, 12763830, 12764771, 12765915, 12764686, 12766317, 12763558, 12762322, 12763375, 12762948, 12761621, 12762883, 12762678, 12763184, 12760531, 4276993760, 4276993760], [12763390, 12763784, 12763538, 12764143, 12765908, 12763777, 12763787, 12764873, 12766022, 12764861, 12765746, 12763158, 12762572, 12763499, 12762415, 12761973, 12762734, 12763276, 12762405, 12759899, 4276993761, 4276993761], [12763891, 12763484, 12763565, 12764916, 12765046, 12764087, 12763799, 12765250, 12765641, 12765294, 12765203, 12762741, 12762678, 12763638, 12761891, 12762588, 12762544, 12763455, 12761493, 12759517, 4276993762, 4276993762], [12764420, 12763157, 12763478, 12765845, 12764411, 12763784, 12764123, 12765742, 12764939, 12766101, 12764192, 12762630, 12762887, 12763714, 12761433, 12762804, 12762448, 12763542, 12760945, 12758854, 4276993763, 4276993763]]
[[12757773, 12759279, 12761100, 12761737, 12763086, 12763663, 12761742, 12763935, 12763793, 12762904, 12765374, 12762495, 12764184, 12762541, 12762281, 12761964, 12762192, 12762000, 12760783, 12760623, 4276993760, 4276993760], [12757907, 12759816, 12761466, 12762257, 12763216, 12762700, 12762293, 12764355, 12763290, 12763716, 12764373, 12763348, 12763870, 12761975, 12762518, 12761876, 12762263, 12761754, 12760642, 12760599, 4276993761, 4276993761], [12758248, 12760321, 12761433, 12762770, 12763190, 12761882, 12763316, 12764622, 12762695, 12764448, 12763473, 12763760, 12763762, 12761840, 12762326, 12761847, 12762435, 12761456, 12760644, 12760402, 4276993762, 4276993762], [12759135, 12760716, 12761580, 12762803, 12763434, 12761816, 12763878, 12764056, 12762829, 12765257, 12762544, 12764139, 12763099, 12762207, 12761968, 12762041, 12762230, 12761084, 12760641, 12760155, 4276993763, 4276993763]]
[[12756255, 12758256, 12759264, 12759643, 12758793, 12760944, 12761223, 12761361, 12762305, 12761691, 12763324, 12761496, 12762112, 12761016, 12760345, 12760170, 12759421, 12760138, 12761089, 12761749, 4276993760, 4276993760], [12756858, 12758535, 12759682, 12759161, 12759164, 12761598, 12760703, 12761937, 12762324, 12761533, 12763041, 12761668, 12762072, 12760539, 12760562, 12760010, 12759493, 12760044, 12761374, 12761824, 4276993761, 4276993761], [12757303, 12758661, 12760279, 12758582, 12759918, 12761635, 12760644, 12761975, 12762331, 12761837, 12762415, 12761820, 12762162, 12760454, 12760389, 12759743, 12759826, 12760118, 12761430, 12761949, 4276993762, 4276993762], [12757941, 12758920, 12760087, 12758513, 12760602, 12761398, 12760879, 12762340, 12762059, 12762363, 12761950, 12761844, 12761591, 12760510, 12760365, 12759608, 12760016, 12760485, 12761715, 12761392, 4276993763, 4276993763]]
[[12757185, 12759082, 12760374, 12760902, 12758845, 12759189, 12758930, 12759939, 12760183, 12759969, 12763528, 12762338, 12762146, 12762684, 12761847, 12762844, 12762045, 12762648, 12761717, 12760904, 4276993760, 4276993760], [12757979, 12758869, 12760919, 12760759, 12758705, 12759315, 12758717, 12760499, 12760060, 12760705, 12763063, 12762510, 12762356, 12762091, 12762335, 12762846, 12761724, 12762900, 12761321, 12760829, 4276993761, 4276993761], [12758413, 12759571, 12760680, 12760347, 12758666, 12759149, 12759143, 12760468, 12759855, 12761813, 12762927, 12762422, 12762504, 12761684, 12762832, 12762162, 12762218, 12762965, 12760669, 12760930, 4276993762, 4276993762], [12759109, 12759962, 12760611, 12759723, 12758937, 12758670, 12759860, 12760031, 12760173, 12762722, 12762662, 12762168, 12762799, 12761713, 12762766, 12762023, 12762484, 12762460, 12760639, 12760445, 4276993763, 4276993763]]
[[12762472, 12763392, 12763562, 12762963, 12762879, 12763414, 12762988, 12762958, 12765361, 12763218, 12765198, 12763239, 12762373, 12763197, 12763038, 12763317, 12763414, 12763056, 12764091, 12764209, 4276993760, 4276993760], [12763139, 12763293, 12763651, 12763316, 12762995, 12762780, 12763213, 12763315, 12765054, 12763881, 12764635, 12763013, 12762392, 12762886, 12763554, 12762999, 12763694, 12763142, 12763976, 12763805, 4276993761, 4276993761], [12763464, 12763244, 12763303, 12763318, 12763162, 12762856, 12763150, 12763664, 12764591, 12764307, 12764054, 12763067, 12762824, 12762852, 12763320, 12762862, 12763717, 12763434, 12764203, 12762868, 4276993762, 4276993762], [12763502, 12763584, 12762876, 12763030, 12763455, 12762950, 12762894, 12764649, 12763764, 12764782, 12763695, 12762731, 12763186, 12762857, 12763226, 12762942, 12763632, 12763816, 12764204, 12762124, 4276993763, 4276993763]]
[[12761306, 12761065, 12763634, 12761989, 12763020, 12763056, 12763472, 12764574, 12763205, 12761758, 12762852, 12763258, 12761875, 12762984, 12762800, 12761456, 12762280, 12761350, 12760242, 12761620, 4276993760, 4276993760], [12761622, 12761371, 12763070, 12762270, 12763106, 12763058, 12764189, 12764146, 12762699, 12761892, 12762917, 12763346, 12761899, 12763057, 12762149, 12761932, 12761918, 12761197, 12759916, 12761701, 4276993761, 4276993761], [12761549, 12762194, 12762936, 12762086, 12763128, 12763114, 12764557, 12763896, 12762210, 12762296, 12762935, 12762904, 12762646, 12762770, 12761676, 12762383, 12761491, 12760852, 12760306, 12760780, 4276993762, 4276993762], [12761361, 12762782, 12762619, 12762734, 12762706, 12763386, 12764576, 12763454, 12762265, 12762286, 12763180, 12762237, 12763145, 12762701, 12761627, 12762273, 12761163, 12760722, 12761055, 12759544, 4276993763, 4276993763]]
[[12760539, 12762754, 12763999, 12764816, 12765507, 12765827, 12764717, 12763843, 12764817, 12764267, 12766357, 12763155, 12762030, 12761332, 12763188, 12763000, 12762806, 12763702, 12762513, 12762095, 4276993760, 4276993760], [12761466, 12762454, 12764994, 12764245, 12766006, 12765514, 12764658, 12763907, 12765067, 12764380, 12765854, 12762865, 12761499, 12761948, 12763102, 12763099, 12763159, 12763250, 12762672, 12761712, 4276993761, 4276993761], [12761879, 12762902, 12765421, 12764311, 12766108, 12765120, 12764303, 12764393, 12764709, 12764878, 12764933, 12762932, 12761309, 12762235, 12763080, 12763032, 12763452, 12763034, 12762478, 12761145, 4276993762, 4276993762], [12762525, 12763396, 12765164, 12764994, 12765840, 12765001, 12763889, 12764760, 12764511, 12765602, 12764088, 12762680, 12760969, 12762910, 12762972, 12762673, 12763743, 12762843, 12762327, 12760373, 4276993763, 4276993763]]
[[12758357, 12759132, 12758924, 12759539, 12760943, 12760129, 12760459, 12760619, 12759284, 12758860, 12761999, 12760844, 12759303, 12760251, 12760764, 12760641, 12761809, 12760113, 12759188, 12759092, 4276993760, 4276993760], [12758839, 12758938, 12759376, 12759747, 12760973, 12759702, 12760839, 12760256, 12759293, 12759457, 12761764, 12760653, 12759318, 12760430, 12761082, 12760646, 12761299, 12759977, 12759216, 12759066, 4276993761, 4276993761], [12759241, 12758558, 12759491, 12760301, 12760751, 12759789, 12760926, 12759883, 12758754, 12760554, 12761884, 12759766, 12759449, 12760927, 12760980, 12760988, 12760848, 12759937, 12759144, 12757934, 4276993762, 4276993762], [12759311, 12758595, 12759605, 12760802, 12760476, 12760131, 12760589, 12759429, 12758768, 12761438, 12761507, 12759341, 12759798, 12760903, 12760797, 12761338, 12760430, 12759599, 12759510, 12757058, 4276993763, 4276993763]]
[[12760896, 12761347, 12761179, 12762535, 12761914, 12760964, 12759008, 12761839, 12759158, 12759617, 12761230, 12761316, 12761089, 12760329, 12761111, 12761960, 12762146, 12763088, 12763735, 12764373, 4276993760, 4276993760], [12761390, 12760798, 12761726, 12762974, 12760892, 12760834, 12759626, 12761486, 12758767, 12759964, 12761110, 12761806, 12760490, 12760871, 12761480, 12761369, 12762660, 12763309, 12764068, 12763600, 4276993761, 4276993761], [12761496, 12760873, 12761830, 12763111, 12760598, 12760237, 12760511, 12760639, 12758958, 12760374, 12761088, 12761894, 12760324, 12760720, 12761815, 12761410, 12762951, 12763458, 12764275, 12762539, 4276993762, 4276993762], [12761881, 12760629, 12762312, 12762629, 12760920, 12759371, 12761217, 12759799, 12759232, 12761129, 12761137, 12761477, 12760143, 12760891, 12761935, 12761767, 12763021, 12763711, 12764394, 12761200, 4276993763, 4276993763]]
[[12759721, 12759726, 12760370, 12760382, 12760546, 12760563, 12759899, 12759327, 12760808, 12764229, 12763632, 12761238, 12761570, 12759226, 12761203, 12760310, 12760518, 12760509, 12759336, 12757890, 4276993760, 4276993760], [12759780, 12759825, 12760165, 12760732, 12760613, 12760308, 12759640, 12759305, 12762037, 12764158, 12762982, 12761368, 12761017, 12759540, 12761346, 12760094, 12760798, 12760017, 12759274, 12757680, 4276993761, 4276993761], [12759731, 12760208, 12760324, 12760399, 12760723, 12760148, 12759126, 12759622, 12763398, 12763857, 12762407, 12761485, 12760504, 12759908, 12761186, 12760109, 12760678, 12759840, 12758871, 12757631, 4276993762, 4276993762], [12759947, 12760573, 12760009, 12760395, 12760712, 12760247, 12759073, 12760124, 12763992, 12763658, 12761707, 12761477, 12760137, 12760428, 12760843, 12760339, 12760561, 12759570, 12758173, 12757614, 4276993763, 4276993763]]
[[12758575, 12761963, 12762532, 12762640, 12760615, 12761746, 12762242, 12763103, 12763195, 12762566, 12763617, 12761704, 12762634, 12761317, 12761313, 12760986, 12761863, 12761310, 12761365, 12761887, 4276993760, 4276993760], [12759131, 12762373, 12762488, 12762421, 12760593, 12761922, 12762369, 12763543, 12762581, 12763285, 12762958, 12761595, 12762935, 12760610, 12761387, 12761504, 12761779, 12761097, 12761644, 12761690, 4276993761, 4276993761], [12760254, 12762402, 12762454, 12762091, 12760822, 12761958, 12762495, 12763911, 12761991, 12763884, 12762058, 12762238, 12762523, 12760869, 12760627, 12762287, 12761436, 12761208, 12761743, 12761468, 4276993762, 4276993762], [12761298, 12762315, 12762676, 12761334, 12761366, 12762178, 12762759, 12763284, 12762106, 12763915, 12762009, 12762438, 12762078, 12760944, 12760680, 12762085, 12761283, 12761489, 12761765, 12760939, 4276993763, 4276993763]]
[[12759860, 12762961, 12763180, 12763212, 12763219, 12764153, 12764932, 12765147, 12765177, 12764484, 12764952, 12763303, 12762127, 12762807, 12763722, 12763806, 12762418, 12763302, 12762521, 12764049, 4276993760, 4276993760], [12760572, 12763509, 12762741, 12763673, 12763124, 12764539, 12765010, 12765306, 12764829, 12764781, 12764386, 12763177, 12761823, 12763335, 12763986, 12763184, 12762807, 12762645, 12763557, 12763798, 4276993761, 4276993761], [12761302, 12763499, 12763021, 12763709, 12763253, 12764444, 12765251, 12765322, 12764989, 12764211, 12764250, 12762906, 12762175, 12763294, 12764217, 12762763, 12763223, 12762352, 12763791, 12763226, 4276993762, 4276993762], [12762077, 12763410, 12762971, 12763731, 12763531, 12764399, 12765308, 12765389, 12764783, 12764311, 12763843, 12762693, 12762378, 12763576, 12764160, 12762322, 12763608, 12761936, 12764272, 12762805, 4276993763, 4276993763]]
[[12759962, 12761005, 12763340, 12762493, 12763048, 12762572, 12761988, 12762869, 12763589, 12762889, 12762892, 12760177, 12762490, 12761352, 12762162, 12762094, 12762780, 12759929, 12761781, 12759338, 4276993760, 4276993760], [12760741, 12761306, 12763386, 12762393, 12763067, 12762410, 12762188, 12763314, 12763306, 12762728, 12762312, 12760522, 12762218, 12761589, 12762271, 12762520, 12762163, 12760135, 12760965, 12759346, 4276993761, 4276993761], [12760917, 12761976, 12763340, 12762608, 12762880, 12762175, 12762342, 12763282, 12763753, 12762446, 12761588, 12761377, 12761718, 12761878, 12762010, 12763092, 12761012, 12760967, 12760157, 12758566, 4276993762, 4276993762], [12760955, 12762684, 12763217, 12762547, 12762826, 12762013, 12762513, 12763406, 12763399, 12762735, 12760669, 12762002, 12761764, 12762006, 12761872, 12762783, 12760675, 12761434, 12759866, 12757740, 4276993763, 4276993763]]
[[12761073, 12762398, 12762474, 12763192, 12763175, 12763110, 12765299, 12763440, 12763839, 12762537, 12765540, 12764268, 12763729, 12762427, 12762421, 12761271, 12761847, 12761186, 12761782, 12761428, 4276993760, 4276993760], [12761802, 12762533, 12762674, 12763075, 12762928, 12763952, 12764948, 12763073, 12764148, 12763216, 12764968, 12764429, 12763231, 12762431, 12762121, 12761088, 12761680, 12761194, 12762400, 12760796, 4276993761, 4276993761], [12762386, 12762563, 12762730, 12763131, 12762877, 12764595, 12764442, 12763595, 12763159, 12764174, 12764695, 12764131, 12763054, 12762362, 12761785, 12761304, 12761541, 12761007, 12762630, 12760493, 4276993762, 4276993762], [12762295, 12762541, 12763013, 12763365, 12762812, 12765087, 12763803, 12763523, 12762815, 12765042, 12764600, 12763948, 12762629, 12762416, 12761624, 12761600, 12761412, 12761125, 12762286, 12760261, 4276993763, 4276993763]]
[[12762717, 12764958, 12764237, 12763199, 12763791, 12761573, 12762801, 12764230, 12763141, 12762440, 12763121, 12762421, 12762512, 12762701, 12762573, 12762056, 12763055, 12762699, 12762200, 12763242, 4276993760, 4276993760], [12763779, 12764697, 12764348, 12762852, 12763778, 12761155, 12763486, 12764049, 12762775, 12762758, 12762717, 12762948, 12762274, 12762552, 12762494, 12762046, 12763310, 12762604, 12762629, 12762903, 4276993761, 4276993761], [12764566, 12764424, 12764179, 12762866, 12763342, 12761307, 12764083, 12763514, 12762493, 12762924, 12762522, 12762979, 12762383, 12762705, 12762388, 12762374, 12763223, 12762234, 12762808, 12762644, 4276993762, 4276993762], [12765003, 12764332, 12763660, 12763263, 12762561, 12761958, 12764355, 12763131, 12762447, 12763337, 12762116, 12762302, 12763126, 12762736, 12762093, 12762677, 12762747, 12762196, 12763112, 12762018, 4276993763, 4276993763]]
[[12760894, 12763057, 12761737, 12763418, 12762274, 12762480, 12762969, 12763835, 12763691, 12763561, 12765327, 12763460, 12762946, 12763039, 12763761, 12764971, 12765028, 12764207, 12764213, 12764761, 4276993760, 4276993760], [12761913, 12762463, 12762853, 12762794, 12762400, 12762724, 12762850, 12764170, 12763118, 12764424, 12764887, 12762954, 12763187, 12762967, 12764349, 12764945, 12764662, 12764400, 12764265, 12764730, 4276993761, 4276993761], [12762560, 12762311, 12763221, 12762518, 12762248, 12763269, 12762275, 12764677, 12762877, 12765046, 12764449, 12762831, 12763092, 12763085, 12764363, 12765615, 12764204, 12764250, 12764616, 12764273, 4276993762, 4276993762], [12763355, 12761869, 12763441, 12762293, 12762088, 12763463, 12762848, 12764415, 12763112, 12765032, 12763955, 12762893, 12763032, 12763563, 12764710, 12765408, 12764134, 12764472, 12764397, 12764053, 4276993763, 4276993763]]
[[12760494, 12761078, 12763151, 12762267, 12760128, 12761333, 12762801, 12760952, 12759818, 12761339, 12764086, 12761367, 12761894, 12760785, 12761363, 12762707, 12761435, 12760280, 12760584, 12760472, 4276993760, 4276993760], [12761071, 12761573, 12763136, 12761437, 12760264, 12761779, 12762671, 12760711, 12759359, 12762410, 12763374, 12761972, 12761680, 12760670, 12761526, 12762355, 12761727, 12759770, 12760624, 12760806, 4276993761, 4276993761], [12760766, 12762642, 12762682, 12760894, 12760567, 12762026, 12762149, 12760537, 12759572, 12763390, 12762358, 12762126, 12761659, 12760639, 12762024, 12762047, 12761512, 12759663, 12760553, 12760746, 4276993762, 4276993762], [12760858, 12763011, 12762305, 12760516, 12761204, 12762303, 12761337, 12760360, 12760344, 12763916, 12761708, 12762072, 12761088, 12761167, 12762381, 12761721, 12760930, 12759983, 12760519, 12760557, 4276993763, 4276993763]]
[[12761590, 12760925, 12763119, 12764292, 12765151, 12763315, 12762372, 12762434, 12763511, 12762829, 12763873, 12762716, 12761946, 12762114, 12762463, 12764889, 12765219, 12764822, 12762344, 12763817, 4276993760, 4276993760], [12761848, 12761040, 12763830, 12764292, 12765424, 12762457, 12762752, 12761997, 12763925, 12763071, 12763470, 12762433, 12762293, 12761748, 12763044, 12765253, 12765387, 12763747, 12762726, 12763841, 4276993761, 4276993761], [12761436, 12761674, 12763975, 12764766, 12765231, 12761895, 12763171, 12761869, 12763720, 12763161, 12763403, 12761974, 12762358, 12762231, 12763647, 12764941, 12765332, 12763156, 12762796, 12763525, 4276993762, 4276993762], [12760996, 12762568, 12763969, 12765078, 12764446, 12761987, 12762949, 12762353, 12763463, 12763690, 12763074, 12761671, 12762189, 12762599, 12764309, 12764928, 12765349, 12762684, 12763042, 12762773, 4276993763, 4276993763]]
[[12759746, 12760535, 12761647, 12762226, 12761495, 12763232, 12762098, 12762487, 12763872, 12762729, 12765046, 12763493, 12762579, 12762507, 12761626, 12760856, 12761072, 12761594, 12763391, 12762965, 4276993760, 4276993760], [12759767, 12761052, 12762155, 12761946, 12761745, 12763269, 12762027, 12762945, 12763482, 12763318, 12764979, 12762807, 12762627, 12762362, 12761784, 12760633, 12761065, 12762252, 12763278, 12762741, 4276993761, 4276993761], [12759932, 12761694, 12762364, 12761493, 12762260, 12763126, 12761954, 12763565, 12762781, 12764103, 12764521, 12762700, 12762614, 12762376, 12761333, 12760467, 12761059, 12763032, 12762910, 12762615, 4276993762, 4276993762], [12760210, 12761819, 12762225, 12761452, 12762723, 12762552, 12762036, 12763936, 12762565, 12764946, 12763933, 12762525, 12762758, 12761630, 12761353, 12760809, 12761182, 12763373, 12762965, 12762415, 4276993763, 4276993763]]
[[12760254, 12761070, 12762363, 12761470, 12763261, 12762623, 12763687, 12763192, 12761969, 12763227, 12762821, 12761741, 12762394, 12762220, 12762089, 12762007, 12761648, 12762487, 12760699, 12761696, 4276993760, 4276993760], [12760689, 12761018, 12762233, 12761855, 12763339, 12763090, 12763308, 12763246, 12761904, 12763101, 12762301, 12762304, 12762135, 12762410, 12761855, 12762198, 12761503, 12762362, 12760523, 12761840, 4276993761, 4276993761], [12761094, 12761226, 12761727, 12762459, 12763270, 12763293, 12763092, 12763160, 12762175, 12763040, 12761891, 12762661, 12761962, 12762324, 12761869, 12762037, 12761975, 12761782, 12761030, 12761020, 4276993762, 4276993762], [12761384, 12761673, 12761199, 12763140, 12762819, 12763585, 12763014, 12762685, 12762678, 12763100, 12761692, 12762602, 12761934, 12762246, 12762084, 12761383, 12762679, 12761185, 12761484, 12759611, 4276993763, 4276993763]]
[[12757381, 12759969, 12761331, 12761538, 12760809, 12760359, 12759302, 12760424, 12760037, 12760642, 12760929, 12760109, 12761289, 12762683, 12761950, 12764462, 12763923, 12763293, 12763513, 12764202, 4276993760, 4276993760], [12757888, 12760136, 12761693, 12761299, 12760985, 12759875, 12759338, 12760409, 12760954, 12759791, 12761036, 12760479, 12761663, 12762553, 12762703, 12764352, 12763576, 12763279, 12763674, 12763250, 4276993761, 4276993761], [12758323, 12760642, 12761798, 12761191, 12760496, 12759843, 12759852, 12759770, 12761589, 12759839, 12760689, 12760406, 12762117, 12762586, 12763584, 12764089, 12763247, 12763232, 12764202, 12761993, 4276993762, 4276993762], [12759200, 12760907, 12761825, 12761103, 12760297, 12759468, 12760241, 12760020, 12761138, 12759969, 12760612, 12760671, 12762424, 12762513, 12763955, 12763874, 12763393, 12763253, 12764633, 12760602, 4276993763, 4276993763]]
[[12758326, 12758727, 12760616, 12760192, 12759537, 12759143, 12758889, 12758840, 12760345, 12761545, 12763167, 12761181, 12760687, 12760996, 12759966, 12759721, 12760767, 12759669, 12760523, 12760960, 4276993760, 4276993760], [12758507, 12758815, 12760795, 12760158, 12759260, 12759309, 12758417, 12759261, 12760744, 12761864, 12762761, 12761111, 12760921, 12760545, 12759775, 12760554, 12760295, 12759530, 12760863, 12760661, 4276993761, 4276993761], [12758496, 12759333, 12760705, 12760002, 12759074, 12759558, 12757948, 12760001, 12760963, 12762282, 12762290, 12760739, 12761242, 12759991, 12759673, 12761035, 12759916, 12759838, 12760948, 12759980, 4276993762, 4276993762], [12758829, 12759943, 12760314, 12759887, 12758969, 12759285, 12758149, 12760688, 12761324, 12762584, 12761586, 12760391, 12761375, 12760061, 12759595, 12760860, 12759789, 12760280, 12760679, 12759478, 4276993763, 4276993763]]
[[12758255, 12760888, 12761231, 12760857, 12761128, 12760475, 12760200, 12760036, 12761255, 12760029, 12762387, 12762375, 12760588, 12759972, 12761588, 12762016, 12760353, 12761418, 12762039, 12763115, 4276993760, 4276993760], [12758379, 12761538, 12761081, 12761094, 12760804, 12760293, 12760082, 12760488, 12761080, 12760217, 12762616, 12762372, 12760011, 12760182, 12761886, 12761700, 12760348, 12761831, 12762030, 12763338, 4276993761, 4276993761], [12758934, 12761823, 12760915, 12761219, 12760454, 12760105, 12759988, 12761180, 12760560, 12760858, 12762700, 12761775, 12759525, 12760800, 12762410, 12761229, 12760265, 12761951, 12762407, 12762884, 4276993762, 4276993762], [12759936, 12761595, 12760842, 12761208, 12760638, 12759922, 12760087, 12761613, 12759929, 12761645, 12762341, 12761455, 12759503, 12761429, 12762167, 12760778, 12760573, 12762058, 12763075, 12761557, 4276993763, 4276993763]]
[[12758819, 12759390, 12759512, 12760119, 12761174, 12759994, 12759160, 12759595, 12758817, 12759384, 12761415, 12759665, 12757024, 12759062, 12759312, 12759658, 12760229, 12760177, 12759817, 12760554, 4276993760, 4276993760], [12759678, 12759203, 12759434, 12760049, 12761567, 12759735, 12759192, 12759183, 12759356, 12759449, 12761298, 12758624, 12757316, 12759617, 12759592, 12759872, 12759834, 12760373, 12759846, 12760127, 4276993761, 4276993761], [12759732, 12759201, 12759660, 12760589, 12760819, 12759935, 12759414, 12758727, 12759798, 12759828, 12760866, 12757636, 12758115, 12759342, 12759542, 12760388, 12759859, 12760219, 12760114, 12759269, 4276993762, 4276993762], [12759586, 12759315, 12759865, 12761022, 12760207, 12759711, 12759818, 12758593, 12759723, 12760300, 12760435, 12757216, 12758669, 12759345, 12759478, 12760346, 12760009, 12760123, 12760321, 12758484, 4276993763, 4276993763]]
[[12760438, 12761468, 12761451, 12763188, 12762923, 12765520, 12764609, 12763623, 12764452, 12762986, 12764318, 12762771, 12761684, 12763434, 12763681, 12763051, 12762374, 12763016, 12761689, 12762008, 4276993760, 4276993760], [12760755, 12761173, 12762232, 12763047, 12763521, 12765989, 12764145, 12763680, 12764124, 12763118, 12764110, 12762530, 12761917, 12763713, 12763737, 12762629, 12762388, 12762983, 12761602, 12762026, 4276993761, 4276993761], [12760835, 12761246, 12762842, 12762943, 12764329, 12765706, 12763547, 12764366, 12763401, 12763431, 12763658, 12762389, 12762645, 12763477, 12763671, 12762428, 12762393, 12762902, 12761414, 12761870, 4276993762, 4276993762], [12761307, 12761240, 12763202, 12762767, 12764856, 12765410, 12763259, 12764479, 12762898, 12764220, 12763248, 12761922, 12762942, 12763710, 12763386, 12762425, 12762599, 12762229, 12762196, 12760721, 4276993763, 4276993763]]
[[12760043, 12761857, 12761073, 12760904, 12761449, 12759383, 12760625, 12759882, 12759730, 12757340, 12759400, 12758098, 12758687, 12759035, 12758547, 12759082, 12758974, 12756050, 12756263, 12756990, 4276993760, 4276993760], [12760484, 12761933, 12761092, 12761068, 12760597, 12759897, 12760418, 12759854, 12759067, 12758006, 12759020, 12758010, 12758782, 12759198, 12758558, 12759151, 12758167, 12755907, 12756383, 12757385, 4276993761, 4276993761], [12761038, 12761826, 12760608, 12761416, 12759639, 12760830, 12760068, 12759936, 12758407, 12758199, 12758802, 12758526, 12758900, 12758769, 12758640, 12759236, 12757648, 12755854, 12756569, 12756754, 4276993762, 4276993762], [12761842, 12761203, 12760717, 12761637, 12759504, 12760722, 12759923, 12759930, 12757671, 12758778, 12758590, 12758713, 12758817, 12758644, 12758970, 12759256, 12756609, 12756226, 12756604, 12756252, 4276993763, 4276993763]]
[[12760309, 12760693, 12762303, 12762635, 12761158, 12761334, 12761185, 12760462, 12761122, 12761376, 12761935, 12759949, 12761289, 12760984, 12761039, 12762200, 12760903, 12758849, 12758412, 12758133, 4276993760, 4276993760], [12761128, 12760995, 12762604, 12761701, 12761354, 12761278, 12761175, 12760679, 12761254, 12761560, 12761189, 12760479, 12761370, 12760793, 12761393, 12762091, 12760076, 12758982, 12757918, 12758395, 4276993761, 4276993761], [12761222, 12761503, 12762517, 12761132, 12761633, 12761157, 12760819, 12761295, 12761134, 12761640, 12760888, 12760382, 12761332, 12760821, 12761891, 12761564, 12759710, 12758830, 12758096, 12757668, 4276993762, 4276993762], [12760766, 12761940, 12762746, 12761118, 12761378, 12761315, 12760491, 12761347, 12761100, 12761856, 12760518, 12760732, 12761239, 12760957, 12761846, 12761280, 12759149, 12758958, 12757845, 12757166, 4276993763, 4276993763]]
[[12758551, 12759075, 12760312, 12761185, 12760993, 12760814, 12761299, 12760833, 12760202, 12759716, 12762153, 12761015, 12759947, 12759932, 12759119, 12759102, 12759218, 12759246, 12758908, 12760093, 4276993760, 4276993760], [12758764, 12759199, 12760779, 12761169, 12761146, 12760578, 12761262, 12760806, 12759752, 12760293, 12762142, 12760734, 12760357, 12759283, 12759353, 12758797, 12759566, 12759043, 12759234, 12759869, 4276993761, 4276993761], [12758988, 12759466, 12760960, 12761258, 12760999, 12760396, 12761447, 12760711, 12759524, 12760698, 12762028, 12760185, 12760709, 12759023, 12759299, 12758778, 12759861, 12758729, 12759568, 12759498, 4276993762, 4276993762], [12759093, 12759726, 12761406, 12760791, 12761057, 12760704, 12761220, 12760666, 12759598, 12761286, 12761696, 12759816, 12760577, 12758772, 12759274, 12759017, 12759750, 12758386, 12760261, 12758769, 4276993763, 4276993763]]
[[12759094, 12761207, 12761172, 12760887, 12762225, 12761527, 12760729, 12761625, 12762222, 12763465, 12763605, 12763003, 12763266, 12761835, 12761065, 12762102, 12762243, 12761010, 12760793, 12763478, 4276993760, 4276993760], [12759579, 12761364, 12760944, 12761244, 12762328, 12760974, 12761003, 12761635, 12762777, 12763696, 12763014, 12763254, 12762988, 12761690, 12761330, 12762016, 12762179, 12760776, 12761087, 12763789, 4276993761, 4276993761], [12760161, 12761639, 12760419, 12762255, 12761934, 12760576, 12761136, 12762080, 12762592, 12764043, 12762746, 12763477, 12762805, 12761171, 12761850, 12762016, 12761723, 12760671, 12761995, 12763113, 4276993762, 4276993762], [12761172, 12761222, 12760696, 12762251, 12761705, 12760497, 12761576, 12761994, 12763239, 12763656, 12762863, 12763398, 12762514, 12760885, 12762118, 12762110, 12761348, 12760715, 12762657, 12762267, 4276993763, 4276993763]]
[[12761245, 12760859, 12760213, 12760802, 12762309, 12762388, 12763395, 12761974, 12764171, 12762305, 12762744, 12761291, 12761557, 12760285, 12759937, 12759597, 12759933, 12759111, 12761133, 12761900, 4276993760, 4276993760], [12761407, 12761092, 12759921, 12761062, 12762784, 12762568, 12762865, 12762310, 12764401, 12762188, 12762340, 12761308, 12761232, 12760122, 12759963, 12759566, 12759708, 12759689, 12760962, 12762065, 4276993761, 4276993761], [12761492, 12760740, 12759957, 12761504, 12762674, 12763170, 12762306, 12762875, 12764041, 12762115, 12762206, 12761540, 12760746, 12760116, 12759788, 12759653, 12759578, 12759969, 12761424, 12761477, 4276993762, 4276993762], [12760964, 12760623, 12760111, 12762006, 12762417, 12763468, 12761935, 12763747, 12763211, 12762254, 12761977, 12761510, 12760526, 12759939, 12759602, 12759841, 12759309, 12760750, 12761696, 12760525, 4276993763, 4276993763]]
[[12759738, 12760754, 12760473, 12762217, 12762644, 12762482, 12761108, 12760467, 12761563, 12762878, 12764896, 12760398, 12758987, 12760181, 12760133, 12761590, 12761097, 12761185, 12761276, 12761097, 4276993760, 4276993760], [12760313, 12761031, 12760595, 12762525, 12763011, 12761710, 12761149, 12760600, 12761928, 12763448, 12764150, 12759665, 12759454, 12759766, 12760581, 12761680, 12761066, 12761427, 12760671, 12761308, 4276993761, 4276993761], [12760665, 12761008, 12760712, 12762701, 12763135, 12760973, 12761241, 12761027, 12762278, 12764024, 12763218, 12759308, 12759482, 12759860, 12760723, 12761591, 12761206, 12761497, 12760648, 12760990, 4276993762, 4276993762], [12760911, 12760307, 12761674, 12762638, 12762863, 12760855, 12760865, 12761460, 12762407, 12764719, 12761436, 12759187, 12760060, 12759796, 12761333, 12761430, 12761069, 12761459, 12760902, 12760323, 4276993763, 4276993763]]
[[12759509, 12760605, 12760206, 12760145, 12760226, 12759266, 12760983, 12762247, 12761734, 12760981, 12761624, 12759818, 12759329, 12759946, 12758475, 12761022, 12760468, 12759253, 12760774, 12760365, 4276993760, 4276993760], [12760262, 12760339, 12760084, 12760430, 12759958, 12759411, 12761269, 12762522, 12761383, 12761344, 12760878, 12759969, 12758930, 12760424, 12758572, 12761222, 12759857, 12759367, 12761061, 12759851, 4276993761, 4276993761], [12760479, 12760431, 12759838, 12760323, 12759740, 12759856, 12761533, 12762451, 12761412, 12761305, 12760838, 12759339, 12759397, 12759839, 12759132, 12761086, 12759754, 12759818, 12760661, 12759053, 4276993762, 4276993762], [12760680, 12760486, 12759816, 12760075, 12759637, 12760423, 12761670, 12762428, 12760980, 12761638, 12760288, 12759329, 12759769, 12758962, 12760253, 12760993, 12759271, 12760193, 12760598, 12758304, 4276993763, 4276993763]]
[[12760144, 12761271, 12760960, 12762082, 12759794, 12759128, 12759990, 12760071, 12759171, 12758796, 12760142, 12759942, 12758336, 12758808, 12759000, 12759924, 12760613, 12759391, 12759561, 12759942, 4276993760, 4276993760], [12760305, 12761122, 12761455, 12761796, 12759351, 12759119, 12760245, 12760123, 12758376, 12759388, 12760192, 12759475, 12758795, 12758418, 12759316, 12760118, 12760754, 12759096, 12759858, 12759068, 4276993761, 4276993761], [12760428, 12761327, 12761752, 12760760, 12759610, 12759063, 12760273, 12759842, 12758676, 12759445, 12760198, 12758930, 12759062, 12758168, 12759981, 12759922, 12760574, 12759132, 12760221, 12757753, 4276993762, 4276993762], [12760801, 12761299, 12761798, 12760425, 12759374, 12759520, 12760123, 12759638, 12758633, 12759733, 12760067, 12758683, 12759110, 12758329, 12759975, 12760471, 12759929, 12759320, 12760110, 12756852, 4276993763, 4276993763]]
[[12755694, 12756279, 12755629, 12754593, 12756088, 12754956, 12756171, 12758023, 12757814, 12757974, 12757485, 12755721, 12755494, 12755973, 12756425, 12757721, 12757346, 12757036, 12757187, 12757227, 4276993760, 4276993760], [12756488, 12756228, 12754969, 12755206, 12755988, 12754948, 12756469, 12757867, 12758147, 12757979, 12757115, 12755424, 12755615, 12756169, 12756562, 12757439, 12757439, 12757191, 12757940, 12755966, 4276993761, 4276993761], [12756587, 12756386, 12754400, 12755939, 12755519, 12755039, 12757278, 12757907, 12757887, 12757949, 12756705, 12755253, 12755834, 12756055, 12757200, 12756960, 12757979, 12757079, 12757737, 12755039, 4276993762, 4276993762], [12756369, 12756036, 12754562, 12756169, 12755278, 12755494, 12757629, 12758066, 12757853, 12757775, 12756022, 12755342, 12755936, 12756218, 12757630, 12757210, 12757663, 12756934, 12757401, 12754448, 4276993763, 4276993763]]
[[12760785, 12760888, 12762137, 12763202, 12762466, 12762671, 12764326, 12763529, 12762405, 12763837, 12763471, 12760772, 12761723, 12761789, 12763013, 12763038, 12762136, 12760232, 12759639, 12761023, 4276993760, 4276993760], [12760953, 12760914, 12762622, 12763245, 12762426, 12762962, 12764641, 12763265, 12762296, 12764031, 12762695, 12760671, 12762057, 12762060, 12762779, 12763430, 12761436, 12759761, 12760211, 12761054, 4276993761, 4276993761], [12760941, 12761261, 12762786, 12763101, 12762293, 12763519, 12764479, 12762820, 12762556, 12763963, 12762239, 12760792, 12762106, 12762621, 12762569, 12763209, 12761152, 12759545, 12760137, 12761171, 4276993762, 4276993762], [12760962, 12761751, 12763267, 12762651, 12762333, 12763831, 12764507, 12762160, 12763485, 12763533, 12761300, 12761616, 12761530, 12763112, 12762801, 12762588, 12760559, 12759943, 12760316, 12760554, 4276993763, 4276993763]]
[[12758428, 12760893, 12761677, 12761530, 12762821, 12762702, 12762908, 12763429, 12761106, 12759129, 12758982, 12758774, 12758695, 12759037, 12759488, 12760095, 12758704, 12758498, 12758277, 12758090, 4276993760, 4276993760], [12758856, 12761413, 12761697, 12761789, 12762703, 12762866, 12762751, 12763191, 12760722, 12758796, 12759103, 12758572, 12758771, 12759422, 12759351, 12760069, 12758406, 12758832, 12758032, 12758261, 4276993761, 4276993761], [12759437, 12761439, 12761723, 12761951, 12762850, 12762955, 12762783, 12762440, 12760263, 12758741, 12759319, 12758281, 12758895, 12759636, 12759743, 12759600, 12758151, 12758755, 12758071, 12758124, 4276993762, 4276993762], [12760161, 12761527, 12761504, 12762497, 12762789, 12763025, 12762976, 12761817, 12759957, 12758641, 12759255, 12758338, 12758935, 12759485, 12759997, 12759085, 12758177, 12758621, 12758145, 12757541, 4276993763, 4276993763]]
[[12759448, 12760682, 12760750, 12760555, 12759470, 12761005, 12761283, 12760671, 12760266, 12760519, 12761227, 12758500, 12759641, 12759677, 12760323, 12759623, 12760850, 12760157, 12759194, 12760414, 4276993760, 4276993760], [12759658, 12760837, 12760964, 12759957, 12759736, 12761215, 12761306, 12760563, 12760133, 12760760, 12760408, 12758703, 12759920, 12759900, 12759988, 12759896, 12760778, 12760184, 12759017, 12760523, 4276993761, 4276993761], [12760055, 12761045, 12761093, 12759391, 12760168, 12761519, 12760874, 12760496, 12760465, 12760549, 12760186, 12758997, 12759614, 12760000, 12759650, 12760267, 12760659, 12760019, 12759584, 12759751, 4276993762, 4276993762], [12760345, 12761111, 12760977, 12759308, 12760442, 12761432, 12760853, 12760260, 12760606, 12760771, 12759673, 12758902, 12759889, 12760148, 12759598, 12760629, 12760321, 12759624, 12760070, 12758743, 4276993763, 4276993763]]
[[12756137, 12754993, 12753989, 12754165, 12754534, 12757151, 12757127, 12758065, 12757081, 12757547, 12759234, 12758580, 12757315, 12756558, 12756993, 12758259, 12758470, 12756957, 12758158, 12757653, 4276993760, 4276993760], [12755971, 12754873, 12754336, 12753901, 12754695, 12757502, 12757268, 12758260, 12757008, 12757631, 12759328, 12758549, 12757136, 12756295, 12757314, 12758655, 12758292, 12756837, 12758266, 12757578, 4276993761, 4276993761], [12755895, 12754489, 12754349, 12754178, 12755310, 12757300, 12757379, 12758383, 12756812, 12758384, 12759129, 12758100, 12756803, 12756278, 12757732, 12758663, 12758059, 12756988, 12758201, 12757258, 4276993762, 4276993762], [12755406, 12754145, 12754287, 12754464, 12756090, 12757276, 12757870, 12757719, 12756967, 12758949, 12758913, 12757817, 12756456, 12756510, 12758196, 12758414, 12757556, 12757710, 12757864, 12756689, 4276993763, 4276993763]]
[[12758054, 12757873, 12758257, 12757628, 12759885, 12759792, 12760150, 12759551, 12761189, 12761289, 12762238, 12760900, 12761215, 12762039, 12761406, 12762232, 12761455, 12760932, 12760607, 12761720, 4276993760, 4276993760], [12758854, 12757400, 12758214, 12758207, 12759965, 12759903, 12759971, 12759644, 12761577, 12761340, 12762275, 12760734, 12761375, 12762082, 12761516, 12762287, 12761481, 12760438, 12760969, 12761715, 4276993761, 4276993761], [12759063, 12757255, 12757901, 12759048, 12759871, 12759954, 12759879, 12759888, 12761443, 12761768, 12761826, 12760999, 12761703, 12761746, 12761854, 12761749, 12761609, 12760162, 12761319, 12761842, 4276993762, 4276993762], [12758570, 12758045, 12757553, 12759344, 12759986, 12759918, 12759971, 12760418, 12761401, 12761820, 12761583, 12761123, 12761773, 12761663, 12762249, 12761033, 12761729, 12760170, 12761530, 12761345, 4276993763, 4276993763]]
[[12760823, 12761650, 12759285, 12761367, 12761839, 12761270, 12759812, 12761426, 12762670, 12761320, 12765148, 12763232, 12760174, 12760721, 12759860, 12760709, 12761527, 12762367, 12761465, 12760658, 4276993760, 4276993760], [12761321, 12761330, 12761266, 12761501, 12761727, 12760737, 12760197, 12761613, 12762712, 12762074, 12764821, 12762691, 12760109, 12760290, 12760008, 12760981, 12761748, 12762289, 12761512, 12760485, 4276993761, 4276993761], [12761505, 12761267, 12761328, 12761418, 12761686, 12760610, 12760570, 12761845, 12762020, 12763423, 12764542, 12761606, 12760611, 12759864, 12760227, 12760797, 12762091, 12762271, 12761240, 12760420, 4276993762, 4276993762], [12761441, 12761212, 12761344, 12761746, 12761510, 12760219, 12760746, 12762419, 12761500, 12764254, 12764378, 12760600, 12760899, 12759652, 12760480, 12761211, 12762100, 12761925, 12760710, 12760734, 4276993763, 4276993763]]
[[12759655, 12761606, 12761629, 12760019, 12760333, 12761997, 12761146, 12759659, 12760768, 12760124, 12760295, 12758669, 12759633, 12758882, 12757013, 12756101, 12755989, 12757296, 12760078, 12760307, 4276993760, 4276993760], [12760552, 12761923, 12761144, 12759769, 12761304, 12761528, 12760803, 12759986, 12760723, 12760398, 12759227, 12759404, 12759524, 12758338, 12756461, 12755868, 12756628, 12757944, 12760287, 12759933, 4276993761, 4276993761], [12760970, 12762340, 12760382, 12759961, 12761481, 12761536, 12760174, 12760498, 12760559, 12760546, 12758712, 12759522, 12759399, 12757862, 12756561, 12755664, 12756456, 12759156, 12760194, 12759305, 4276993762, 4276993762], [12761417, 12762294, 12759817, 12760181, 12761884, 12761084, 12760030, 12760638, 12760323, 12760493, 12758448, 12759892, 12759032, 12757620, 12756432, 12755587, 12756722, 12759747, 12760363, 12758908, 4276993763, 4276993763]]
[[12757854, 12757433, 12757678, 12758319, 12758125, 12758179, 12757152, 12757161, 12758285, 12759557, 12760838, 12759378, 12756704, 12758490, 12760281, 12761859, 12763451, 12761959, 12761469, 12761479, 4276993760, 4276993760], [12758083, 12757090, 12757686, 12758839, 12758008, 12757940, 12756848, 12757573, 12758362, 12759912, 12761040, 12758525, 12756843, 12759204, 12760376, 12762748, 12763000, 12761832, 12761170, 12761423, 4276993761, 4276993761], [12757964, 12756999, 12758175, 12758786, 12757879, 12757833, 12756688, 12757854, 12758724, 12760293, 12760842, 12757770, 12756962, 12759716, 12760893, 12763032, 12762708, 12761967, 12761124, 12760974, 4276993762, 4276993762], [12757621, 12757416, 12758022, 12758461, 12758204, 12757498, 12756998, 12758105, 12758896, 12760607, 12760281, 12757122, 12757615, 12760083, 12761162, 12763511, 12762195, 12762056, 12761114, 12760560, 4276993763, 4276993763]]
[[12758594, 12758763, 12758463, 12758766, 12760831, 12760980, 12760175, 12760973, 12761023, 12759973, 12761990, 12760024, 12759562, 12758474, 12759605, 12760399, 12759724, 12760405, 12761638, 12761342, 4276993760, 4276993760], [12759207, 12758589, 12758437, 12758978, 12761393, 12760268, 12760290, 12761514, 12760192, 12760445, 12761752, 12760296, 12759188, 12758620, 12759845, 12760089, 12760005, 12760535, 12761858, 12760935, 4276993761, 4276993761], [12759368, 12758342, 12758771, 12759498, 12761561, 12759663, 12760523, 12761902, 12759706, 12761346, 12760720, 12760257, 12759062, 12759195, 12759814, 12759841, 12760069, 12760941, 12762080, 12760106, 4276993762, 4276993762], [12759096, 12758372, 12758845, 12759918, 12761743, 12759700, 12760781, 12761446, 12759916, 12761909, 12760124, 12759801, 12758777, 12759462, 12760342, 12759780, 12759874, 12761292, 12761977, 12759531, 4276993763, 4276993763]]
[[12756449, 12757833, 12760410, 12760139, 12759786, 12760245, 12760718, 12760711, 12760718, 12759633, 12761910, 12758880, 12758522, 12759663, 12759959, 12760783, 12761072, 12759688, 12761249, 12762751, 4276993760, 4276993760], [12757515, 12757974, 12760507, 12760208, 12759636, 12760673, 12760287, 12760947, 12760928, 12759572, 12761675, 12758312, 12758977, 12759541, 12760478, 12760712, 12761015, 12759609, 12761797, 12762634, 4276993761, 4276993761], [12757756, 12758770, 12760712, 12759780, 12759850, 12760970, 12760208, 12760892, 12760628, 12759994, 12761111, 12758162, 12759112, 12759778, 12760868, 12760722, 12760647, 12759888, 12762394, 12761593, 4276993762, 4276993762], [12758082, 12759678, 12760283, 12759864, 12759948, 12761010, 12760343, 12760964, 12760061, 12760749, 12760293, 12758183, 12759302, 12759890, 12760836, 12760794, 12760217, 12760710, 12762760, 12760465, 4276993763, 4276993763]]
[[12761447, 12761881, 12761544, 12762612, 12763648, 12762451, 12761592, 12762085, 12762197, 12761877, 12761448, 12760131, 12760381, 12760416, 12762138, 12761952, 12762038, 12762054, 12762345, 12760659, 4276993760, 4276993760], [12762427, 12761347, 12762070, 12762957, 12763133, 12762505, 12761626, 12762481, 12761773, 12761804, 12760769, 12760618, 12760485, 12760487, 12762596, 12761779, 12761653, 12762664, 12761749, 12760592, 4276993761, 4276993761], [12762358, 12761285, 12762147, 12763370, 12762840, 12762113, 12761975, 12762570, 12761471, 12762091, 12760130, 12760592, 12760447, 12761007, 12762530, 12761894, 12761711, 12762888, 12760881, 12760467, 4276993762, 4276993762], [12762562, 12761394, 12762270, 12763605, 12762494, 12761857, 12761926, 12762422, 12761652, 12762087, 12759939, 12760275, 12760593, 12761430, 12762399, 12762012, 12761778, 12762566, 12760618, 12760077, 4276993763, 4276993763]]
[[12759905, 12761119, 12760677, 12760596, 12761753, 12761669, 12761884, 12761190, 12760121, 12759430, 12761702, 12761147, 12760294, 12760620, 12761101, 12762038, 12762084, 12761315, 12760671, 12761127, 4276993760, 4276993760], [12760363, 12760704, 12761009, 12760893, 12761731, 12761950, 12761571, 12760758, 12760210, 12759648, 12761579, 12761291, 12760296, 12760694, 12761211, 12762303, 12761781, 12761029, 12760529, 12761467, 4276993761, 4276993761], [12760600, 12760567, 12760926, 12761169, 12761686, 12761980, 12761051, 12760846, 12760055, 12760277, 12761361, 12760990, 12760390, 12760876, 12761479, 12762017, 12762005, 12760812, 12760287, 12760943, 4276993762, 4276993762], [12761185, 12760600, 12760651, 12761459, 12761509, 12762134, 12761057, 12760562, 12759462, 12761275, 12761228, 12760476, 12760292, 12761093, 12761856, 12762200, 12761663, 12760682, 12760615, 12760303, 4276993763, 4276993763]]
[[12755440, 12756708, 12756063, 12755374, 12756686, 12758313, 12757111, 12757318, 12757264, 12756277, 12759862, 12759133, 12758326, 12758175, 12757909, 12755526, 12755250, 12755997, 12756289, 12757841, 4276993760, 4276993760], [12756098, 12756605, 12755936, 12755365, 12757513, 12757566, 12757520, 12757209, 12756798, 12757154, 12759912, 12758793, 12758592, 12757880, 12757835, 12755042, 12755779, 12755456, 12756952, 12757936, 4276993761, 4276993761], [12756496, 12756347, 12755622, 12756022, 12757856, 12757009, 12757861, 12756998, 12756551, 12758005, 12760076, 12758158, 12758782, 12757576, 12757134, 12755074, 12756003, 12755341, 12757530, 12757596, 4276993762, 4276993762], [12756946, 12756098, 12755598, 12756116, 12758475, 12756857, 12757367, 12757298, 12756251, 12759311, 12759714, 12758133, 12758367, 12757555, 12756332, 12755245, 12755871, 12755666, 12757725, 12757050, 4276993763, 4276993763]]
[[12756720, 12756845, 12757643, 12756673, 12756785, 12755378, 12756897, 12757463, 12758380, 12757564, 12758376, 12758679, 12758552, 12759246, 12758858, 12759082, 12758761, 12759200, 12758195, 12758404, 4276993760, 4276993760], [12757013, 12757110, 12757123, 12756985, 12756549, 12755577, 12756793, 12758104, 12757778, 12758069, 12758215, 12758651, 12759056, 12759286, 12758440, 12759294, 12758873, 12758883, 12758358, 12758225, 4276993761, 4276993761], [12756870, 12757729, 12756450, 12757283, 12756224, 12756005, 12756896, 12758090, 12757635, 12758121, 12758597, 12758251, 12759574, 12759223, 12758491, 12759150, 12759059, 12758516, 12758443, 12757724, 4276993762, 4276993762], [12756956, 12757782, 12756496, 12756872, 12755854, 12756619, 12757093, 12758149, 12757706, 12758115, 12758499, 12758634, 12759236, 12759261, 12758622, 12758987, 12759347, 12758180, 12758344, 12756917, 4276993763, 4276993763]]
[[12757593, 12760567, 12759536, 12760462, 12759949, 12760019, 12760182, 12761160, 12761400, 12761371, 12762118, 12759887, 12760509, 12760186, 12761074, 12758829, 12759594, 12759179, 12757773, 12757788, 4276993760, 4276993760], [12758842, 12760277, 12759478, 12760314, 12760124, 12760063, 12759816, 12761759, 12761369, 12761775, 12761252, 12760260, 12760228, 12760332, 12761186, 12758452, 12760070, 12758258, 12757605, 12758081, 4276993761, 4276993761], [12759910, 12760012, 12759607, 12760082, 12759979, 12760642, 12759708, 12761964, 12761492, 12761596, 12760894, 12760364, 12760293, 12760715, 12760413, 12758585, 12759872, 12758012, 12757513, 12757338, 4276993762, 4276993762], [12760454, 12759575, 12760410, 12759489, 12760313, 12760459, 12760628, 12761276, 12761573, 12761876, 12760583, 12760175, 12760334, 12760966, 12759625, 12759078, 12759536, 12757844, 12757408, 12756518, 4276993763, 4276993763]]
[[12758840, 12759398, 12760206, 12756980, 12756757, 12758466, 12759940, 12760091, 12759884, 12760120, 12762142, 12759434, 12760831, 12758539, 12758509, 12760268, 12760462, 12759012, 12758321, 12759845, 4276993760, 4276993760], [12759484, 12759548, 12759757, 12756732, 12756662, 12759133, 12760012, 12760228, 12759837, 12760634, 12761404, 12759797, 12760549, 12758275, 12758582, 12760697, 12760003, 12759060, 12758220, 12760731, 4276993761, 4276993761], [12759439, 12759754, 12759154, 12756727, 12756839, 12759730, 12759969, 12760069, 12759784, 12761393, 12760724, 12760291, 12759815, 12758222, 12758935, 12760682, 12759810, 12758935, 12758210, 12760331, 4276993762, 4276993762], [12759639, 12759821, 12758054, 12756647, 12757431, 12760216, 12760000, 12759875, 12760002, 12761588, 12760242, 12760688, 12759051, 12758333, 12759650, 12760503, 12759370, 12758781, 12758706, 12759843, 4276993763, 4276993763]]
[[12759668, 12760270, 12760090, 12760702, 12758823, 12757981, 12759485, 12759606, 12759819, 12758989, 12761011, 12759521, 12758413, 12756824, 12757168, 12757456, 12759543, 12759731, 12760481, 12759516, 4276993760, 4276993760], [12760148, 12760072, 12760248, 12760410, 12757920, 12759079, 12759141, 12759742, 12759772, 12759585, 12760655, 12758994, 12758405, 12756385, 12756938, 12758320, 12759719, 12759651, 12760694, 12759439, 4276993761, 4276993761], [12760633, 12759797, 12760348, 12760124, 12757526, 12759396, 12759196, 12760064, 12759300, 12759843, 12760650, 12758481, 12758453, 12756267, 12757022, 12758841, 12759628, 12759745, 12760705, 12759199, 4276993762, 4276993762], [12760290, 12760140, 12760855, 12759263, 12757759, 12759487, 12759438, 12759742, 12759089, 12760478, 12760146, 12758399, 12757864, 12756615, 12757145, 12759091, 12759825, 12760069, 12760345, 12758478, 4276993763, 4276993763]]
[[12756916, 12755325, 12756386, 12756828, 12757757, 12759095, 12758735, 12759233, 12760095, 12758316, 12758953, 12757966, 12757085, 12758512, 12756643, 12758664, 12759770, 12759894, 12758941, 12759893, 4276993760, 4276993760], [12756540, 12755472, 12756226, 12757268, 12758250, 12758642, 12759300, 12759172, 12760067, 12758375, 12758474, 12757472, 12758016, 12757669, 12757258, 12758689, 12759997, 12759400, 12759058, 12759866, 4276993761, 4276993761], [12755936, 12755766, 12756072, 12757624, 12758646, 12758630, 12759483, 12759401, 12759652, 12758329, 12758277, 12757201, 12758631, 12756882, 12757838, 12759252, 12760242, 12758736, 12759395, 12758998, 4276993762, 4276993762], [12755308, 12756242, 12756189, 12757729, 12759048, 12758829, 12759241, 12759742, 12758815, 12758772, 12758144, 12756876, 12758959, 12756516, 12758315, 12759704, 12760042, 12758942, 12759429, 12757727, 4276993763, 4276993763]]
[[12760457, 12759188, 12761058, 12758376, 12758388, 12759408, 12758981, 12759483, 12760071, 12758311, 12759622, 12756137, 12755999, 12757264, 12758090, 12756555, 12757970, 12759369, 12758708, 12759011, 4276993760, 4276993760], [12760354, 12759484, 12760490, 12758237, 12759042, 12759033, 12759267, 12759494, 12759740, 12758582, 12759224, 12755598, 12756041, 12757398, 12758053, 12756971, 12757862, 12759640, 12758637, 12759207, 4276993761, 4276993761], [12759797, 12760234, 12759777, 12758047, 12759241, 12759143, 12759409, 12759631, 12759199, 12759092, 12757998, 12755708, 12756633, 12757832, 12757241, 12757310, 12758445, 12759447, 12758726, 12758467, 4276993762, 4276993762], [12759741, 12760551, 12759208, 12757954, 12759341, 12759312, 12759275, 12759718, 12758977, 12759377, 12757050, 12755911, 12756916, 12758114, 12756737, 12757856, 12758778, 12759223, 12758709, 12757861, 4276993763, 4276993763]]
[[12759070, 12758309, 12759697, 12760473, 12761314, 12760104, 12759690, 12759757, 12760279, 12760332, 12761014, 12760259, 12760633, 12761113, 12761726, 12760624, 12760933, 12760413, 12758315, 12759572, 4276993760, 4276993760], [12758916, 12758567, 12760038, 12760740, 12761489, 12759419, 12759696, 12760164, 12759916, 12760804, 12760616, 12760544, 12760763, 12761069, 12761982, 12760314, 12761238, 12759168, 12758935, 12759335, 4276993761, 4276993761], [12758738, 12758867, 12760315, 12761011, 12760868, 12759337, 12760182, 12760024, 12759958, 12760929, 12760481, 12760396, 12761270, 12761162, 12761486, 12760384, 12761434, 12758502, 12759035, 12758921, 4276993762, 4276993762], [12758382, 12759234, 12760316, 12761185, 12760550, 12759551, 12760135, 12760030, 12760173, 12760613, 12760654, 12760373, 12761465, 12761495, 12760833, 12760608, 12761304, 12758026, 12759449, 12757905, 4276993763, 4276993763]]
[[12761219, 12762557, 12762952, 12761724, 12761505, 12761835, 12761979, 12762527, 12763215, 12762310, 12765081, 12761953, 12761025, 12760849, 12760331, 12759251, 12760726, 12762494, 12762050, 12761378, 4276993760, 4276993760], [12761725, 12763273, 12762313, 12761929, 12761283, 12762104, 12762022, 12762750, 12762608, 12763086, 12764342, 12762015, 12760604, 12760664, 12760542, 12758933, 12761506, 12762650, 12761970, 12761082, 4276993761, 4276993761], [12761832, 12763756, 12761776, 12761910, 12761262, 12762004, 12762168, 12763292, 12762109, 12763993, 12763372, 12761638, 12760798, 12760487, 12759976, 12759333, 12761890, 12762810, 12761702, 12760486, 4276993762, 4276993762], [12762237, 12763706, 12761559, 12761566, 12761722, 12762027, 12762123, 12763554, 12762088, 12764492, 12762384, 12761719, 12760818, 12760258, 12759645, 12760047, 12762095, 12762623, 12761548, 12759631, 4276993763, 4276993763]]
[[12757557, 12757746, 12759331, 12759602, 12760045, 12759630, 12758191, 12758493, 12758674, 12757603, 12757453, 12757772, 12758009, 12757123, 12757410, 12756542, 12756403, 12756723, 12758017, 12757030, 4276993760, 4276993760], [12758211, 12757636, 12759508, 12759796, 12759965, 12759502, 12757772, 12758883, 12758730, 12757052, 12757633, 12757696, 12758251, 12757146, 12757120, 12756167, 12756947, 12757025, 12757236, 12757088, 4276993761, 4276993761], [12758441, 12758003, 12759815, 12759853, 12759901, 12758917, 12757850, 12759045, 12758578, 12756675, 12757838, 12757614, 12758111, 12757071, 12757157, 12755965, 12757260, 12757344, 12756915, 12756437, 4276993762, 4276993762], [12758518, 12758820, 12759546, 12760066, 12759602, 12758679, 12758325, 12758830, 12758117, 12756668, 12757806, 12758166, 12757490, 12756976, 12756958, 12756090, 12757232, 12757707, 12757186, 12755111, 4276993763, 4276993763]]
[[12756344, 12758406, 12758679, 12758941, 12759806, 12759543, 12758015, 12758435, 12760386, 12759148, 12760581, 12759003, 12761029, 12759698, 12759301, 12759120, 12758025, 12758054, 12759503, 12761091, 4276993760, 4276993760], [12757513, 12758723, 12758494, 12759212, 12759474, 12759324, 12758090, 12758864, 12760365, 12759309, 12760217, 12759685, 12760738, 12759322, 12759456, 12758956, 12757755, 12758137, 12760033, 12761034, 4276993761, 4276993761], [12758109, 12758531, 12758753, 12759419, 12759333, 12758815, 12758149, 12759525, 12759870, 12759863, 12759762, 12760109, 12760368, 12759493, 12759491, 12758292, 12758015, 12758271, 12760446, 12760820, 4276993762, 4276993762], [12758487, 12758564, 12758783, 12759831, 12759633, 12758391, 12757964, 12759976, 12759332, 12760641, 12759257, 12760705, 12759910, 12759332, 12759375, 12758229, 12757779, 12758916, 12760983, 12759409, 4276993763, 4276993763]]
