[[6581555, 6582218, 6582412, 6582565, 6582389, 6582721, 6582289, 6582158, 6582366, 6583340, 6583653, 6582290, 6581808, 6582583, 6582546, 6582716, 6582261, 6583363, 6582967, 6583437, 4276993760, 4276993760], [6581772, 6582373, 6582491, 6582602, 6582204, 6582741, 6582232, 6581990, 6582798, 6583439, 6583542, 6581929, 6582095, 6582441, 6582681, 6582499, 6582648, 6583167, 6583042, 6583611, 4276993761, 4276993761], [6581972, 6582475, 6582387, 6582610, 6582378, 6582574, 6582275, 6581964, 6582877, 6583635, 6583289, 6581701, 6582305, 6582424, 6582709, 6582399, 6582969, 6583076, 6583158, 6583572, 4276993762, 4276993762], [6582031, 6582401, 6582474, 6582565, 6582644, 6582393, 6582095, 6582188, 6583171, 6583570, 6582883, 6581676, 6582527, 6582430, 6582815, 6582289, 6583132, 6583161, 6583096, 6583220, 4276993763, 4276993763]]
[[6583317, 6582978, 6582833, 6582349, 6582956, 6583850, 6584250, 6584262, 6584446, 6584791, 6584930, 6583580, 6583821, 6583043, 6583243, 6583315, 6583189, 6583866, 6583502, 6583639, 4276993760, 4276993760], [6583426, 6583016, 6582537, 6582436, 6583298, 6583775, 6584445, 6584166, 6584636, 6584895, 6584625, 6583495, 6583733, 6583024, 6583250, 6583031, 6583574, 6584041, 6583381, 6583812, 4276993761, 4276993761], [6583317, 6583104, 6582354, 6582495, 6583485, 6583932, 6584509, 6584018, 6584970, 6584855, 6584346, 6583491, 6583629, 6583050, 6583328, 6582984, 6583548, 6583929, 6583581, 6583560, 4276993762, 4276993762], [6583101, 6582965, 6582317, 6582744, 6583826, 6583990, 6584459, 6584061, 6585001, 6584945, 6583888, 6583658, 6583334, 6583174, 6583360, 6582984, 6583722, 6583716, 6583583, 6583495, 4276993763, 4276993763]]
[[6582777, 6583715, 6583783, 6584113, 6583696, 6584805, 6584979, 6585952, 6584893, 6584496, 6585251, 6584566, 6584165, 6584456, 6584478, 6584722, 6584831, 6584831, 6585003, 6584681, 4276993760, 4276993760], [6582960, 6583719, 6583925, 6583984, 6584034, 6584859, 6585087, 6585970, 6584619, 6584820, 6585026, 6584505, 6584065, 6584542, 6584458, 6584693, 6585081, 6584750, 6584845, 6584835, 4276993761, 4276993761], [6583132, 6583892, 6583934, 6583998, 6584207, 6584852, 6585276, 6585889, 6584523, 6584964, 6584903, 6584381, 6584041, 6584501, 6584748, 6584648, 6584983, 6584918, 6584612, 6584792, 4276993762, 4276993762], [6583457, 6583772, 6584076, 6583858, 6584389, 6584917, 6585621, 6585371, 6584606, 6585083, 6584740, 6584271, 6584236, 6584539, 6584660, 6584842, 6584866, 6584924, 6584650, 6584480, 4276993763, 4276993763]]
[[6583420, 6583257, 6583486, 6584881, 6584608, 6584293, 6583939, 6584346, 6584504, 6584651, 6585902, 6584428, 6584989, 6583864, 6583940, 6583962, 6582814, 6582312, 6582753, 6583103, 4276993760, 4276993760], [6583596, 6583058, 6583858, 6585114, 6584384, 6584212, 6583967, 6584439, 6584343, 6585190, 6585480, 6584629, 6584740, 6583794, 6583920, 6583841, 6582726, 6582243, 6583086, 6582582, 4276993761, 4276993761], [6583628, 6582860, 6584244, 6585112, 6584411, 6583858, 6584298, 6584505, 6584292, 6585477, 6584966, 6584982, 6584472, 6583774, 6584146, 6583492, 6582532, 6582253, 6583284, 6582030, 4276993762, 4276993762], [6583530, 6583092, 6584762, 6584781, 6584328, 6583728, 6584467, 6584642, 6584349, 6585632, 6584754, 6585012, 6584108, 6583898, 6584124, 6583179, 6582236, 6582549, 6583264, 6581613, 4276993763, 4276993763]]
[[6583609, 6583093, 6583814, 6583986, 6584506, 6584598, 6585568, 6584823, 6583790, 6583876, 6585372, 6584298, 6584398, 6584724, 6584286, 6584577, 6584526, 6584375, 6585463, 6584940, 4276993760, 4276993760], [6583597, 6583009, 6583898, 6584154, 6584534, 6584867, 6585468, 6584582, 6583471, 6584490, 6585187, 6584341, 6584461, 6584677, 6584301, 6584501, 6584522, 6584592, 6585365, 6584837, 4276993761, 4276993761], [6583443, 6583110, 6584096, 6584277, 6584487, 6585088, 6585149, 6584466, 6583558, 6584794, 6584802, 6584492, 6584472, 6584638, 6584342, 6584649, 6584307, 6584905, 6585204, 6584481, 4276993762, 4276993762], [6583356, 6583548, 6584073, 6584394, 6584354, 6585385, 6585018, 6584158, 6583631, 6585191, 6584470, 6584488, 6584533, 6584446, 6584543, 6584632, 6584270, 6585239, 6584971, 6584041, 4276993763, 4276993763]]
[[6583362, 6583549, 6584260, 6584583, 6584061, 6584947, 6584398, 6584128, 6583811, 6584348, 6585828, 6584529, 6583454, 6583522, 6582683, 6583157, 6584359, 6584117, 6583820, 6584543, 4276993760, 4276993760], [6583499, 6583576, 6584501, 6584405, 6584222, 6584989, 6584340, 6583918, 6583829, 6584955, 6585420, 6584395, 6583242, 6583414, 6582724, 6583571, 6584302, 6583742, 6584242, 6584158, 4276993761, 4276993761], [6583449, 6583893, 6584400, 6584275, 6584564, 6584865, 6584399, 6583655, 6583923, 6585292, 6585166, 6584316, 6583027, 6583239, 6583036, 6583696, 6584432, 6583503, 6584423, 6583668, 4276993762, 4276993762], [6583497, 6584021, 6584569, 6584186, 6584781, 6584544, 6584341, 6583728, 6584089, 6585524, 6584930, 6583953, 6583200, 6582902, 6583025, 6584269, 6584265, 6583573, 6584503, 6583093, 4276993763, 4276993763]]
[[6584151, 6584511, 6584501, 6584687, 6585072, 6585644, 6584961, 6585409, 6585835, 6585478, 6586216, 6584929, 6585660, 6585702, 6585193, 6584391, 6585277, 6584533, 6583046, 6583617, 4276993760, 4276993760], [6584433, 6584175, 6584690, 6584850, 6585235, 6585427, 6585067, 6585510, 6585689, 6585735, 6585729, 6585263, 6585661, 6585603, 6585071, 6584361, 6585302, 6584277, 6582864, 6583757, 4276993761, 4276993761], [6584615, 6584073, 6584819, 6584850, 6585605, 6584990, 6585224, 6585608, 6585720, 6585910, 6585444, 6585365, 6585678, 6585399, 6584895, 6584643, 6585247, 6583857, 6582830, 6583799, 4276993762, 4276993762], [6584667, 6584227, 6584722, 6584915, 6585695, 6584972, 6585210, 6585922, 6585493, 6586095, 6585117, 6585557, 6585582, 6585488, 6584631, 6585021, 6584872, 6583476, 6583050, 6583405, 4276993763, 4276993763]]
[[6582595, 6583872, 6583931, 6583972, 6583832, 6582728, 6582990, 6584124, 6583729, 6583778, 6585196, 6584408, 6584048, 6583756, 6583356, 6583511, 6583271, 6583044, 6583971, 6583393, 4276993760, 4276993760], [6583017, 6583874, 6583945, 6583988, 6583529, 6582789, 6583256, 6584179, 6583669, 6583944, 6585256, 6584298, 6583983, 6583577, 6583409, 6583349, 6583310, 6583103, 6584094, 6583139, 4276993761, 4276993761], [6583404, 6583931, 6583979, 6583911, 6583391, 6582520, 6583712, 6584090, 6583841, 6584000, 6585252, 6584140, 6583957, 6583485, 6583490, 6583235, 6583215, 6583395, 6583908, 6582998, 4276993762, 4276993762], [6583722, 6583946, 6584042, 6583866, 6582983, 6582594, 6584092, 6583873, 6583873, 6584459, 6584967, 6584019, 6584028, 6583280, 6583563, 6583230, 6583184, 6583605, 6583705, 6582740, 4276993763, 4276993763]]
[[6582776, 6582859, 6583617, 6583478, 6583938, 6584157, 6584059, 6583291, 6582889, 6582205, 6583198, 6582493, 6582111, 6582314, 6582306, 6583228, 6582334, 6581585, 6581993, 6582342, 4276993760, 4276993760], [6582933, 6582720, 6583717, 6583772, 6583785, 6584388, 6583783, 6583173, 6582962, 6582266, 6582958, 6582418, 6582160, 6582283, 6582563, 6583100, 6582163, 6581477, 6582217, 6582262, 4276993761, 4276993761], [6583080, 6582901, 6583628, 6583848, 6583908, 6584462, 6583501, 6583126, 6582608, 6582494, 6582952, 6582157, 6582289, 6582214, 6582849, 6582962, 6581867, 6581638, 6582332, 6581928, 4276993762, 4276993762], [6583249, 6583076, 6583542, 6584020, 6583965, 6584352, 6583290, 6582980, 6582475, 6582763, 6582675, 6582153, 6582391, 6582203, 6583069, 6582668, 6581580, 6581921, 6582262, 6581510, 4276993763, 4276993763]]
[[6583416, 6583791, 6583642, 6584101, 6584302, 6584747, 6584624, 6584366, 6584590, 6584339, 6584539, 6584091, 6584153, 6584363, 6584656, 6584684, 6584307, 6584143, 6583466, 6584571, 4276993760, 4276993760], [6583680, 6583884, 6583725, 6584116, 6584301, 6584833, 6584389, 6584509, 6584589, 6584484, 6584225, 6584207, 6584290, 6584345, 6584781, 6584500, 6584268, 6583946, 6583751, 6584389, 4276993761, 4276993761], [6583753, 6583856, 6583789, 6584142, 6584426, 6584973, 6584200, 6584637, 6584522, 6584287, 6584246, 6584106, 6584530, 6584373, 6584877, 6584391, 6584258, 6583660, 6583991, 6584318, 4276993762, 4276993762], [6583874, 6583564, 6583963, 6584394, 6584483, 6584976, 6584186, 6584566, 6584463, 6584326, 6584186, 6583996, 6584570, 6584621, 6584833, 6584166, 6584324, 6583557, 6584280, 6584025, 4276993763, 4276993763]]
