rep,heat_enabled,transmitter_bit,transmitter_mask,ctrl_0_ro_0,ctrl_0_ro_1,ctrl_0_ro_2,ctrl_0_ro_3,ctrl_0_ro_4,ctrl_1_ro_0,ctrl_1_ro_1,ctrl_1_ro_2,ctrl_1_ro_3,ctrl_1_ro_4,ctrl_2_ro_0,ctrl_2_ro_1,ctrl_2_ro_2,ctrl_2_ro_3,ctrl_2_ro_4,ctrl_3_ro_0,ctrl_3_ro_1,ctrl_3_ro_2,ctrl_3_ro_3,ctrl_3_ro_4
0,31,0,3,6720059,6693779,6571311,6610288,6549304,6598829,6596114,6570693,6653552,6544083,6642787,6581135,6496230,6610649,6582260,6511885,6549205,6505763,6529871,6406963
1,0,0,3,6733409,6706917,6583850,6623804,6561969,6611002,6608662,6583299,6666373,6556290,6655986,6594386,6509326,6623160,6595424,6525750,6561970,6518641,6542487,6418419
2,31,0,3,6721382,6695793,6571760,6611796,6550289,6598654,6596824,6571285,6654364,6544349,6643519,6582544,6496917,6609694,6582443,6513469,6549551,6506660,6530517,6406729
3,0,0,3,6733997,6707362,6583975,6625086,6562780,6611499,6608941,6583509,6666783,6556853,6655868,6595159,6508677,6622562,6595369,6525766,6562405,6519270,6542739,6419215
4,31,0,3,6720375,6694456,6570900,6611673,6549941,6598066,6595441,6570971,6653174,6543362,6643229,6581661,6496081,6610311,6581301,6511665,6548265,6505910,6528735,6406034
5,0,0,3,6732065,6706751,6582716,6622906,6561081,6609870,6606418,6582813,6665530,6555186,6655613,6594046,6508078,6623031,6594010,6523998,6561066,6518232,6541485,6418058
6,31,0,3,6719862,6695069,6570933,6611205,6550245,6597775,6594801,6571293,6653448,6543337,6643686,6581838,6496072,6610017,6581970,6511650,6549238,6505684,6529731,6405855
7,0,0,3,6732664,6707683,6583900,6623882,6561880,6610426,6607977,6583488,6666036,6556523,6656061,6594246,6508700,6622034,6594835,6525598,6561224,6518890,6543452,6418621
8,31,0,3,6721131,6695393,6571449,6611781,6549432,6598348,6595593,6570908,6653526,6543620,6643307,6581912,6495822,6609396,6582305,6512311,6549358,6506685,6530494,6406999
9,0,0,3,6732574,6706572,6582036,6623313,6560655,6609449,6606704,6582310,6665251,6555048,6654876,6593760,6507395,6621164,6593851,6524075,6561325,6518500,6541512,6418771
10,31,0,3,6721845,6695253,6570883,6611871,6549478,6598399,6596308,6570396,6653532,6543401,6642475,6581695,6496283,6610210,6582025,6511964,6549266,6505929,6529538,6406276
11,0,0,3,6732710,6706853,6582227,6623466,6560692,6610479,6607867,6581704,6664486,6554812,6654641,6593829,6508062,6621985,6593876,6523886,6561541,6517852,6541487,6418148
12,31,0,3,6720697,6694044,6570067,6611662,6548557,6598035,6595387,6569968,6651865,6542647,6642286,6581426,6495780,6609769,6580792,6510871,6548685,6505435,6528790,6405895
13,0,0,3,6733708,6706938,6583049,6625131,6561804,6611111,6608101,6583104,6665256,6555642,6655706,6594947,6508349,6622685,6593950,6523772,6562011,6518963,6542429,6418655
14,31,0,3,6720915,6694275,6571099,6611846,6549292,6598906,6595458,6570336,6653047,6542505,6642572,6582641,6496067,6610072,6579969,6510816,6548750,6505411,6529022,6406765
15,0,0,3,6733706,6707300,6583294,6624130,6562173,6612307,6608926,6583653,6666358,6556247,6656478,6595261,6509400,6623431,6594893,6525112,6562940,6519248,6541850,6419605
16,31,0,3,6721550,6695281,6571057,6612481,6550227,6599886,6596375,6570752,6653268,6543879,6642846,6582464,6496611,6609508,6581646,6511617,6549700,6505669,6529415,6406846
17,0,0,3,6733671,6707765,6583422,6624861,6562335,6612527,6608263,6583918,6665698,6555733,6656012,6595920,6508971,6622128,6595076,6525006,6562016,6518870,6542491,6419733
18,31,0,3,6721207,6694989,6571157,6611816,6549580,6599976,6595664,6571124,6652665,6543413,6643504,6583718,6496410,6610320,6582476,6512467,6549074,6505727,6529452,6407043
19,0,0,3,6733252,6706400,6582932,6624343,6561553,6611758,6608410,6582755,6665081,6556384,6655639,6595965,6508744,6622916,6594889,6525501,6562989,6518534,6542149,6419934
20,31,0,3,6720788,6694237,6571023,6613070,6548583,6599680,6595806,6571133,6652527,6544154,6642750,6582968,6496188,6609608,6581388,6511996,6550205,6505797,6529111,6407070
21,0,0,3,6732863,6705739,6582902,6624554,6560165,6611060,6607417,6583132,6665055,6555933,6654899,6595381,6507665,6621116,6594034,6524522,6562385,6517658,6541829,6418585
22,31,0,3,6720353,6693790,6569966,6611646,6548518,6597923,6594916,6570320,6652308,6543261,6642059,6582900,6496214,6608932,6580849,6511538,6548793,6504803,6528595,6406248
23,0,0,3,6731801,6706193,6582326,6624546,6560536,6610568,6607492,6582243,6664749,6555413,6655007,6595255,6508137,6621977,6593173,6524100,6561887,6517315,6541326,6418484
24,31,0,3,6720474,6695016,6571233,6612766,6549270,6598835,6595897,6570528,6653272,6544071,6643290,6583547,6496878,6609513,6581827,6512337,6550228,6505671,6529572,6407386
25,0,0,3,6731955,6705749,6582330,6623896,6560255,6610208,6606333,6581420,6664217,6555524,6655029,6595208,6508273,6620928,6593471,6524041,6561813,6516961,6540578,6419418
26,31,0,3,6720321,6693575,6571073,6612299,6548742,6598631,6595513,6569634,6652302,6543799,6642467,6582590,6496430,6609419,6581131,6511630,6549359,6505241,6528485,6407640
27,0,0,3,6733762,6706606,6583733,6624273,6561490,6611012,6608319,6582214,6665419,6556762,6655773,6595775,6509876,6621785,6594403,6524285,6561850,6518394,6541868,6420627
28,31,0,3,6721276,6694933,6571914,6611664,6549301,6599071,6596061,6570936,6653270,6543834,6643021,6583410,6497836,6609557,6581594,6511640,6549190,6505927,6529305,6408180
29,0,0,3,6733273,6707187,6583566,6624282,6560732,6611308,6607974,6582889,6665281,6556008,6655135,6595237,6509092,6621722,6594369,6524059,6561870,6517812,6541317,6420033
30,31,0,3,6720849,6694294,6571254,6612719,6548499,6598715,6595325,6570051,6651861,6542804,6641810,6582401,6496260,6608893,6582083,6511062,6548227,6505139,6528357,6407555
31,0,0,3,6732537,6707324,6583471,6624821,6560909,6610782,6607572,6582590,6664862,6554648,6654730,6594661,6508377,6621416,6593989,6524780,6561872,6517818,6541109,6419871
32,31,0,3,6720756,6695544,6571856,6613086,6548970,6598816,6595546,6570887,6652669,6543158,6642187,6582789,6496605,6609411,6581411,6512146,6548953,6505085,6529050,6406889
33,0,0,3,6733727,6707536,6584114,6625312,6561144,6611763,6608229,6583432,6665085,6555589,6655310,6595457,6509047,6621994,6594583,6524977,6562118,6518484,6542192,6419675
34,31,0,3,6721553,6695542,6572198,6612797,6549344,6599949,6595964,6571633,6652958,6543836,6642598,6583296,6497048,6609847,6582352,6512544,6549769,6506130,6529482,6407517
35,0,0,3,6733356,6706938,6584223,6624635,6561558,6612535,6607955,6583063,6666149,6556895,6655400,6596123,6509293,6622040,6594025,6524623,6561672,6518514,6541906,6419851
36,31,0,3,6720345,6694045,6571582,6611830,6548504,6599489,6595262,6570184,6653554,6543762,6642005,6582574,6496634,6608746,6581060,6511027,6548746,6505524,6529169,6406674
37,0,0,3,6733031,6706359,6583360,6624680,6561323,6612249,6608551,6583552,6666107,6556710,6655505,6595188,6509621,6620841,6594272,6524663,6562726,6518809,6542388,6419712
38,31,0,3,6720751,6693566,6571087,6612105,6548189,6599050,6596064,6570876,6652948,6544269,6641916,6582763,6496806,6607867,6581346,6511318,6549840,6506346,6528971,6406805
39,0,0,3,6733922,6706386,6584552,6624642,6560814,6611851,6608737,6583645,6665780,6557242,6655250,6594929,6509185,6621278,6595254,6524619,6563205,6519521,6542234,6420077
40,31,0,3,6720608,6693489,6571333,6611733,6548067,6598917,6595190,6570875,6652941,6543813,6641718,6582138,6496113,6608528,6581992,6511757,6549201,6505959,6529028,6407762
41,0,0,3,6732071,6706028,6583432,6623437,6560813,6610799,6607531,6582873,6665301,6556059,6653824,6594192,6508269,6621445,6594376,6523824,6561909,6517330,6541993,6419512
42,31,0,3,6721339,6695435,6571901,6612293,6549686,6599836,6596525,6571223,6653281,6544175,6641835,6582926,6497314,6609260,6582913,6512204,6549807,6505805,6530525,6408070
43,0,0,3,6733706,6707412,6584137,6624742,6561806,6612392,6608652,6583451,6666042,6557325,6655057,6595740,6510090,6622249,6594733,6524727,6563082,6519077,6543104,6420411
44,31,0,3,6720564,6695393,6571756,6612295,6549306,6599872,6595708,6571215,6653020,6544023,6641645,6583265,6497480,6609105,6582092,6512298,6549035,6505598,6529704,6407769
45,0,0,3,6731656,6707403,6582939,6623785,6560046,6610885,6607586,6582135,6664534,6556202,6653530,6594757,6508636,6620930,6593298,6524108,6560613,6517486,6541993,6418599
46,31,0,3,6721112,6695401,6571263,6612473,6548316,6599400,6595992,6570863,6652874,6545169,6642082,6582678,6497024,6609602,6582665,6511744,6549705,6505597,6529659,6407514
47,0,0,3,6733872,6708567,6584132,6625030,6561067,6612107,6608794,6583163,6666151,6558052,6655330,6595821,6509777,6622768,6595689,6524693,6563194,6518593,6542708,6420684
48,31,0,3,6720917,6696616,6571629,6612243,6549633,6599290,6595892,6571202,6652714,6545287,6642886,6583103,6497411,6609800,6582688,6511888,6549160,6505720,6529571,6407701
49,0,0,3,6733002,6708098,6583953,6623868,6561104,6611280,6607847,6582670,6664806,6556201,6654625,6595657,6508743,6621890,6594677,6524670,6561665,6518161,6541304,6419750
50,31,0,3,6720862,6696201,6571744,6612322,6548562,6599025,6595889,6570140,6652624,6544564,6642067,6582610,6496729,6609092,6581523,6511327,6549086,6505406,6528902,6407419
51,0,0,3,6732751,6708243,6583819,6624986,6561566,6611215,6608254,6582630,6665582,6557516,6655437,6595559,6509216,6622149,6594862,6524189,6561922,6518350,6541860,6420467
52,31,0,3,6720750,6696578,6572051,6613218,6549296,6599773,6596563,6570594,6653290,6544728,6642196,6582791,6497367,6609861,6582212,6513060,6549526,6506160,6529699,6408498
53,0,0,3,6732187,6707212,6583275,6624207,6560486,6611402,6608265,6581589,6664563,6556337,6653595,6595206,6508091,6621356,6593657,6524242,6561352,6518417,6541098,6419843
54,31,0,3,6720806,6695853,6572094,6613290,6549562,6599025,6596361,6570275,6653333,6544890,6641849,6583849,6497630,6610128,6581920,6512585,6549647,6506591,6530151,6407310
55,0,0,3,6732381,6707026,6583753,6624220,6560512,6610941,6607847,6581942,6665232,6556543,6654325,6595544,6508481,6621227,6594655,6525522,6562419,6518570,6541994,6419820
56,31,0,3,6719881,6694831,6572337,6611982,6549003,6599462,6595885,6570044,6653320,6544226,6641415,6582933,6497019,6608261,6582247,6512799,6549469,6505973,6529471,6406776
57,0,0,3,6734050,6708053,6584897,6624981,6562403,6612464,6608479,6583670,6666545,6557997,6655146,6596573,6509746,6621964,6595739,6526145,6563408,6519573,6542921,6420454
58,31,0,3,6721111,6695527,6572454,6612438,6549271,6599876,6596087,6570559,6653085,6545080,6641909,6584173,6497111,6609345,6581879,6512398,6549700,6506586,6529365,6407629
59,0,0,3,6733475,6707974,6584565,6624970,6560944,6612705,6608269,6582933,6665920,6557079,6654510,6595975,6510060,6621613,6594549,6525454,6563225,6518591,6542287,6420481
60,31,0,3,6721436,6695137,6572126,6612357,6548856,6600359,6595905,6570923,6653625,6544795,6642338,6583716,6498271,6610395,6581648,6512509,6550326,6505681,6529537,6408641
61,0,0,3,6733733,6707763,6584289,6624736,6561068,6612475,6608796,6582842,6665934,6557295,6655329,6596436,6510673,6622234,6593638,6525451,6563434,6518638,6541695,6420674
62,31,0,3,6720487,6695362,6571549,6612221,6548802,6599706,6596155,6570151,6653204,6543762,6641708,6583583,6497611,6609026,6580506,6512525,6550126,6505042,6529307,6407858
63,0,0,3,6733329,6707560,6583118,6623899,6560584,6611625,6608356,6582355,6665900,6556373,6654008,6596029,6509232,6621672,6593976,6525493,6561942,6517885,6541905,6419426
64,31,0,3,6720512,6695166,6570748,6612361,6548129,6598710,6595381,6569396,6652252,6543968,6640907,6583290,6496211,6609235,6581035,6512060,6548566,6504927,6529518,6407236
65,0,0,3,6733427,6707844,6583128,6624624,6560739,6611682,6608215,6582377,6664854,6556493,6654362,6596386,6509000,6622080,6594319,6525196,6561540,6518055,6542707,6419657
66,31,0,3,6720618,6694453,6570435,6611622,6547873,6598397,6594905,6569394,6651275,6543302,6640522,6583014,6496347,6607902,6581156,6511611,6548181,6504911,6528698,6406609
67,0,0,3,6733233,6706647,6583122,6624980,6561217,6610494,6608185,6582496,6664839,6556444,6653805,6596132,6508532,6620467,6594703,6524954,6561421,6518147,6542290,6419400
68,31,0,3,6720979,6694685,6570848,6612616,6548664,6598855,6595988,6569822,6652409,6543511,6641689,6583691,6495585,6607776,6581738,6511888,6548453,6504909,6529855,6406897
69,0,0,3,6734646,6707633,6583277,6625312,6561258,6611635,6608657,6582732,6665486,6556866,6654304,6596449,6508368,6622022,6594819,6525679,6561697,6518376,6543510,6419691
70,31,0,3,6720924,6695430,6571321,6612639,6549236,6598893,6596364,6569832,6652530,6543888,6641444,6583696,6496328,6609351,6581617,6512513,6548559,6505302,6530599,6407452
71,0,0,3,6733343,6707170,6582802,6624328,6561486,6611384,6608833,6582437,6665312,6556831,6654347,6596213,6508700,6622173,6594340,6525201,6562130,6518922,6543306,6420226
72,31,0,3,6720906,6694926,6570281,6611246,6549180,6598861,6595627,6569792,6652148,6543646,6641128,6583351,6496172,6609086,6581500,6512035,6548889,6505153,6529696,6407702
73,0,0,3,6732771,6706948,6582104,6623523,6561352,6611079,6607819,6583105,6665164,6556098,6653818,6595760,6509019,6621585,6594109,6524833,6561661,6518427,6542767,6420136
74,31,0,3,6720631,6694392,6569307,6611325,6549753,6599183,6596413,6570383,6652503,6543970,6641319,6583442,6496380,6608999,6582020,6512362,6549007,6505829,6529869,6407508
75,0,0,3,6734186,6706902,6581905,6623866,6562187,6612278,6608605,6583248,6665154,6556971,6654407,6595760,6508963,6621534,6594106,6525338,6561686,6518897,6542125,6419820
76,31,0,3,6721955,6695308,6570974,6611882,6550003,6599831,6596247,6571326,6653477,6544170,6641269,6584054,6496631,6609740,6582041,6513004,6548484,6506787,6529780,6406763
77,0,0,3,6733784,6706411,6582421,6624406,6561656,6611947,6608044,6582524,6665758,6556829,6653815,6595594,6507981,6621690,6594172,6524529,6561598,6519179,6542265,6419620
78,31,0,3,6721524,6693362,6569983,6611935,6548793,6599365,6595273,6571044,6652955,6543695,6641291,6582871,6496007,6607775,6582102,6511762,6548208,6505792,6529371,6406967
79,0,0,3,6733547,6705771,6581869,6623378,6561004,6611058,6606774,6582757,6664563,6556260,6654467,6594915,6508113,6620514,6593729,6523992,6562033,6518598,6542248,6419576
80,31,0,3,6721444,6693603,6569399,6611262,6548447,6598900,6594514,6569960,6652070,6543208,6641471,6582483,6495434,6608328,6581266,6510822,6548764,6505599,6529118,6406691
81,0,0,3,6732979,6705862,6582257,6623235,6559913,6611226,6607388,6582767,6664525,6556083,6653961,6595412,6507459,6620419,6593124,6523869,6561275,6518386,6541732,6418433
82,31,0,3,6720924,6693459,6569881,6610823,6547859,6598144,6595612,6570444,6651795,6543176,6640941,6582768,6495326,6607732,6580540,6510483,6549169,6505685,6529230,6406795
83,0,0,3,6734111,6706756,6581949,6623442,6561279,6611553,6607802,6582971,6664563,6556491,6654469,6595967,6508340,6621236,6594704,6524521,6562039,6519067,6542244,6419563
84,31,0,3,6722084,6694712,6570164,6612302,6549410,6599430,6595928,6570737,6652188,6543969,6641939,6583691,6496543,6609089,6581309,6511803,6548926,6505777,6530153,6406937
85,0,0,3,6733333,6706336,6581934,6624642,6560468,6611198,6607774,6582990,6664183,6556335,6654754,6595301,6508382,6621312,6594354,6524351,6561530,6518260,6542501,6418435
86,31,0,3,6721144,6693341,6570344,6611751,6548156,6598995,6595270,6569970,6652317,6543935,6641283,6582659,6496055,6607815,6581527,6511070,6548419,6504766,6529142,6406164
87,0,0,3,6733369,6705964,6582239,6623475,6560826,6611415,6607513,6583404,6664179,6555777,6654318,6595750,6508173,6621038,6594620,6523941,6561542,6517957,6541543,6420028
88,31,0,3,6719975,6692932,6570324,6610940,6548328,6598249,6594512,6569988,6650718,6542089,6641358,6582473,6495709,6608219,6581114,6510429,6548350,6504853,6528672,6406930
89,0,0,3,6733120,6705674,6582173,6623229,6561247,6610656,6607745,6582680,6664408,6554527,6655239,6595949,6508113,6620742,6594103,6523573,6561950,6517591,6542759,6419408
90,31,0,3,6721345,6694064,6571039,6611592,6550245,6599765,6595827,6571134,6653085,6543056,6642909,6584080,6496383,6608840,6582030,6511700,6549585,6505990,6530339,6407628
91,0,0,3,6733579,6706649,6582494,6624271,6561330,6611880,6608311,6583143,6665116,6555795,6655089,6596605,6508355,6620785,6594793,6524261,6562556,6518768,6542852,6419923
92,31,0,3,6721062,6693679,6570129,6611676,6548736,6599421,6595469,6570517,6652479,6542718,6642050,6583218,6496107,6608021,6581479,6511062,6549937,6505407,6529754,6407601
93,0,0,3,6733929,6706514,6582336,6623875,6561347,6611712,6608482,6583356,6665223,6555959,6655701,6595951,6508947,6621804,6594982,6524600,6563405,6518226,6542911,6420091
94,31,0,3,6721464,6694251,6570266,6611867,6548877,6600131,6595624,6571155,6652795,6543099,6643170,6583893,6496126,6608627,6581864,6511935,6550384,6506474,6530265,6408047
95,0,0,3,6733519,6705768,6581221,6623664,6560861,6611829,6607511,6582908,6664956,6555258,6654507,6595521,6508021,6621225,6594422,6524016,6562863,6518129,6542815,6419875
96,31,0,3,6721532,6693749,6569404,6610944,6548634,6599434,6595168,6570232,6652500,6543571,6642340,6583160,6496222,6608271,6582130,6511243,6549627,6505609,6530399,6407224
97,0,0,3,6733838,6705308,6582106,6623198,6561427,6611658,6608286,6583403,6664963,6555675,6654603,6595852,6507993,6620919,6594688,6523924,6561660,6517913,6543267,6419884
98,31,0,3,6721188,6694113,6570766,6611651,6549998,6599611,6596651,6570658,6652992,6543353,6642274,6583802,6496408,6608143,6582747,6511558,6549074,6505916,6530634,6407833
99,0,0,3,6732893,6706093,6582101,6623122,6560619,6610877,6607606,6581930,6664138,6555168,6654841,6595281,6507991,6619774,6594734,6523815,6561684,6517809,6542075,6419774
100,31,0,3,6721156,6694215,6569502,6610199,6548358,6598736,6595390,6569402,6651768,6542770,6641815,6583625,6495224,6608011,6582095,6511087,6548585,6505185,6529597,6406895
101,0,0,3,6733583,6706503,6582183,6623148,6560365,6611591,6608027,6582542,6665165,6556180,6655110,6596040,6507517,6621067,6594999,6523842,6561542,6518709,6542592,6420091
102,31,0,3,6722013,6694928,6570825,6611377,6548897,6599313,6595892,6570554,6652807,6543820,6642533,6584113,6495960,6608569,6583383,6511186,6549456,6506156,6530028,6407712
103,0,0,3,6733661,6706627,6582128,6623349,6560593,6610824,6607406,6582241,6664507,6556079,6654580,6595367,6507799,6620556,6594851,6523767,6561832,6517941,6541908,6419014
104,31,0,3,6721553,6696225,6570714,6611946,6549386,6599264,6595861,6571147,6652825,6544235,6643100,6583427,6496784,6608371,6582365,6511909,6549475,6505992,6530272,6407639
105,0,0,3,6733217,6707418,6582570,6623527,6561452,6610946,6607707,6582748,6664557,6555846,6655132,6595083,6508410,6620946,6594243,6523528,6561770,6517848,6542405,6418872
106,31,0,3,6721202,6695511,6570547,6612041,6549472,6598566,6595539,6570034,6651781,6543384,6642340,6583076,6496550,6608663,6581370,6511943,6549188,6505102,6530005,6407499
107,0,0,3,6733197,6706433,6582176,6624032,6561196,6610409,6607101,6581600,6663597,6555709,6654304,6595137,6507894,6620244,6594134,6524277,6561567,6517813,6541784,6419203
108,31,0,3,6721840,6694305,6571251,6613246,6549746,6599683,6596256,6570702,6652259,6543996,6642099,6583623,6495969,6607751,6581586,6512424,6550074,6505840,6530420,6407872
109,0,0,3,6733695,6706193,6582694,6624734,6561220,6611635,6607816,6582793,6664040,6556383,6654295,6596036,6507820,6619588,6593890,6524665,6562445,6518381,6542478,6419784
110,31,0,3,6720213,6693604,6569673,6611800,6547756,6598270,6594669,6569340,6651040,6543553,6641101,6582896,6495779,6607616,6581294,6510971,6548941,6504472,6529372,6406989
111,0,0,3,6733658,6706402,6582067,6623421,6561028,6610027,6607228,6582230,6664255,6556249,6654275,6594839,6507714,6620895,6594291,6523445,6561672,6517140,6542519,6419886
112,31,0,3,6720579,6694510,6569684,6611309,6549221,6597793,6594465,6569868,6651613,6543333,6641956,6583099,6495894,6607992,6581848,6510616,6549345,6504633,6529801,6407624
113,0,0,3,6733539,6706679,6581956,6624843,6561228,6610587,6607034,6582471,6664808,6556345,6654836,6596116,6508638,6620634,6594497,6524315,6562226,6518096,6542697,6420852
114,31,0,3,6721052,6693972,6569661,6612166,6548230,6598327,6594376,6569593,6651468,6543250,6641531,6582882,6496058,6607825,6580906,6510039,6549092,6504976,6529478,6407547
115,0,0,3,6733054,6705982,6581683,6624083,6560624,6609933,6605779,6582090,6664301,6555859,6654112,6595430,6508760,6621412,6593425,6523403,6561357,6517777,6542087,6419617
116,31,0,3,6720444,6693807,6569922,6610966,6548532,6597511,6593525,6569169,6651952,6542481,6641587,6582630,6496955,6608307,6581214,6510950,6548114,6504822,6529375,6407409
117,0,0,3,6731524,6705588,6581837,6621465,6560140,6608884,6605559,6580559,6663441,6554440,6653628,6593633,6508547,6620006,6593515,6523827,6559991,6517378,6541411,6418896
118,31,0,3,6720561,6694585,6571299,6610933,6549559,6598498,6595049,6569858,6652072,6543896,6641292,6582912,6497036,6608920,6582143,6512287,6549081,6505686,6529849,6407230
119,0,0,3,6732507,6706567,6583187,6623450,6561212,6610479,6606424,6582447,6664604,6555430,6654194,6595367,6509001,6620899,6594776,6524573,6561418,6518139,6542245,6419820
120,31,0,3,6720379,6694500,6571064,6612019,6549130,6597879,6594638,6570747,6652289,6543110,6642162,6582923,6497379,6608660,6581860,6512142,6549623,6505750,6529723,6407235
121,0,0,3,6732381,6706257,6582271,6623882,6560501,6609709,6606504,6582432,6664942,6555514,6654450,6594500,6508441,6620036,6593998,6524392,6562389,6517726,6542037,6418617
122,31,0,3,6720754,6693843,6570162,6611642,6549087,6597724,6594811,6570137,6652635,6543525,6641459,6582263,6496474,6608584,6581108,6511346,6549600,6504968,6529619,6406360
123,0,0,3,6733006,6706692,6583017,6624048,6561124,6610667,6607166,6582428,6665039,6555824,6654585,6595038,6509306,6621100,6594524,6524431,6561569,6518665,6542923,6418969
124,31,0,3,6721607,6694115,6570717,6612284,6548884,6598990,6594860,6570587,6652691,6543634,6642030,6582962,6497309,6608598,6582669,6512075,6548988,6506203,6530598,6407168
125,0,0,3,6733197,6706335,6582795,6623609,6560711,6610777,6607175,6581948,6664450,6555589,6654132,6594928,6508778,6620904,6594639,6524361,6562049,6517937,6543083,6419508
126,31,0,3,6720802,6693232,6570689,6611499,6548207,6598028,6594083,6569210,6651347,6542620,6640667,6582109,6495712,6607346,6580849,6510997,6547849,6504592,6529854,6406245
127,0,0,3,6733422,6706133,6583212,6624085,6561750,6610797,6606430,6582524,6664621,6556063,6654489,6595109,6508994,6619647,6593737,6524583,6561135,6518217,6543496,6419711
128,31,0,3,6721405,6694492,6571507,6612702,6550906,6599359,6594834,6571064,6652736,6543407,6641743,6583858,6497495,6608377,6581839,6512133,6548407,6506425,6530552,6406958
129,0,0,3,6733405,6706311,6582836,6624000,6561934,6610641,6607203,6583173,6664570,6556035,6654426,6595195,6508379,6620504,6593808,6525060,6561175,6518647,6542045,6419315
130,31,0,3,6721187,6694241,6570482,6611939,6550256,6598327,6594864,6570559,6652475,6544076,6642447,6582878,6496228,6607536,6581451,6512372,6548771,6505491,6528816,6406922
131,0,0,3,6733604,6706583,6582411,6623882,6562352,6610576,6607344,6582379,6665126,6556134,6654565,6595052,6508539,6620382,6594581,6525390,6561588,6517939,6541788,6419348
132,31,0,3,6721124,6694646,6570087,6611442,6550065,6597302,6595320,6569540,6652270,6543310,6641046,6582243,6496220,6607544,6581733,6511973,6548593,6505272,6529097,6407129
133,0,0,3,6734304,6707835,6582879,6624665,6562250,6610692,6607425,6582290,6665350,6556331,6654730,6595842,6509261,6621557,6594038,6525136,6561921,6519251,6542360,6419625
134,31,0,3,6720925,6694720,6570215,6612498,6549891,6597706,6594581,6570269,6652046,6543951,6641943,6582768,6496176,6608177,6580737,6512105,6548601,6505975,6529489,6406700
135,0,0,3,6733020,6706175,6582074,6623031,6561234,6609643,6606488,6582553,6664270,6556013,6654244,6594883,6508842,6619896,6593581,6524727,6561561,6518185,6541256,6418659
136,31,0,3,6720980,6694633,6569714,6610835,6549913,6597747,6594620,6570020,6652157,6544445,6641485,6582858,6496728,6608219,6581212,6511754,6549228,6505711,6529176,6406064
137,0,0,3,6733553,6707411,6582782,6624488,6561309,6610530,6607719,6583356,6665328,6557436,6654644,6596070,6509538,6621310,6594483,6524951,6562642,6519210,6542670,6419718
138,31,0,3,6720586,6694467,6570006,6611901,6548187,6597602,6594801,6570278,6652222,6543634,6641114,6582612,6495932,6608406,6581982,6511463,6548744,6506280,6529626,6405695
139,0,0,3,6732151,6705752,6580740,6622454,6560303,6609584,6606259,6580825,6663723,6555333,6652310,6593881,6507479,6619098,6593442,6523507,6560550,6517732,6541210,6416917
140,31,0,3,6720854,6694202,6569643,6610256,6549000,6597990,6595228,6569901,6652056,6543747,6640498,6582108,6496551,6608014,6582181,6511624,6549042,6505218,6528371,6406445
141,0,0,3,6732607,6705644,6581534,6622441,6561429,6609897,6606780,6581561,6665236,6556733,6653068,6594539,6508055,6619231,6594262,6524513,6560450,6517751,6541219,6417958
142,31,0,3,6720669,6694103,6569241,6610608,6549464,6597808,6594000,6569159,6652609,6544170,6640855,6582263,6496275,6607005,6581363,6511924,6548242,6505188,6528827,6405348
143,0,0,3,6733947,6706756,6582100,6623418,6562385,6610758,6606452,6582305,6665620,6557507,6653907,6595506,6509324,6621182,6595434,6525957,6562338,6518936,6542269,6418354
144,31,0,3,6720509,6693488,6569416,6610429,6549129,6597377,6594263,6569144,6652624,6543659,6641012,6582254,6497016,6607824,6581428,6511819,6549002,6505047,6528755,6405569
145,0,0,3,6732731,6705881,6581767,6622620,6561079,6609689,6606205,6581690,6664877,6557718,6653474,6594339,6509256,6619939,6593383,6524839,6561233,6517353,6541817,6418435
146,31,0,3,6721018,6694262,6570404,6610725,6549722,6597621,6594710,6570664,6652878,6545087,6641529,6582412,6497142,6608513,6580923,6512399,6548899,6505603,6529870,6406942
147,0,0,3,6733659,6706175,6582606,6623242,6561698,6609884,6606705,6583133,6665141,6556986,6654538,6594816,6509789,6621280,6593934,6524886,6561729,6518557,6542338,6419553
148,31,0,3,6722178,6695020,6571446,6612337,6550862,6599193,6595274,6571621,6653662,6545949,6642885,6583830,6498874,6609314,6583281,6513534,6549731,6506534,6531137,6408674
149,0,0,3,6733147,6706120,6581768,6623133,6561372,6609714,6606635,6583182,6665318,6557368,6653612,6595405,6509599,6620030,6594877,6525143,6561595,6518596,6542622,6419107
150,31,0,3,6721021,6694334,6570095,6610867,6549152,6597415,6594245,6570522,6652783,6544037,6640699,6582583,6496793,6607812,6581513,6512096,6548059,6505937,6529476,6406595
151,0,0,3,6733297,6706389,6581861,6622650,6560842,6609602,6605935,6582115,6664742,6556871,6653553,6595139,6508470,6620977,6593944,6524826,6561052,6518132,6542118,6418895
152,31,0,3,6721433,6694841,6570729,6610606,6549196,6598019,6594895,6570493,6652635,6544550,6641544,6583114,6496930,6608938,6580892,6512055,6548125,6506097,6529882,6406890
153,0,0,3,6734264,6707964,6583347,6623401,6561502,6610977,6607520,6582381,6665820,6556593,6654702,6595488,6509413,6621517,6593993,6525329,6562256,6519701,6543403,6419141
154,31,0,3,6721405,6694702,6570445,6611278,6548540,6598209,6595407,6570148,6653499,6543888,6641710,6582516,6497393,6608330,6580567,6512222,6548970,6506619,6530666,6406006
155,0,0,3,6734181,6706852,6582610,6624392,6560852,6610667,6607227,6582682,6665833,6556549,6654847,6595330,6509682,6621037,6593164,6524930,6561818,6519019,6543302,6418703
156,31,0,3,6721774,6694948,6570664,6611151,6548582,6598393,6595212,6570474,6653589,6543834,6642318,6583238,6496814,6609130,6581146,6512253,6549146,6506729,6530085,6406732
157,0,0,3,6733822,6707639,6582411,6623444,6561731,6610740,6607647,6583005,6665827,6556603,6655143,6595661,6509181,6621530,6593808,6525108,6562570,6519401,6542730,6419474
158,31,0,3,6721123,6694754,6570663,6610701,6548988,6597930,6594946,6570323,6652799,6543499,6641672,6582040,6496945,6608767,6580530,6511765,6548901,6506014,6529595,6406848
159,0,0,3,6733409,6706754,6582464,6622491,6561055,6610535,6607701,6582715,6664973,6556663,6654434,6595044,6508894,6621195,6593346,6524722,6561714,6518710,6542488,6419442
160,31,0,3,6721753,6694567,6570734,6612028,6548853,6598592,6595876,6570524,6652396,6544455,6641423,6582401,6496586,6609085,6581212,6511865,6548950,6506015,6530740,6407720
161,0,0,3,6734149,6706988,6583025,6624953,6561432,6611198,6607922,6583060,6664959,6557088,6654180,6595000,6508853,6621395,6593783,6524796,6561540,6518887,6543311,6419383
162,31,0,3,6722119,6695536,6571271,6612392,6549542,6599125,6596364,6571373,6652961,6544505,6641518,6583612,6497469,6609445,6582491,6511851,6549438,6506609,6530802,6407126
163,0,0,3,6734430,6707892,6583958,6624713,6562273,6611323,6608913,6583461,6665475,6557042,6654553,6596163,6510094,6621614,6594009,6525202,6562915,6519396,6543273,6419638
164,31,0,3,6720839,6695198,6570189,6611898,6549380,6598764,6596121,6570231,6652024,6543737,6641377,6582960,6497054,6608684,6579514,6511625,6549005,6505498,6529293,6406573
165,0,0,3,6733578,6707396,6582497,6624878,6560933,6610820,6608608,6582769,6664236,6557379,6654349,6595098,6509947,6619785,6593083,6525236,6561548,6517950,6542469,6419388
166,31,0,3,6721764,6695940,6571626,6612881,6549739,6598870,6596640,6570871,6653122,6545266,6642669,6583592,6497843,6609594,6581737,6512463,6549434,6506342,6530553,6406906
167,0,0,3,6733717,6707711,6582957,6624527,6561424,6611334,6608919,6583180,6665611,6557375,6654876,6595666,6509462,6621855,6594886,6525615,6562031,6518901,6543115,6419492
168,31,0,3,6722218,6695538,6570948,6612075,6549251,6598301,6596552,6570436,6653019,6544436,6641945,6583577,6497546,6608814,6581280,6512850,6548575,6506001,6530799,6407249
169,0,0,3,6733665,6706425,6581963,6623202,6560886,6610050,6608026,6582474,6665019,6556303,6653754,6595138,6509028,6620253,6592588,6524800,6561053,6518377,6542728,6418090
170,31,0,3,6722386,6695147,6570946,6613079,6549820,6598870,6596975,6571115,6653113,6544420,6641988,6583996,6497551,6608519,6580343,6512456,6549661,6506593,6530704,6406910
171,0,0,3,6733609,6706527,6582269,6624642,6561332,6609729,6607869,6582842,6664742,6556206,6654178,6595476,6509275,6620500,6593291,6524816,6562060,6518219,6542707,6418897
172,31,0,3,6721635,6694338,6570499,6612795,6549242,6598171,6595900,6570776,6652877,6544469,6642058,6583275,6497057,6607851,6580856,6512250,6549342,6505431,6530600,6406376
173,0,0,3,6734535,6706091,6582920,6624630,6561580,6610287,6608320,6583169,6665716,6557533,6654619,6595877,6508627,6620810,6593113,6525190,6562322,6518189,6543095,6419622
174,31,0,3,6721839,6692966,6569761,6612130,6548362,6597039,6594740,6569886,6652388,6544637,6641019,6582624,6496048,6607805,6579970,6511696,6548082,6505172,6529336,6406167
175,0,0,3,6734677,6706426,6583139,6625404,6561559,6611193,6608200,6582948,6666512,6558265,6654944,6596644,6509456,6621674,6593974,6525622,6562193,6519187,6543107,6419634
176,31,0,3,6721091,6693106,6570039,6611713,6549316,6597969,6595126,6570267,6652826,6544068,6641345,6583480,6496384,6607979,6581198,6512060,6548155,6505517,6529497,6407077
177,0,0,3,6734147,6706446,6582485,6624308,6562004,6611053,6608691,6583032,6665883,6557815,6654081,6595971,6509078,6621331,6594422,6525637,6561550,6518717,6542400,6419881
178,31,0,3,6721511,6694026,6570329,6612482,6549373,6597982,6596423,6570280,6653710,6544718,6641784,6583083,6496321,6608589,6581721,6512704,6547899,6505527,6529440,6406445
179,0,0,3,6733042,6706610,6581952,6625057,6561565,6610263,6608597,6582574,6665361,6556588,6653838,6595719,6509382,6621360,6594254,6525476,6561243,6518885,6542127,6419434
180,31,0,3,6721017,6693261,6569239,6611931,6548986,6597075,6595302,6569701,6652247,6543619,6640187,6581962,6495965,6607439,6580028,6512390,6548141,6504765,6528975,6406737
181,0,0,3,6733342,6705839,6582337,6624599,6562431,6609997,6608033,6582722,6665512,6555434,6653357,6595049,6508856,6619363,6594000,6525776,6562013,6518437,6541742,6418952
182,31,0,3,6722030,6694598,6570856,6613147,6550542,6598702,6595445,6570868,6652813,6544284,6641198,6582989,6497014,6608486,6581664,6513373,6549766,6506196,6529366,6406782
183,0,0,3,6734616,6706371,6582939,6626150,6562587,6610644,6608036,6583061,6664933,6556818,6654216,6595420,6509002,6620181,6594359,6525527,6562486,6518478,6542083,6419205
184,31,0,3,6722314,6693803,6570720,6614198,6550080,6599165,6595869,6570666,6653557,6545026,6641520,6582762,6496664,6608754,6581389,6512994,6549957,6505763,6529793,6406734
185,0,0,3,6735009,6706184,6582751,6626110,6562723,6611410,6608280,6583042,6666311,6557617,6654499,6595921,6509988,6621645,6595148,6526467,6562988,6518725,6543169,6419709
186,31,0,3,6721005,6693398,6570504,6613191,6549788,6598448,6594880,6569675,6652957,6544593,6641093,6582707,6497301,6608476,6581722,6511923,6548844,6505241,6529414,6407175
187,0,0,3,6734007,6705740,6582251,6625813,6562057,6610668,6607429,6582181,6665430,6555903,6653561,6595033,6509832,6620870,6594375,6525119,6562031,6518216,6541765,6419534
188,31,0,3,6722033,6694196,6571046,6613459,6550037,6598634,6595983,6570798,6653346,6545259,6641577,6583194,6497803,6609673,6582485,6513013,6549890,6506309,6530063,6407426
189,0,0,3,6734976,6707592,6583746,6625220,6562420,6610763,6608501,6583661,6665987,6557701,6655425,6595541,6510359,6621844,6595544,6525910,6563186,6519057,6543081,6419906
190,31,0,3,6722169,6694429,6570729,6612772,6549878,6597858,6595092,6570153,6652662,6544395,6642022,6581842,6497292,6609248,6581736,6512382,6548459,6506260,6529401,6407389
191,0,0,3,6735398,6707205,6583733,6625862,6562197,6610829,6607632,6582949,6666248,6557511,6655160,6594699,6510284,6621831,6594942,6525223,6562705,6519225,6543298,6420474
192,31,0,3,6722577,6695036,6571274,6612956,6549501,6598478,6595214,6570621,6653186,6544240,6641679,6581762,6497524,6608150,6581656,6511613,6549746,6506133,6529791,6407664
193,0,0,3,6734929,6707647,6583170,6625615,6562145,6611549,6607642,6583438,6665875,6557769,6654405,6595381,6510202,6621900,6594039,6525526,6563099,6518811,6542974,6420673
194,31,0,3,6722106,6695499,6571467,6612422,6549988,6598902,6595819,6571495,6652766,6544650,6641863,6582867,6497523,6609820,6582225,6512903,6549807,6505579,6530303,6406891
195,0,0,3,6734573,6707475,6583201,6624507,6561829,6610978,6607553,6583284,6665312,6556917,6654759,6595332,6510166,6621001,6595107,6525527,6562521,6518951,6543593,6418884
196,31,0,3,6721486,6694638,6571296,6612560,6549332,6598157,6595061,6571081,6652681,6544183,6642174,6583082,6497364,6608408,6582017,6512372,6549933,6506341,6530201,6406883
197,0,0,3,6733584,6707131,6583531,6625247,6561556,6611044,6607459,6582773,6664938,6556679,6654698,6596300,6509697,6620817,6594468,6524790,6562915,6518902,6541806,6418908
198,31,0,3,6720720,6694549,6570539,6612729,6549337,6598802,6594561,6569971,6651946,6543279,6641757,6583416,6496776,6607365,6582122,6511848,6549793,6505464,6529067,6406069
199,0,0,3,6734367,6707061,6583081,6625426,6561502,6610532,6607495,6583260,6665240,6556520,6654468,6596505,6509322,6620186,6594674,6525049,6562970,6518904,6542462,6419142
200,31,0,3,6721722,6694593,6570100,6612850,6549722,6597935,6594448,6570474,6652686,6544543,6642145,6583490,6497188,6607106,6582232,6512830,6549809,6506002,6529726,6406697
201,0,0,3,6734016,6707104,6582221,6625072,6561715,6610348,6606297,6583481,6665403,6556826,6654856,6595791,6509327,6620218,6594609,6525731,6562171,6518248,6542571,6418980
202,31,0,3,6722011,6695346,6570887,6613135,6549805,6598802,6594378,6571489,6653417,6543814,6642345,6584001,6497219,6608648,6582503,6513156,6549841,6506519,6530379,6406788
203,0,0,3,6733552,6705848,6581740,6623992,6561363,6610134,6605994,6582359,6664877,6555937,6653767,6595589,6508313,6620568,6593633,6524219,6561793,6517667,6541686,6417824
204,31,0,3,6721560,6694317,6570043,6612817,6550323,6598357,6594669,6571300,6652943,6544719,6641114,6584221,6496227,6608699,6582058,6511963,6549513,6505862,6530189,6406356
205,0,0,3,6732835,6705987,6581635,6624826,6561295,6610106,6606539,6583111,6664943,6557167,6653747,6596208,6508765,6620089,6594383,6524206,6561371,6518421,6542950,6418868
206,31,0,3,6722256,6693975,6570031,6613288,6549951,6598154,6595244,6570735,6652662,6544986,6641886,6584184,6497238,6609082,6581786,6511564,6549376,6506281,6530277,6406722
207,0,0,3,6734911,6706620,6582936,6625547,6562390,6610714,6607827,6583947,6665762,6556809,6654897,6597235,6509875,6621802,6595296,6524836,6562466,6519083,6543263,6419433
208,31,0,3,6722891,6694584,6571364,6613013,6550076,6598110,6595982,6571663,6653144,6544163,6642085,6585144,6496870,6609159,6582825,6512501,6549926,6506577,6530479,6407311
209,0,0,3,6734576,6706346,6583190,6624824,6562728,6610655,6607926,6583866,6665555,6556944,6654417,6597573,6508855,6621172,6595575,6525218,6562359,6518966,6543318,6419551
210,31,0,3,6721998,6694491,6571929,6613265,6550986,6598355,6595435,6572261,6653951,6544835,6641959,6585595,6497702,6609315,6583067,6512892,6550421,6506609,6531077,6407884
211,0,0,3,6734287,6706832,6582989,6625155,6562557,6610867,6607739,6583906,6666091,6557874,6653607,6597318,6510178,6621845,6595334,6526063,6562686,6519457,6543887,6419967
212,31,0,3,6722673,6694981,6571578,6613133,6551169,6598935,6596425,6572342,6654161,6545276,6641143,6585423,6498220,6609657,6582570,6513385,6550385,6506792,6531600,6408090
213,0,0,3,6733783,6705356,6582520,6624720,6562084,6610322,6608103,6583871,6665477,6556407,6653387,6596674,6509954,6620296,6595266,6524692,6562516,6518338,6543175,6419037
214,31,0,3,6721682,6692726,6570628,6612981,6550604,6598231,6595719,6571892,6653716,6544299,6640902,6584270,6497529,6607499,6582679,6512479,6550258,6506472,6530069,6407362
215,0,0,3,6734440,6704773,6582435,6625052,6563071,6610066,6608029,6583217,6665486,6557489,6653774,6596702,6509789,6620755,6595126,6525205,6562944,6518783,6542522,6419644
216,31,0,3,6723336,6694106,6571680,6613916,6551325,6598698,6597387,6572003,6653822,6546524,6641408,6585241,6498039,6609655,6583147,6513669,6551463,6507271,6530656,6407558
217,0,0,3,6734478,6704952,6582410,6624770,6561745,6609396,6607189,6582950,6665026,6556826,6653133,6596285,6509361,6620749,6594355,6524286,6562834,6518181,6542277,6419168
218,31,0,3,6721552,6693701,6570050,6612437,6549411,6596659,6595228,6569707,6652833,6544357,6639940,6583781,6496885,6607602,6581264,6511088,6549674,6505273,6528964,6406252
219,0,0,3,6735011,6706531,6582999,6625234,6562382,6610342,6608853,6583241,6665615,6556734,6654392,6596613,6510067,6620750,6595092,6524964,6563627,6518710,6542669,6419506
220,31,0,3,6722317,6694562,6570644,6613110,6550779,6598346,6596581,6571372,6653398,6544322,6641924,6584624,6498090,6608917,6582721,6512577,6550632,6506570,6530726,6406842
221,0,0,3,6734388,6706431,6582478,6625434,6561981,6609991,6608012,6582482,6664978,6556794,6653729,6596320,6509194,6620578,6594915,6524961,6562539,6518286,6542813,6419279
222,31,0,3,6723099,6694721,6571393,6613451,6550322,6597988,6596168,6570281,6653263,6544087,6641417,6583994,6497279,6607709,6581824,6512761,6549457,6505549,6529843,6407357
223,0,0,3,6734061,6706251,6583506,6624804,6562037,6610057,6607279,6582808,6665604,6556608,6653637,6596111,6509737,6620340,6594453,6525128,6562172,6518310,6541425,6419087
224,31,0,3,6721999,6694398,6571750,6613182,6550141,6598494,6595675,6570927,6653172,6544625,6641173,6584391,6497407,6608708,6582569,6513121,6550048,6506273,6529212,6406904
225,0,0,3,6733262,6705513,6582487,6624188,6560938,6609403,6606963,6581597,6663813,6555968,6652861,6595610,6508856,6619636,6593823,6524842,6561526,6517695,6540897,6417759
226,31,0,3,6721206,6694104,6571208,6612468,6549577,6597858,6595776,6570005,6652430,6544371,6641172,6584170,6497345,6608396,6581944,6512534,6549687,6505572,6528982,6406849
227,0,0,3,6733075,6705957,6582272,6624387,6561393,6609403,6607700,6582259,6664321,6556533,6654113,6596108,6509436,6620437,6594066,6525125,6562631,6518454,6541204,6418482
228,31,0,3,6721104,6693835,6570894,6612407,6549380,6597482,6595819,6570291,6652533,6544962,6641002,6583907,6497082,6608347,6581612,6512579,6549751,6506274,6529394,6406509
229,0,0,3,6733015,6705904,6582044,6624461,6560716,6609816,6606803,6581929,6664525,6556699,6653334,6595439,6508881,6620118,6594001,6524447,6561980,6518133,6541447,6418237
230,31,0,3,6720957,6694279,6570844,6612223,6549332,6597607,6595042,6569530,6652616,6544812,6640488,6583281,6497049,6607143,6581366,6512130,6549154,6505609,6529674,6406868
231,0,0,3,6732987,6706412,6583002,6625049,6561805,6609815,6607660,6582320,6665288,6557329,6653179,6595668,6509722,6620537,6594164,6525592,6562239,6518543,6542548,6419163
232,31,0,3,6720289,6693949,6570306,6612570,6549677,6596749,6594661,6569880,6652051,6543879,6639678,6582769,6497263,6608482,6581444,6512077,6548888,6505312,6529673,6406316
233,0,0,3,6732342,6705286,6581839,6623849,6560536,6608268,6606430,6581602,6664347,6555864,6651781,6594868,6508703,6621201,6593070,6524073,6562190,6517506,6542099,6418282
234,31,0,3,6720729,6694471,6570483,6612763,6548998,6597030,6594952,6569853,6652821,6544578,6640313,6583336,6497084,6608995,6581010,6512093,6549809,6505953,6530214,6407109
235,0,0,3,6732834,6706262,6582657,6624302,6560704,6608752,6605948,6581701,6664450,6556143,6652842,6595217,6509055,6621314,6593623,6524209,6561901,6518370,6542707,6418376
236,31,0,3,6720509,6693799,6570269,6611843,6548290,6596579,6594187,6569129,6651976,6544416,6639863,6582408,6496556,6608800,6580702,6511121,6548610,6504523,6529568,6406206
237,0,0,3,6732535,6706017,6581642,6623548,6560684,6609512,6606759,6581599,6664326,6556701,6652596,6595133,6508865,6620954,6593625,6524129,6562451,6517275,6542484,6418275
238,31,0,3,6720458,6693540,6569530,6610679,6548286,6596460,6594166,6569241,6651846,6543133,6639696,6582832,6496380,6607730,6580629,6511695,6549262,6504660,6529572,6405964
239,0,0,3,6733040,6705258,6582949,6623455,6561428,6609519,6607166,6582891,6665463,6556872,6653509,6595835,6509958,6620848,6593994,6525024,6562539,6517994,6543171,6419246
240,31,0,3,6720921,6692846,6570418,6611337,6548863,6596801,6594765,6570344,6651890,6544272,6639955,6583184,6497603,6608342,6580498,6511796,6549376,6504861,6529938,6406736
241,0,0,3,6732597,6704889,6582229,6623848,6560936,6609211,6606437,6581947,6664238,6556389,6652328,6595486,6509373,6620426,6592507,6524781,6562216,6516939,6542544,6418604
242,31,0,3,6720356,6692503,6569913,6612035,6548943,6597016,6594242,6568811,6651592,6544339,6640077,6582328,6496194,6607385,6579463,6511480,6548737,6504429,6529737,6406367
243,0,0,3,6732648,6704668,6582429,6624651,6561315,6609406,6606476,6581791,6663867,6556671,6652969,6595347,6509285,6620800,6593051,6524414,6561625,6517820,6542494,6419590
244,31,0,3,6720363,6692299,6569216,6611294,6548095,6596696,6594017,6569541,6650750,6543796,6639853,6582215,6496397,6607638,6579877,6510894,6548602,6504423,6529031,6406672
245,0,0,3,6732854,6704142,6581588,6623273,6560682,6609048,6607063,6581136,6663381,6555952,6652613,6594553,6508958,6620493,6592165,6523124,6560941,6516942,6541908,6418700
246,31,0,3,6720886,6692450,6570123,6611433,6549211,6597102,6595000,6569592,6651412,6543737,6640478,6582344,6496621,6608625,6579425,6510647,6549050,6504668,6529597,6406789
247,0,0,3,6733547,6704311,6582600,6623732,6562134,6609704,6607782,6582222,6664153,6556175,6653833,6595469,6509207,6621671,6592864,6524424,6562269,6518282,6542179,6419412
248,31,0,3,6721163,6692468,6570515,6611713,6550505,6597576,6595092,6569387,6651273,6544143,6640551,6583182,6497025,6608466,6580673,6511763,6549062,6505872,6529448,6406950
249,0,0,3,6732993,6704703,6582327,6623705,6561371,6609027,6606587,6581627,6663507,6556611,6652081,6595392,6508816,6620145,6593072,6524380,6561426,6517390,6541701,6419047
250,31,0,3,6721747,6693643,6570716,6612272,6549369,6596989,6594320,6569470,6651779,6543882,6639914,6583372,6497046,6608836,6581428,6512075,6548860,6505301,6529337,6406781
251,0,0,3,6733737,6706635,6582775,6624820,6562897,6610582,6607760,6582835,6665583,6557857,6653664,6596833,6510376,6622616,6594581,6526046,6562776,6518540,6542561,6419407
252,31,0,3,6719602,6693689,6570040,6611865,6548996,6597734,6594236,6569735,6651639,6543506,6639656,6582952,6497202,6608504,6580780,6512515,6548735,6505376,6528549,6405514
253,0,0,3,6732602,6706984,6582497,6625172,6562212,6610334,6607936,6582376,6665101,6557081,6653422,6596254,6510093,6621425,6593903,6526109,6563126,6518530,6542070,6418459
254,31,0,3,6720707,6694864,6569985,6613059,6549351,6597576,6595056,6569589,6652848,6544710,6640726,6584031,6497516,6608844,6580989,6513270,6548971,6506430,6529801,6406289
255,0,0,3,6733194,6706908,6582067,6625166,6562029,6610169,6608301,6581951,6664913,6557629,6653422,6596749,6510319,6621373,6593628,6526084,6562164,6518886,6543011,6419228
256,31,0,3,6721965,6694775,6570571,6614053,6550308,6598323,6595888,6570656,6653071,6545695,6641220,6584841,6498099,6609691,6581814,6513585,6549837,6506899,6531481,6407133
257,0,0,3,6733175,6706042,6582254,6625351,6561379,6610233,6607515,6582502,6664790,6557292,6653109,6596517,6509674,6622136,6594206,6525563,6562337,6518574,6543277,6418832
258,31,0,3,6721378,6694261,6571235,6614307,6549675,6598799,6595363,6571078,6653321,6544759,6641006,6584517,6497374,6609837,6582706,6513186,6549448,6506809,6530645,6407239
259,0,0,3,6732554,6706056,6581756,6624842,6560700,6610539,6606418,6582720,6664558,6556716,6652601,6595327,6509126,6621641,6593906,6524612,6561139,6518446,6541697,6418821
260,31,0,3,6721242,6694516,6571150,6613679,6549742,6598525,6595979,6571217,6653422,6545670,6641049,6583944,6497546,6610643,6581068,6512726,6549540,6506862,6530314,6407671
261,0,0,3,6733667,6706561,6583079,6626309,6561892,6611373,6608332,6583197,6665522,6558367,6654198,6595875,6509548,6622523,6594733,6525367,6562132,6519764,6543123,6419991
262,31,0,3,6721238,6693982,6571019,6614031,6549664,6598616,6595131,6570286,6652444,6545674,6641823,6583226,6497157,6609821,6582221,6512666,6549437,6506725,6530508,6407165
263,0,0,3,6732191,6704781,6581714,6624538,6560480,6609960,6605671,6581946,6664027,6555943,6653407,6594292,6507967,6619872,6592845,6524174,6561400,6518554,6542045,6418123
264,31,0,3,6720985,6693751,6570256,6613357,6549473,6597438,6594558,6570343,6652389,6544304,6641300,6582202,6496166,6607734,6580483,6511608,6548910,6506182,6529829,6406095
265,0,0,3,6733312,6705731,6581950,6625135,6561694,6609643,6606954,6582860,6665596,6556794,6653959,6595072,6508828,6621009,6594195,6524212,6561784,6518700,6541822,6418255
266,31,0,3,6720799,6693037,6570970,6612811,6549901,6597798,6595265,6570393,6653791,6544281,6641262,6583003,6496383,6608897,6581168,6512175,6549522,6506045,6529469,6405948
267,0,0,3,6733789,6705755,6583055,6625377,6562477,6611225,6607911,6582991,6666272,6558176,6655042,6596985,6509109,6621565,6594606,6526090,6562662,6518913,6542420,6418998
268,31,0,3,6720339,6692089,6570510,6611871,6549694,6598362,6594668,6569722,6652734,6544462,6641334,6583518,6495788,6608762,6580846,6511376,6548672,6505615,6529161,6406452
269,0,0,3,6733161,6704653,6582783,6623535,6562624,6610579,6606982,6582268,6665339,6557051,6654106,6595580,6507830,6622371,6593919,6524899,6561645,6518556,6542806,6418809
270,31,0,3,6721792,6693449,6571307,6612492,6550492,6598954,6594669,6571140,6653447,6545080,6641858,6583570,6496328,6610292,6582523,6512331,6549711,6506955,6530725,6406282
271,0,0,3,6733961,6704825,6582524,6623445,6561956,6610383,6607379,6582145,6665934,6557154,6653901,6595817,6507619,6620978,6594405,6524723,6561293,6518651,6542199,6418386
272,31,0,3,6721448,6693569,6570274,6611717,6549543,6598202,6595037,6569665,6652474,6544232,6641974,6583064,6496262,6608071,6581411,6511542,6548087,6505952,6529646,6405565
273,0,0,3,6733841,6705950,6583093,6624656,6561266,6611024,6607783,6582624,6665261,6556968,6654918,6596304,6508964,6621269,6594564,6524356,6561544,6518644,6542595,6419230
274,31,0,3,6721560,6692884,6570956,6612355,6549692,6598596,6595508,6570322,6652195,6544176,6641354,6583649,6496168,6608851,6581048,6511228,6549062,6505397,6529580,6406398
275,0,0,3,6733632,6705432,6582610,6624489,6561944,6611085,6607799,6583255,6664972,6557481,6655080,6596582,6508640,6622153,6593074,6524635,6561647,6517733,6542441,6419177
276,31,0,3,6721709,6693714,6570595,6612194,6549726,6598590,6595003,6571436,6652725,6545011,6641803,6583800,6496844,6609429,6580374,6512179,6548740,6506149,6529847,6407163
277,0,0,3,6733951,6705806,6582406,6624748,6562332,6610696,6607381,6582789,6665010,6557931,6654328,6596227,6508813,6621328,6592879,6524463,6561455,6518853,6542629,6419482
278,31,0,3,6722316,6694340,6571218,6613477,6550547,6599168,6596109,6571255,6652843,6545607,6642952,6584787,6497620,6609774,6582713,6512414,6549471,6507056,6530889,6408057
279,0,0,3,6733220,6705303,6582177,6624288,6561577,6610108,6607852,6582708,6664847,6556919,6654538,6596500,6509051,6621217,6594229,6523637,6561547,6518699,6542101,6419187
280,31,0,3,6722633,6693456,6570867,6612913,6549433,6598516,6596449,6570946,6653165,6545217,6642145,6584369,6497581,6609549,6582624,6512101,6549817,6506857,6530454,6407268
281,0,0,3,6734445,6706087,6582719,6624767,6561786,6610969,6608524,6582928,6665463,6557324,6654643,6596725,6509379,6622749,6594601,6524286,6562858,6518866,6543419,6420071
282,31,0,3,6721593,6693204,6570521,6612317,6549885,6597586,6595700,6569928,6652377,6545062,6642012,6584444,6496731,6609017,6581865,6511674,6550126,6506726,6530167,6407990
283,0,0,3,6733041,6706222,6582570,6624758,6561480,6609855,6608478,6582360,6664979,6557026,6654402,6596410,6509358,6621139,6594044,6524461,6562622,6518549,6542473,6420423
284,31,0,3,6720943,6693629,6569933,6612478,6548857,6596944,6595679,6569729,6652189,6543599,6641717,6583470,6496336,6608989,6581046,6510889,6549406,6504977,6529314,6407190
285,0,0,3,6734305,6705251,6582317,6624147,6561117,6609575,6607857,6581951,6664517,6555464,6654570,6595754,6508638,6621603,6594309,6524682,6562965,6517897,6542266,6418984
286,31,0,3,6722332,6693644,6570537,6612579,6549525,6597245,6596128,6571127,6652405,6544064,6642451,6583923,6497201,6609382,6582459,6512186,6550591,6505953,6530009,6406469
287,0,0,3,6732165,6704561,6581662,6624560,6560803,6609003,6606717,6582309,6664412,6555699,6654484,6595515,6508281,6620987,6594244,6524359,6561944,6517640,6542084,6419007
288,31,0,3,6720049,6693165,6569925,6612238,6548399,6597240,6595152,6570367,6652453,6543501,6641796,6583419,6496592,6608386,6581885,6511623,6549137,6505545,6530008,6406761
289,0,0,3,6732589,6705832,6582444,6624980,6560998,6610149,6607752,6582888,6665079,6557183,6654924,6596236,6509606,6622015,6595305,6524785,6562353,6518628,6542788,6419616
290,31,0,3,6721424,6694281,6571005,6612959,6549187,6597879,6595939,6570834,6653065,6544424,6642235,6583733,6497398,6609326,6582333,6511639,6549158,6506372,6530420,6407545
291,0,0,3,6733870,6706065,6582483,6625074,6562099,6611150,6607754,6583313,6666017,6557127,6655176,6596530,6509773,6622323,6594774,6524949,6562028,6519463,6542952,6419206
292,31,0,3,6721380,6693953,6570169,6612764,6550197,6598381,6596123,6571148,6653038,6544911,6642558,6584563,6497423,6610344,6582156,6512164,6549851,6506480,6530417,6406925
293,0,0,3,6733145,6705667,6581812,6624661,6561632,6610211,6607746,6582838,6665413,6556617,6654156,6596555,6509245,6622609,6593490,6525519,6562232,6518966,6542441,6418620
294,31,0,3,6720631,6693229,6569525,6612368,6549182,6597618,6594697,6570266,6652646,6543741,6641536,6584044,6496552,6609391,6581448,6512054,6547771,6505269,6529797,6405965
295,0,0,3,6732903,6705533,6581248,6624558,6561280,6610426,6606744,6582575,6665224,6556086,6653561,6596593,6509332,6622194,6593940,6524794,6561155,6518000,6542235,6418106
296,31,0,3,6721102,6693832,6568473,6612660,6549363,6597448,6594496,6569503,6652397,6543366,6640730,6584276,6496097,6609567,6580939,6511428,6548485,6504897,6529575,6405566
297,0,0,3,6733406,6706164,6580630,6625043,6561225,6609885,6607790,6582411,6665597,6556423,6654088,6596507,6508592,6622158,6594394,6524869,6563039,6518601,6542547,6418402
298,31,0,3,6720549,6693054,6568419,6612314,6548931,6596686,6594960,6569598,6652247,6543287,6640868,6583194,6495428,6608617,6580356,6511694,6548234,6504847,6528974,6405399
299,0,0,3,6732870,6705451,6580897,6624657,6561528,6609428,6607468,6582961,6664980,6556074,6653751,6596215,6508256,6620846,6593232,6524422,6561235,6518374,6542315,6417982
300,31,0,3,6720694,6693847,6569235,6612622,6549419,6598006,6595260,6570041,6652453,6542673,6641711,6584127,6496470,6609001,6581533,6512048,6548523,6506039,6530094,6406724
301,0,0,3,6732363,6705591,6580785,6624091,6560775,6609814,6606688,6581787,6664592,6555518,6654213,6596032,6507887,6620535,6593934,6524455,6560970,6518087,6542120,6418922
302,31,0,3,6720327,6693472,6568882,6611925,6547888,6597876,6595462,6569836,6652149,6542704,6640935,6583745,6496575,6608050,6580488,6511721,6548568,6505254,6529762,6406595
303,0,0,3,6732718,6705991,6581123,6624856,6560523,6609510,6607737,6582269,6664728,6555982,6654255,6596463,6508557,6620692,6592799,6524209,6562134,6518302,6542318,6419704
304,31,0,3,6720887,6693742,6569530,6611803,6548221,6596876,6595397,6570154,6652522,6543355,6641285,6584201,6496513,6609292,6580474,6511323,6549691,6505609,6529313,6407263
305,0,0,3,6733631,6706470,6582205,6624931,6560835,6610235,6607759,6583127,6665726,6556809,6654720,6597432,6509359,6621759,6594086,6525011,6563036,6519035,6542351,6419759
306,31,0,3,6720414,6693116,6569376,6611706,6548171,6596502,6594893,6569799,6652276,6543198,6641398,6583363,6495631,6608115,6580876,6511464,6548167,6505074,6528382,6406304
307,0,0,3,6733206,6705625,6581024,6623985,6561051,6610128,6607811,6582405,6665255,6556028,6654661,6596690,6508318,6621474,6593667,6525246,6561059,6518542,6540976,6419215
308,31,0,3,6720584,6692929,6568812,6611890,6548647,6597959,6595352,6570055,6652988,6544041,6641978,6583944,6496550,6608913,6581160,6511722,6548694,6505755,6528858,6406819
309,0,0,3,6731791,6703980,6580763,6623141,6559836,6609034,6607144,6581162,6665001,6555825,6653541,6595583,6507908,6620688,6592537,6523504,6561281,6517674,6540936,6418586
310,31,0,3,6721060,6693405,6570227,6612622,6549489,6598146,6595870,6570336,6653651,6544245,6642670,6585068,6497062,6609098,6582064,6512158,6549313,6506345,6529746,6407119
311,0,0,3,6733398,6705557,6582252,6624984,6561089,6610532,6607661,6582792,6665572,6556570,6654451,6597022,6509643,6621638,6594317,6525817,6562120,6519033,6542894,6419522
312,31,0,3,6720498,6693607,6569912,6612578,6549431,6597895,6595409,6569938,6652466,6543835,6641649,6584186,6497148,6608334,6581754,6512062,6549344,6506122,6530176,6407687
313,0,0,3,6732606,6706616,6582103,6624529,6562058,6610395,6608039,6582935,6665777,6557020,6654724,6597317,6510008,6621287,6594928,6525194,6561976,6519059,6543093,6420341
314,31,0,3,6720167,6694450,6570066,6611850,6549519,6598102,6595643,6570420,6653416,6543821,6641624,6584126,6497615,6608874,6581754,6512301,6548462,6505902,6529393,6407714
315,0,0,3,6732132,6706417,6581564,6623679,6561383,6610462,6607854,6582444,6665591,6556625,6654493,6596479,6509366,6621594,6593563,6524494,6561758,6518728,6541500,6419683
316,31,0,3,6720932,6693807,6569757,6611826,6548970,6598293,6596627,6570383,6653680,6544776,6641849,6584221,6497387,6608573,6581850,6511607,6549229,6506320,6529551,6407491
317,0,0,3,6732323,6705723,6581440,6623451,6560968,6610358,6607920,6581855,6665439,6556386,6653716,6596087,6508740,6620836,6594001,6524356,6561318,6517726,6541319,6420102
318,31,0,3,6720477,6693378,6569756,6611771,6549247,6598499,6595861,6570261,6653342,6544659,6641142,6584568,6496351,6608710,6582192,6511847,6548457,6505509,6529226,6407847
319,0,0,3,6733307,6706047,6582116,6624229,6561476,6610721,6608788,6582529,6665331,6557122,6654149,6596697,6509317,6620824,6594391,6525127,6561512,6518794,6542020,6420152
320,31,0,3,6720809,6693687,6570218,6611537,6549459,6598375,6595906,6569821,6652692,6544341,6640567,6583850,6496762,6608488,6581428,6511875,6548385,6505295,6529275,6407571
321,0,0,3,6733252,6706317,6582173,6624342,6561805,6610701,6608475,6582490,6665158,6556530,6653384,6596527,6509007,6621067,6593408,6525171,6561543,6518282,6541322,6420031
322,31,0,3,6720442,6693802,6569756,6611729,6548873,6598019,6595495,6569926,6652165,6543901,6640087,6583778,6496422,6607821,6581224,6511217,6547406,6505488,6527721,6407121
323,0,0,3,6732353,6704771,6581232,6623246,6560451,6609224,6607363,6580886,6663459,6555688,6652521,6595176,6507981,6620592,6592842,6523513,6560091,6517330,6540775,6418913
324,31,0,3,6719514,6692815,6569474,6611091,6548604,6597280,6594824,6568837,6651390,6543539,6640168,6582931,6496172,6608716,6580440,6511509,6548445,6505485,6529034,6407007
325,0,0,3,6731424,6705542,6580975,6624067,6560533,6610381,6607157,6581219,6664700,6556271,6653119,6595408,6507920,6620450,6592810,6524300,6559763,6518163,6541691,6419192
326,31,0,3,6719671,6694084,6568735,6611345,6547851,6597358,6594055,6568744,6652187,6543485,6640154,6582363,6495203,6607608,6580524,6511290,6546645,6504998,6528835,6406301
327,0,0,3,6732655,6706823,6581429,6624752,6560944,6610375,6607316,6582084,6665798,6557311,6653899,6596373,6508522,6620801,6593785,6525386,6560989,6518825,6542601,6420087
328,31,0,3,6719804,6693435,6568786,6612366,6548404,6597354,6594324,6569199,6652565,6544123,6640615,6582885,6496163,6607479,6580773,6511580,6548028,6504679,6529163,6407273
329,0,0,3,6733131,6706724,6582011,6624764,6561111,6609766,6607876,6582498,6665554,6557398,6654133,6596658,6509105,6620290,6594242,6525017,6561745,6518635,6543334,6419776
330,31,0,3,6720408,6693772,6569373,6612023,6548185,6597312,6594847,6569229,6651958,6543794,6640342,6583110,6495796,6607225,6580410,6510778,6547643,6505585,6528802,6406814
331,0,0,3,6732824,6705092,6581319,6624295,6560159,6609103,6607827,6581189,6664640,6556104,6653201,6595588,6507659,6620166,6592400,6523498,6560147,6518004,6542105,6419711
332,31,0,3,6719693,6693369,6569412,6611741,6548404,6597437,6594922,6568258,6652376,6543802,6640631,6582454,6495259,6608118,6580294,6511016,6547370,6505249,6529064,6407057
333,0,0,3,6732369,6705714,6581262,6623117,6560336,6609959,6607533,6581287,6665078,6556534,6653652,6595339,6507198,6620160,6593353,6524031,6561113,6517623,6542225,6419653
334,31,0,3,6720447,6694180,6570152,6611373,6549758,6598199,6596136,6569534,6652549,6543740,6641099,6583344,6495670,6608181,6581761,6511567,6548684,6505717,6530237,6407943
335,0,0,3,6732830,6706297,6581610,6623702,6561405,6610230,6608382,6581420,6664563,6556156,6653533,6595869,6507990,6620206,6593462,6524093,6561397,6518407,6542434,6419893
336,31,0,3,6720012,6693745,6569189,6611029,6548229,6597870,6596132,6568839,6652003,6543192,6640647,6583272,6495647,6607977,6580462,6510739,6547816,6505552,6528901,6405861
337,0,0,3,6732056,6706018,6581577,6622739,6560950,6609759,6607566,6581161,6664939,6556201,6653315,6595752,6508201,6620215,6592827,6523948,6560978,6518109,6541916,6419382
338,31,0,3,6719837,6693757,6569633,6610749,6549145,6597447,6595392,6568978,6652395,6543710,6640640,6583357,6496060,6607728,6581071,6511387,6547885,6505317,6529070,6407434
339,0,0,3,6732348,6706231,6582172,6623580,6561677,6610049,6608561,6581793,6664810,6556483,6654433,6596432,6509131,6620433,6594217,6524312,6561230,6518266,6542580,6420029
340,31,0,3,6719837,6694921,6570268,6612019,6549620,6597687,6596015,6569505,6652551,6544643,6640843,6584379,6496977,6607013,6581843,6511803,6549030,6505496,6530749,6407657
341,0,0,3,6732594,6706971,6582673,6623992,6561573,6609700,6608340,6582181,6665347,6557118,6653957,6597234,6509131,6620364,6593900,6524841,6561895,6518710,6542816,6420020
342,31,0,3,6721710,6695394,6570802,6611780,6549524,6598201,6596521,6570232,6653617,6545160,6641503,6585457,6497428,6608868,6581438,6512479,6548783,6506452,6530251,6408399
343,0,0,3,6733185,6707200,6581563,6623967,6561499,6610302,6608520,6582126,6665289,6557180,6653949,6597307,6509488,6621106,6593168,6524428,6561079,6518342,6541957,6420214
344,31,0,3,6721848,6695372,6570274,6612221,6549794,6598863,6596267,6570729,6653199,6545044,6642022,6584847,6497990,6609238,6581439,6512410,6548189,6505832,6529702,6407943
345,0,0,3,6732840,6707047,6581655,6623958,6561032,6610679,6608054,6582471,6665182,6557257,6654373,6596594,6509418,6620757,6594049,6524679,6560873,6518815,6542685,6419921
346,31,0,3,6720201,6694141,6569607,6610974,6549273,6598147,6595928,6569896,6652059,6544474,6641729,6584155,6496727,6606961,6581201,6512203,6547935,6506011,6529879,6406838
347,0,0,3,6732901,6707122,6582192,6624213,6561807,6611283,6608990,6582579,6665250,6557476,6654677,6597380,6509528,6620533,6595425,6525830,6561702,6519019,6543002,6420465
348,31,0,3,6720637,6695417,6569829,6611738,6549966,6598974,6596851,6570214,6653244,6544916,6641133,6584567,6497337,6607755,6582600,6512799,6548184,6506107,6529458,6408082
349,0,0,3,6732752,6706560,6581796,6623475,6561001,6611253,6608791,6581910,6665459,6557226,6654004,6596574,6509288,6620503,6593205,6524922,6560892,6517781,6541482,6419753
350,31,0,3,6720224,6693839,6568698,6610920,6549154,6598632,6595758,6569576,6652552,6544381,6640544,6583648,6496795,6607473,6581507,6512366,6548557,6505606,6528833,6407742
351,0,0,3,6732052,6705675,6580623,6622784,6560090,6610665,6607267,6581490,6664220,6557061,6653447,6596263,6508574,6619958,6593610,6524135,6560569,6518139,6542038,6419818
352,31,0,3,6719642,6693226,6568904,6610132,6547761,6597770,6595018,6568540,6651661,6544243,6641056,6583629,6495598,6607171,6580213,6510647,6547265,6505065,6529059,6407486
353,0,0,3,6733177,6707312,6581721,6624123,6561207,6610686,6608785,6582678,6665353,6558173,6654523,6597573,6509182,6619998,6594195,6525112,6561701,6519021,6543081,6420702
354,31,0,3,6720358,6694106,6568959,6610498,6548601,6597726,6595790,6569453,6651890,6544862,6641149,6584246,6496133,6607155,6580692,6511476,6548270,6505307,6528744,6407536
355,0,0,3,6733203,6707296,6581371,6622694,6561228,6610747,6608463,6582070,6664462,6557202,6654116,6597116,6508503,6620048,6593668,6525228,6561405,6518396,6541730,6420412
356,31,0,3,6720870,6695161,6569634,6610948,6548618,6598755,6595826,6569862,6652082,6544593,6641344,6584491,6496279,6608259,6581493,6512377,6548825,6505627,6529837,6407864
357,0,0,3,6733387,6707192,6581724,6622900,6561439,6610789,6607635,6582549,6664683,6557338,6654230,6597222,6508507,6621404,6594814,6525068,6562494,6518819,6542946,6420704
358,31,0,3,6721129,6695276,6569423,6611088,6549250,6598849,6595692,6570053,6652422,6544559,6642252,6584596,6496489,6608999,6582593,6511815,6548654,6506123,6530182,6407938
359,0,0,3,6734081,6706972,6581852,6623354,6561060,6610374,6608236,6582788,6665106,6557821,6655411,6596942,6508737,6621394,6593890,6524772,6562037,6518681,6542847,6420400
360,31,0,3,6721694,6695360,6569385,6611568,6549107,6598319,6596594,6570284,6652522,6544695,6642151,6584773,6495998,6608500,6581587,6512014,6548653,6505879,6530123,6407396
361,0,0,3,6734031,6708540,6582564,6624658,6561839,6611394,6609168,6583669,6665607,6557715,6654835,6598077,6509122,6621649,6595188,6524991,6562021,6518846,6543798,6420641
362,31,0,3,6722299,6696081,6571133,6612846,6550047,6599201,6597405,6570959,6653221,6546115,6642424,6585751,6497462,6610098,6582996,6513399,6549202,6506769,6531415,6408761
363,0,0,3,6733772,6706865,6581813,6622592,6560870,6610095,6608150,6582033,6664264,6557106,6653760,6596872,6508168,6621087,6594069,6524574,6561154,6518707,6542696,6419682
364,31,0,3,6721158,6694548,6569481,6610039,6548707,6597999,6595575,6569604,6651996,6544311,6641242,6583920,6496391,6608545,6582054,6511742,6547779,6505049,6529993,6407474
365,0,0,3,6733659,6706932,6581429,6622960,6561811,6610749,6608213,6582319,6665226,6557666,6654497,6596848,6508942,6621228,6594425,6524442,6562244,6518360,6542821,6420395
366,31,0,3,6721715,6694760,6569496,6611041,6548909,6598532,6595620,6570626,6652786,6544556,6641377,6584477,6496570,6609197,6581605,6511274,6549123,6505119,6530370,6408248
367,0,0,3,6733729,6707534,6582339,6623621,6561640,6611231,6608433,6583188,6665454,6557885,6654471,6598104,6509371,6622089,6595351,6524923,6561696,6518216,6543205,6421323
368,31,0,3,6720560,6694776,6568985,6610479,6549045,6597702,6595109,6570409,6651978,6544757,6641852,6585405,6496511,6609356,6581821,6511423,6548314,6505145,6529807,6408320
369,0,0,3,6733052,6707260,6581450,6623396,6561869,6610713,6608022,6582922,6665682,6557488,6654781,6597800,6509238,6621591,6595935,6524417,6561172,6518486,6543277,6420395
370,31,0,3,6720529,6695442,6568800,6611704,6549916,6598565,6595889,6570863,6653690,6544766,6641702,6585727,6496948,6609283,6582177,6511836,6548385,6505343,6530818,6407599
371,0,0,3,6733597,6708071,6581102,6623366,6561122,6611032,6608271,6583061,6665893,6556564,6654612,6597713,6509272,6621520,6594789,6524333,6561912,6518022,6543378,6420355
372,31,0,3,6721515,6696617,6570082,6611849,6549434,6598788,6595753,6571390,6653237,6544673,6642612,6585111,6497331,6608892,6581882,6512053,6549105,6505854,6531044,6407775
373,0,0,3,6733724,6708230,6582009,6623903,6561564,6610962,6608038,6583112,6666444,6557486,6655285,6597796,6509724,6621896,6595984,6525495,6562227,6518687,6544245,6420865
374,31,0,3,6721439,6696128,6569266,6611745,6549469,6598447,6595181,6570806,6653242,6544492,6642016,6584619,6496720,6608848,6582324,6512011,6548104,6505719,6530755,6407720
375,0,0,3,6733429,6708053,6581742,6623718,6560844,6610804,6607745,6583277,6665307,6556970,6654654,6597209,6509258,6621458,6594046,6524360,6560523,6518273,6542929,6420465
376,31,0,3,6721886,6695924,6569687,6611905,6548714,6598715,6596577,6571364,6653008,6545206,6642607,6584928,6497205,6610115,6582801,6512074,6548350,6506322,6530725,6407683
377,0,0,3,6733412,6707876,6581377,6623060,6560929,6610908,6608256,6583572,6665218,6557557,6654354,6597131,6508572,6621523,6594546,6523997,6560644,6518625,6542610,6419682
378,31,0,3,6720914,6694866,6568998,6610626,6548170,6598381,6596040,6570821,6652605,6544913,6641658,6584180,6496166,6608704,6582158,6510782,6546627,6505152,6529248,6407754
379,0,0,3,6732953,6707053,6581631,6623970,6560584,6610579,6608145,6583270,6665341,6557192,6653978,6596822,6508496,6620909,6594054,6523557,6559848,6517766,6542259,6419851
380,31,0,3,6721081,6694842,6569580,6611909,6548576,6598213,6595920,6570578,6652759,6544514,6641180,6584536,6496061,6608677,6581778,6510739,6547480,6505471,6529768,6407400
381,0,0,3,6733389,6707814,6581504,6624248,6561884,6611293,6608422,6583325,6666079,6557860,6654616,6597230,6508611,6621568,6595317,6524394,6560466,6518259,6543220,6420172
382,31,0,3,6720821,6695175,6569176,6611003,6549100,6598072,6595084,6569739,6652861,6544308,6640968,6584319,6496117,6608178,6581802,6510804,6546086,6504911,6529428,6406528
383,0,0,3,6733481,6707503,6581604,6624110,6561565,6610692,6608040,6582925,6665966,6557546,6654432,6597282,6509212,6621154,6595124,6524289,6560276,6518286,6543890,6419285
384,31,0,3,6720267,6694560,6569265,6612026,6548328,6597459,6594849,6569185,6652533,6544208,6640715,6583205,6495923,6607843,6581736,6510923,6546776,6504782,6529327,6406264
385,0,0,3,6733358,6707395,6581038,6623383,6560939,6610140,6607414,6582153,6664826,6557638,6654654,6596614,6508537,6621324,6594681,6524091,6559260,6517348,6542686,6420008
386,31,0,3,6721231,6694851,6569166,6611776,6549062,6598144,6595137,6569668,6652557,6545124,6641145,6584205,6495861,6608581,6582398,6511341,6548662,6505559,6529711,6407344
387,0,0,3,6733020,6707037,6580978,6624243,6560889,6610434,6607440,6582353,6665477,6557532,6654648,6596987,6508322,6621181,6594918,6524753,6560773,6517511,6543049,6419894
388,31,0,3,6720478,6694567,6568731,6612034,6548364,6597603,6595414,6569827,6652426,6544719,6641038,6583881,6496051,6608009,6581645,6511085,6547340,6505032,6529145,6407562
389,0,0,3,6733510,6707322,6581367,6624906,6560880,6610960,6608320,6582777,6665402,6557613,6654496,6597107,6508698,6620466,6594809,6524602,6560665,6517763,6542503,6420174
390,31,0,3,6720255,6694613,6568947,6611583,6548343,6597464,6594387,6570216,6652807,6544498,6641164,6583970,6495974,6608358,6581583,6510581,6547691,6504788,6529236,6407944
391,0,0,3,6733614,6707665,6582114,6624808,6561438,6610344,6607758,6582665,6666043,6557138,6654738,6596706,6508970,6622208,6594828,6524856,6562051,6518004,6542482,6419977
392,31,0,3,6721010,6694503,6569366,6611321,6548580,6597879,6595220,6570042,6652888,6544351,6641167,6583556,6495911,6608828,6581177,6511123,6548691,6505204,6528534,6406766
393,0,0,3,6733797,6706732,6581826,6623997,6561440,6611359,6608599,6582973,6666307,6557338,6655069,6596414,6508560,6622071,6594627,6524710,6562264,6518712,6542299,6420432
394,31,0,3,6721313,6693702,6569354,6610636,6549325,6598008,6595575,6570505,6652718,6543811,6641151,6583195,6495877,6608766,6581335,6510515,6548309,6505214,6528641,6406727
395,0,0,3,6733013,6705177,6581224,6622123,6560802,6609921,6607125,6581836,6664836,6556659,6653348,6595280,6508055,6619703,6592965,6523139,6559539,6517718,6540957,6419002
396,31,0,3,6721482,6693609,6569718,6610548,6549043,6598088,6595524,6569632,6653225,6544498,6640780,6583918,6495976,6608311,6581291,6510849,6547742,6504970,6530346,6407817
397,0,0,3,6733918,6706679,6581358,6623928,6561391,6610889,6607841,6582026,6665217,6557285,6653790,6596909,6508212,6620689,6594663,6524607,6560530,6518394,6543564,6420759
398,31,0,3,6720515,6694187,6569282,6611106,6548530,6597710,6595358,6569571,6652396,6544604,6640587,6584351,6495635,6608173,6582235,6511750,6547836,6505008,6529630,6406948
399,0,0,3,6733800,6706898,6582066,6624165,6561611,6610675,6608952,6583018,6666145,6557163,6654423,6597957,6508966,6621608,6595738,6524955,6561876,6519314,6543709,6420466
400,31,0,3,6720375,6694206,6568836,6610939,6548855,6597562,6595848,6569939,6652936,6543753,6641151,6584114,6495567,6608442,6582440,6511093,6548000,6505660,6529994,6408005
401,0,0,3,6732765,6706330,6580709,6622920,6560579,6610124,6608090,6582149,6665096,6557075,6653582,6596419,6507799,6620513,6594725,6524945,6560656,6518379,6541769,6419858
402,31,0,3,6721422,6695345,6569347,6611963,6549356,6598731,6596449,6570030,6653132,6545491,6641309,6585189,6496489,6609106,6582445,6512279,6548745,6506164,6529801,6408510
403,0,0,3,6733434,6707769,6581787,6624363,6561319,6610697,6608093,6582727,6665196,6557627,6654040,6597679,6508601,6621278,6595302,6524723,6561382,6518417,6542742,6420398
404,31,0,3,6720438,6695484,6568967,6610853,6549876,6598352,6595857,6570276,6652372,6544618,6640967,6584929,6496148,6608549,6582081,6511091,6547666,6505177,6530151,6407935
405,0,0,3,6732740,6707632,6581469,6623410,6561846,6610783,6608212,6582446,6664969,6556816,6653698,6597114,6509121,6621265,6594217,6524071,6559930,6516905,6542698,6420141
406,31,0,3,6720790,6695227,6569271,6611015,6549897,6597928,6596385,6569758,6652191,6544486,6640993,6584872,6497042,6608678,6581256,6511211,6547826,6504605,6530594,6407989
407,0,0,3,6732944,6708174,6581897,6624282,6562361,6611422,6609409,6583018,6665269,6557269,6654553,6598098,6510029,6620761,6594796,6525253,6561413,6518377,6543951,6420972
408,31,0,3,6720830,6694550,6570282,6613010,6550188,6598849,6597095,6570500,6652591,6544780,6641346,6585302,6497755,6608195,6582334,6512472,6548807,6506175,6530850,6408496
409,0,0,3,6732978,6706667,6582418,6624891,6562815,6611095,6609126,6582340,6665276,6557935,6654337,6598306,6509283,6621382,6595412,6524994,6561913,6519138,6543757,6420829
410,31,0,3,6720624,6694567,6570059,6612825,6550438,6598221,6595331,6569968,6652913,6545019,6640786,6585396,6497503,6609143,6583143,6511573,6547817,6505975,6531217,6408151
411,0,0,3,6732766,6706656,6581777,6624546,6562734,6610466,6607793,6582346,6665312,6557184,6653477,6597498,6509122,6620790,6595151,6524060,6560432,6518632,6543520,6420567
412,31,0,3,6719878,6693759,6568846,6611899,6549118,6597610,6596000,6569586,6652607,6544281,6639846,6584280,6496794,6607018,6581827,6510716,6547746,6505141,6529884,6407118
413,0,0,3,6733027,6706875,6580831,6623516,6561259,6609657,6608082,6582724,6665483,6557131,6653231,6596941,6509231,6620828,6593592,6523458,6561107,6517920,6543150,6419932
414,31,0,3,6721843,6694881,6569340,6611553,6549688,6598149,6595953,6571035,6654022,6545276,6641636,6585244,6496967,6608610,6580995,6511448,6549637,6505922,6529693,6408307
415,0,0,3,6733491,6706137,6581259,6624099,6560939,6610126,6608117,6582872,6666121,6557372,6653705,6596982,6508077,6620361,6593146,6524051,6561615,6517679,6541766,6419745
416,31,0,3,6720903,6693260,6568572,6611128,6548415,6596927,6595228,6569820,6653028,6544296,6639993,6583248,6496308,6607541,6580944,6510358,6547620,6504884,6529231,6407185
417,0,0,3,6733116,6705987,6581138,6624211,6560988,6609599,6607825,6582541,6665643,6557248,6653137,6596723,6509317,6619052,6593709,6523446,6561007,6517911,6542340,6420329
418,31,0,3,6720780,6693870,6569004,6612123,6549324,6597226,6595387,6570365,6653140,6544870,6640642,6584899,6496683,6607214,6582103,6510995,6548976,6505362,6529979,6408030
419,0,0,3,6731629,6705644,6580192,6623643,6560981,6609307,6607130,6581382,6664368,6556578,6652271,6596488,6507856,6619323,6593767,6522649,6561936,6517405,6541520,6420077
420,31,0,3,6720527,6693754,6568989,6612359,6549180,6597463,6595471,6569830,6652806,6544604,6640954,6585355,6496632,6607495,6582504,6510610,6549016,6505351,6530195,6408111
421,0,0,3,6733108,6705824,6581636,6624020,6561285,6609876,6608310,6582593,6665464,6557427,6653874,6597512,6509130,6620105,6594383,6523578,6561442,6518362,6542864,6419724
422,31,0,3,6720968,6693719,6569446,6612282,6549285,6597624,6595440,6570375,6653473,6545037,6640793,6584858,6497397,6608369,6582869,6511381,6549284,6506265,6529790,6408389
423,0,0,3,6733310,6705376,6581100,6623951,6561159,6609538,6606827,6581719,6665281,6556589,6653137,6596580,6508811,6619912,6594505,6523327,6561565,6517880,6541759,6419988
424,31,0,3,6721696,6693750,6569783,6612636,6549996,6597780,6596421,6571028,6653170,6544894,6641226,6585305,6497858,6608901,6582230,6511706,6548770,6505839,6529964,6408812
425,0,0,3,6733135,6705468,6580667,6624008,6561434,6609009,6607457,6581870,6665193,6556523,6653424,6597113,6508758,6620742,6594858,6523262,6561101,6517695,6541592,6420264
426,31,0,3,6721592,6693897,6568968,6611753,6549204,6596770,6595697,6570232,6652790,6544351,6641474,6584849,6496506,6607809,6581699,6510349,6548386,6505279,6529260,6408376
427,0,0,3,6733010,6706067,6581189,6623942,6561600,6609652,6608281,6582447,6665020,6557208,6654283,6596633,6509253,6621243,6594637,6523840,6561505,6518117,6542126,6421220
428,31,0,3,6720545,6693995,6569545,6611802,6549663,6597550,6595873,6570405,6652379,6544829,6640997,6584452,6497188,6608189,6581691,6511040,6549211,6505185,6530232,6408603
429,0,0,3,6732491,6705761,6581183,6624324,6560866,6608882,6607125,6581873,6664397,6557378,6652699,6596431,6508934,6620111,6592982,6523139,6562216,6517309,6542797,6419255
430,31,0,3,6720615,6694478,6569603,6612880,6549626,6597604,6595756,6569720,6652289,6544873,6639924,6584830,6497021,6608773,6581868,6511222,6549705,6505226,6530608,6407847
431,0,0,3,6732771,6706484,6581447,6624910,6562493,6609851,6608072,6582489,6664856,6557509,6652918,6597246,6509497,6620753,6594358,6524088,6562794,6518740,6543094,6420757
432,31,0,3,6720086,6694539,6569260,6612876,6549754,6597790,6595434,6570069,6652308,6545246,6640232,6584107,6496612,6607230,6582250,6511003,6549300,6505906,6530431,6408061
433,0,0,3,6732244,6706709,6581417,6624672,6561512,6610065,6607916,6582443,6665187,6556698,6653119,6596530,6508812,6620459,6594535,6523338,6562456,6518085,6542893,6420617
434,31,0,3,6720268,6694740,6570051,6612749,6549671,6597817,6595573,6570388,6653269,6544845,6640315,6584164,6497042,6608192,6581961,6511063,6549518,6505256,6529902,6407730
435,0,0,3,6732412,6706027,6581675,6624175,6561600,6609497,6607078,6582483,6664979,6556869,6652867,6596231,6508799,6620371,6593968,6523899,6561304,6517863,6542178,6420104
436,31,0,3,6721453,6695155,6570431,6613016,6550567,6598201,6595609,6570946,6653842,6545051,6640670,6584556,6497505,6608918,6582263,6511674,6549960,6505845,6530296,6408362
437,0,0,3,6734309,6708161,6582671,6625351,6563305,6611701,6608264,6583681,6666280,6558605,6653753,6597883,6509690,6622128,6595497,6524339,6562250,6519239,6543001,6420776
438,31,0,3,6721424,6695092,6570395,6612339,6550205,6598341,6596276,6571047,6653204,6544759,6641178,6585033,6497152,6608955,6582496,6511293,6549273,6505695,6529954,6408486
439,0,0,3,6731905,6706590,6581450,6624551,6561549,6610004,6607840,6582500,6665222,6556364,6653316,6595926,6509050,6620007,6594043,6523441,6561509,6518096,6542178,6420171
440,31,0,3,6720420,6695097,6569612,6612939,6550195,6598091,6596376,6570390,6653715,6544557,6640604,6583792,6497230,6608304,6581553,6510744,6549440,6505596,6528957,6407727
441,0,0,3,6732617,6705935,6581612,6624510,6561743,6609459,6608884,6583143,6665040,6557019,6652821,6596049,6508556,6619901,6593661,6523478,6561451,6517771,6541572,6419355
442,31,0,3,6720571,6694122,6569486,6612731,6549971,6597183,6596704,6570667,6652892,6545019,6639978,6584107,6496890,6607672,6581734,6511055,6548192,6505007,6529238,6407679
443,0,0,3,6733100,6707045,6581836,6624722,6562617,6609696,6609250,6583870,6665558,6557116,6653298,6596618,6508968,6620727,6594736,6524079,6561373,6518626,6542841,6420712
444,31,0,3,6720778,6694102,6569836,6611733,6549909,6596612,6596967,6570524,6652597,6544151,6640343,6583986,6496150,6607262,6581621,6511094,6548423,6505327,6529649,6407657
445,0,0,3,6734747,6707781,6584044,6625188,6563513,6610780,6609528,6584355,6666824,6558547,6654709,6597541,6509927,6620545,6595934,6525318,6562648,6519461,6543805,6421534
446,31,0,3,6721533,6695003,6570556,6612585,6550448,6597922,6596664,6570790,6654259,6544677,6641248,6584396,6497106,6607558,6582639,6511798,6548989,6506188,6529666,6407915
447,0,0,3,6733804,6706559,6582303,6624894,6562760,6610152,6609723,6583094,6666896,6557102,6653950,6597338,6509556,6619937,6595327,6524718,6562586,6518763,6542783,6421002
448,31,0,3,6720129,6694356,6569618,6612236,6550161,6597414,6596542,6571030,6653565,6544254,6640964,6584895,6496221,6606161,6582824,6511601,6548551,6505353,6529599,6408444
449,0,0,3,6732568,6706602,6582232,6625290,6562668,6609991,6608957,6583772,6666007,6557237,6653360,6597529,6508819,6620140,6595712,6524037,6562606,6518309,6542500,6420963
450,31,0,3,6720414,6694000,6569527,6612138,6550088,6596802,6595510,6570503,6652744,6543959,6639807,6584241,6496460,6607212,6582348,6510618,6548334,6504989,6528679,6407755
451,0,0,3,6732067,6705507,6581160,6624570,6561935,6609363,6607988,6582952,6664751,6556604,6653343,6596295,6509116,6619770,6594440,6523693,6560651,6517965,6542005,6420112
452,31,0,3,6719648,6692708,6568363,6611119,6548620,6596652,6594827,6569583,6651728,6543012,6639678,6582580,6495646,6606658,6580856,6510181,6547689,6504209,6528976,6406703
453,0,0,3,6732844,6705544,6581993,6624325,6561250,6609574,6608256,6583016,6665777,6556875,6653423,6596026,6508359,6619034,6594546,6523859,6561273,6517846,6542327,6418880
454,31,0,3,6720814,6694245,6570282,6613378,6549165,6597859,6596227,6571190,6653595,6544025,6641307,6584266,6496178,6607197,6581677,6512078,6548597,6506119,6529630,6407281
455,0,0,3,6732543,6706003,6582135,6626125,6562250,6609981,6608789,6583975,6665880,6557266,6652917,6596505,6509427,6619805,6595044,6524698,6561924,6518413,6542009,6419633
456,31,0,3,6720042,6692962,6569365,6613069,6549616,6596678,6595974,6570833,6652989,6543585,6639922,6583663,6496422,6607416,6582237,6511378,6549092,6505471,6528521,6407023
457,0,0,3,6732925,6705929,6582321,6625708,6561797,6608922,6609049,6583417,6665490,6556798,6653048,6596379,6508819,6620689,6594479,6523936,6562354,6517908,6541637,6419096
458,31,0,3,6719960,6694454,6570001,6613149,6548810,6596655,6596453,6570581,6652971,6543937,6640297,6583628,6495787,6607724,6581620,6510631,6548749,6505556,6529845,6406423
459,0,0,3,6732498,6707298,6582347,6626147,6561454,6609137,6609020,6583553,6665951,6556667,6653461,6596283,6508793,6620285,6595076,6524421,6562351,6518315,6542310,6419996
460,31,0,3,6719988,6693786,6569280,6612700,6549699,6596857,6596797,6570516,6653056,6543891,6640851,6583391,6495437,6607823,6582357,6511091,6548947,6505338,6528814,6406826
461,0,0,3,6733078,6706763,6582114,6626522,6562480,6609382,6609463,6583777,6666072,6557548,6654432,6597061,6509170,6620972,6594994,6525411,6562465,6519041,6542929,6420178
462,31,0,3,6719701,6694163,6568737,6612585,6548322,6596336,6595420,6570434,6652634,6543601,6640913,6582726,6495496,6608173,6581997,6510811,6547617,6505046,6528539,6406065
463,0,0,3,6732785,6706215,6581682,6625093,6560637,6609520,6608654,6582943,6665475,6556897,6653938,6595679,6508338,6620085,6595192,6523776,6561041,6516985,6541635,6419440
464,31,0,3,6720674,6694744,6569644,6613306,6548732,6597457,6596562,6570919,6652610,6544472,6641318,6583711,6496001,6607584,6582337,6511628,6548514,6504616,6529924,6407596
465,0,0,3,6733019,6706983,6581745,6625055,6561198,6609340,6608731,6583075,6665049,6556876,6654006,6596278,6508489,6620644,6594500,6524881,6561445,6517483,6542799,6419464
466,31,0,3,6721001,6694638,6569767,6612706,6548812,6597753,6595831,6570456,6652786,6545128,6641039,6583993,6496184,6608416,6581482,6511600,6548327,6504399,6530542,6407438
467,0,0,3,6733854,6706034,6581701,6624288,6561606,6610208,6607804,6582760,6665534,6557336,6653322,6597024,6508221,6620038,6594524,6524165,6561266,6517356,6543234,6419557
468,31,0,3,6721439,6694314,6569518,6612408,6550049,6597979,6596117,6571325,6652737,6545317,6641057,6584526,6496295,6607920,6582098,6511941,6548666,6505846,6530690,6406646
469,0,0,3,6733295,6706617,6581737,6625142,6562025,6610017,6608103,6583364,6664732,6558157,6654331,6596776,6508554,6620252,6594378,6523890,6562018,6518146,6543307,6418991
470,31,0,3,6720815,6693647,6569516,6612985,6549585,6597410,6595292,6570916,6652353,6544990,6641356,6583659,6495954,6607607,6582031,6510611,6548252,6504924,6529822,6406633
471,0,0,3,6733129,6705423,6581808,6625183,6561896,6610005,6608639,6582842,6665184,6557262,6653854,6596156,6508974,6620953,6594598,6523888,6561649,6517773,6542334,6419603
472,31,0,3,6720529,6693641,6570096,6612522,6550228,6597844,6596427,6570189,6652344,6544029,6640745,6583558,6496045,6607980,6582372,6510360,6548554,6504966,6529652,6407383
473,0,0,3,6732725,6705873,6581658,6623954,6561238,6609497,6607865,6581851,6664116,6556315,6653429,6595359,6508242,6619143,6594265,6522379,6560604,6517305,6542069,6419408
474,31,0,3,6720436,6694417,6569831,6612571,6549536,6597294,6595876,6569866,6652056,6544281,6641464,6583462,6496306,6607131,6582223,6510914,6548351,6505093,6529691,6407147
475,0,0,3,6732106,6706191,6581371,6624109,6560713,6609285,6607482,6582462,6664291,6557355,6654043,6595860,6507390,6619248,6594535,6524026,6561246,6517513,6542614,6419136
476,31,0,3,6720611,6694298,6569130,6612261,6549658,6596994,6595716,6570474,6652859,6544465,6641195,6583718,6496003,6607904,6582460,6511359,6549010,6505322,6529987,6407364
477,0,0,3,6733357,6707334,6582096,6625606,6562434,6610284,6608673,6583295,6665659,6557656,6654375,6597224,6508651,6620283,6595101,6524199,6563019,6519068,6543233,6420100
478,31,0,3,6720788,6694876,6569547,6612695,6550112,6597513,6596617,6570787,6652721,6545536,6641091,6584162,6496160,6606454,6582448,6511208,6549661,6505727,6529750,6407684
479,0,0,3,6733838,6706933,6581950,6624994,6562699,6610032,6609206,6584114,6665602,6558259,6654284,6597461,6509069,6619362,6595160,6524442,6563342,6518084,6542650,6421125
480,31,0,3,6720882,6693667,6569700,6612690,6549802,6596959,6595952,6571009,6652519,6544966,6641276,6584555,6496241,6606911,6582537,6511625,6549736,6505405,6528887,6408153
481,0,0,3,6732391,6706197,6580867,6624242,6562152,6608752,6608001,6583096,6664128,6557475,6654134,6596517,6507380,6619519,6594848,6524985,6562291,6517859,6541573,6420136
482,31,0,3,6720823,6695073,6569873,6612917,6550616,6597562,6596714,6571494,6651905,6545711,6641323,6584528,6496019,6607997,6583099,6512404,6549653,6506108,6529891,6408731
483,0,0,3,6733214,6706105,6581203,6624160,6561452,6609145,6608381,6583308,6663488,6557820,6653792,6596812,6508724,6620742,6595629,6524134,6562889,6518208,6542206,6420648
484,31,0,3,6721162,6694114,6569650,6612169,6549462,6597007,6596542,6571574,6651637,6545035,6641408,6584650,6496493,6607634,6583308,6511674,6549286,6506029,6529922,6408252
485,0,0,3,6733541,6706476,6582149,6624917,6562763,6609955,6608780,6583517,6664658,6557741,6653827,6597068,6509068,6620919,6596074,6525104,6562772,6518461,6543116,6420709
486,31,0,3,6721461,6694328,6570371,6612497,6550386,6597295,6596691,6571053,6652137,6544740,6641468,6584365,6497550,6608089,6583408,6512638,6550252,6505954,6530766,6408421
487,0,0,3,6733964,6707139,6582688,6624748,6561855,6609244,6608391,6583572,6665142,6557631,6653672,6595880,6509486,6620845,6595289,6525268,6562413,6518348,6542726,6419393
488,31,0,3,6721706,6694715,6569730,6612601,6548863,6596785,6596622,6570513,6652027,6545675,6640376,6583258,6496520,6608308,6582794,6511322,6549078,6504876,6529766,6406541
489,0,0,3,6733400,6706517,6582493,6624906,6561491,6608907,6608581,6583054,6665086,6558182,6653496,6595910,6509099,6621140,6595779,6524854,6562104,6518236,6542802,6419937
490,31,0,3,6721150,6693647,6569481,6612617,6548568,6595901,6596017,6570040,6651924,6544610,6640681,6582852,6496230,6607178,6582298,6511294,6548441,6505109,6529091,6407182
491,0,0,3,6732891,6705952,6581574,6624668,6560818,6608666,6609291,6582871,6664663,6556869,6653475,6595620,6508717,6620186,6595682,6524633,6561518,6517369,6542580,6419837
492,31,0,3,6720326,6693383,6568656,6611582,6548621,6595703,6596516,6569728,6651388,6543982,6639723,6583094,6495184,6607877,6581610,6511806,6547840,6504289,6528832,6406154
493,0,0,3,6732817,6705611,6580541,6623252,6561044,6607661,6608925,6581456,6663487,6556953,6652809,6594659,6507336,6620511,6593945,6524247,6560332,6516921,6541736,6418199
494,31,0,3,6721277,6694492,6569391,6611594,6550370,6596205,6596562,6570711,6651850,6545626,6640870,6583567,6495614,6608858,6581804,6512396,6549017,6505894,6529461,6407460
495,0,0,3,6733027,6707070,6581731,6623834,6562436,6609042,6609614,6583903,6664567,6557772,6654387,6595884,6508986,6621786,6595326,6525257,6562170,6519082,6543072,6420399
496,31,0,3,6719547,6693620,6568402,6610408,6549276,6595598,6596341,6570157,6650976,6544017,6640212,6582052,6495001,6607493,6581549,6511088,6548113,6504700,6528588,6407146
497,0,0,3,6732863,6706976,6581617,6622855,6561376,6609487,6609486,6583319,6665165,6557453,6654251,6596004,6508557,6620897,6594685,6525057,6561324,6517922,6542458,6420685
498,31,0,3,6719812,6694105,6567814,6610442,6548545,6595030,6596089,6569740,6651970,6544034,6640417,6582857,6495550,6607966,6580893,6511877,6548000,6505171,6529120,6407328
499,0,0,3,6733403,6707649,6581653,6624042,6562088,6608843,6609515,6583327,6664613,6556431,6654058,6596277,6508251,6621716,6595464,6525846,6562345,6518857,6542945,6420048
