129828.0
129853.0
129911.0
129962.0
129973.0
129962.0
129994.0
129943.0
129994.0
129973.0
130078.0
130012.0
130129.0
130123.0
130072.0
130050.0
130101.0
130076.0
130015.0
130156.0
130132.0
130035.0
130156.0
130141.0
130104.0
130151.0
130140.0
130115.0
130243.0
130120.0
130093.0
130146.0
130225.0
130217.0
130182.0
130123.0
130193.0
130255.0
130227.0
130332.0
130217.0
130247.0
130227.0
130188.0
130201.0
130207.0
130234.0
130256.0
130197.0
130192.0
130188.0
130284.0
130239.0
130204.0
130249.0
130290.0
130242.0
130281.0
130312.0
130269.0
130282.0
130264.0
130179.0
130279.0
130241.0
130211.0
130156.0
130341.0
130273.0
130260.0
130343.0
130313.0
130354.0
130330.0
130359.0
130352.0
130345.0
130237.0
130260.0
130311.0
130240.0
130298.0
130306.0
130245.0
130218.0
130269.0
130218.0
130317.0
130320.0
130343.0
130325.0
130234.0
130211.0
130305.0
130188.0
130224.0
130272.0
130270.0
130236.0
130317.0
130313.0
130295.0
130277.0
130233.0
130324.0
130223.0
130292.0
130254.0
130200.0
130185.0
130261.0
130158.0
130247.0
130211.0
130179.0
130177.0
130229.0
130168.0
130251.0
130268.0
130328.0
130248.0
130224.0
130245.0
130239.0
130163.0
130228.0
130171.0
130299.0
130228.0
130233.0
130243.0
130228.0
130230.0
130295.0
130292.0
130261.0
130394.0
130239.0
130402.0
130400.0
130286.0
130238.0
130314.0
130208.0
130252.0
130314.0
130274.0
130268.0
130291.0
130226.0
130312.0
130224.0
130258.0
130270.0
130177.0
130311.0
130225.0
130208.0
130127.0
130339.0
130230.0
130312.0
130245.0
130237.0
130265.0
130192.0
130265.0
130276.0
130267.0
130276.0
130350.0
130279.0
130374.0
130343.0
130376.0
130304.0
130204.0
130327.0
130266.0
130303.0
130373.0
130222.0
130378.0
130263.0
130259.0
130389.0
130306.0
130335.0
130390.0
130291.0
130335.0
130389.0
130300.0
130361.0
130256.0
130256.0
130290.0
130277.0
130303.0
130227.0
130284.0
130299.0
130214.0
130224.0
130202.0
130184.0
130290.0
130297.0
130290.0
130330.0
130302.0
130371.0
130307.0
130262.0
130340.0
130305.0
130326.0
130341.0
130401.0
130352.0
130374.0
130323.0
130334.0
130330.0
130412.0
130306.0
130380.0
130413.0
130280.0
130398.0
130396.0
130326.0
130333.0
130368.0
130365.0
130341.0
130302.0
130235.0
130340.0
130333.0
130377.0
130407.0
130384.0
130376.0
130301.0
130345.0
130377.0
130378.0
130439.0
130363.0
130487.0
130381.0
130397.0
130462.0
130460.0
130366.0
130356.0
130288.0
130445.0
130430.0
130329.0
130444.0
130413.0
130369.0
130410.0
130433.0
130349.0
130415.0
130368.0
130509.0
130569.0
130417.0
130418.0
130416.0
130327.0
130336.0
130323.0
130434.0
130360.0
130351.0
130407.0
130437.0
130343.0
130357.0
130436.0
130339.0
130426.0
130313.0
130380.0
130393.0
130380.0
130279.0
130372.0
130270.0
130339.0
130396.0
130288.0
130301.0
130367.0
130341.0
130358.0
130348.0
130362.0
130338.0
130353.0
130330.0
130465.0
130422.0
130397.0
130247.0
130285.0
130317.0
130408.0
130449.0
130399.0
130355.0
130348.0
130323.0
130302.0
130315.0
130296.0
130407.0
130313.0
130231.0
130508.0
130360.0
130404.0
130347.0
130319.0
130301.0
130323.0
130337.0
130321.0
130402.0
130278.0
130385.0
130414.0
130449.0
130399.0
130398.0
130428.0
130454.0
130488.0
130439.0
130391.0
130375.0
130499.0
130403.0
130373.0
130402.0
130402.0
130414.0
130358.0
130336.0
130332.0
130257.0
130372.0
130365.0
130278.0
130440.0
130438.0
130404.0
130306.0
130357.0
130270.0
130314.0
130382.0
130333.0
130316.0
130300.0
130386.0
130423.0
130379.0
130415.0
130348.0
130349.0
130358.0
130483.0
130361.0
130355.0
130416.0
130290.0
130459.0
130375.0
130357.0
130443.0
130238.0
130332.0
130413.0
130318.0
130343.0
130409.0
130395.0
130398.0
130370.0
130381.0
130345.0
130443.0
130427.0
130439.0
130400.0
130507.0
130407.0
130476.0
130354.0
130498.0
130474.0
130440.0
130458.0
130410.0
130421.0
130454.0
130331.0
130476.0
130442.0
130397.0
130393.0
130420.0
130313.0
130434.0
130435.0
130440.0
130503.0
130525.0
130448.0
130412.0
130468.0
130490.0
130468.0
130446.0
130430.0
130395.0
130471.0
130450.0
130324.0
130310.0
130472.0
130422.0
130419.0
130356.0
130462.0
130425.0
130408.0
130402.0
130338.0
130400.0
130414.0
130321.0
130410.0
130397.0
130366.0
130445.0
130439.0
130419.0
130466.0
130453.0
130510.0
130428.0
130398.0
130370.0
130366.0
130399.0
130415.0
130335.0
130377.0
130510.0
130373.0
130475.0
130335.0
130329.0
130397.0
130365.0
130413.0
130349.0
130301.0
130300.0
130288.0
130353.0
130262.0
130383.0
130315.0
130313.0
130337.0
130382.0
130407.0
130352.0
130338.0
130369.0
130345.0
130400.0
130452.0
130382.0
130369.0
130365.0
130372.0
130405.0
130376.0
130427.0
130424.0
130316.0
130359.0
130378.0
130529.0
130425.0
130411.0
130458.0
130450.0
130429.0
130357.0
130401.0
130347.0
130514.0
130383.0
130457.0
130317.0
130274.0
130445.0
130370.0
130429.0
130471.0
130449.0
130390.0
130449.0
130398.0
130392.0
130503.0
130402.0
130329.0
130464.0
130522.0
130423.0
130413.0
130403.0
130474.0
130323.0
130466.0
130501.0
130402.0
130549.0
130469.0
130407.0
130453.0
130476.0
130344.0
130444.0
130329.0
130505.0
130419.0
130449.0
130503.0
130504.0
130350.0
130418.0
130489.0
130493.0
130453.0
130472.0
130467.0
130539.0
130497.0
130441.0
130423.0
130485.0
130417.0
130453.0
130497.0
130377.0
130401.0
130426.0
130576.0
130462.0
130398.0
130401.0
130483.0
130468.0
130449.0
130432.0
130445.0
130555.0
130460.0
130441.0
130529.0
130455.0
130548.0
130461.0
130551.0
130433.0
130467.0
130510.0
130461.0
130441.0
130469.0
130545.0
130415.0
130446.0
130499.0
130511.0
130469.0
130431.0
130341.0
130361.0
130384.0
130476.0
130422.0
130485.0
130435.0
130442.0
130347.0
130380.0
130373.0
130455.0
130355.0
130459.0
130418.0
130415.0
130385.0
130400.0
130451.0
130397.0
130454.0
130519.0
130396.0
130496.0
130474.0
130421.0
130497.0
130548.0
130429.0
130537.0
130578.0
130500.0
130524.0
130480.0
130502.0
130401.0
130447.0
130374.0
130439.0
130412.0
130342.0
130309.0
130403.0
130364.0
130446.0
130388.0
130406.0
130342.0
130341.0
130366.0
130366.0
130395.0
130424.0
130506.0
130352.0
130485.0
130458.0
130469.0
130484.0
130284.0
130350.0
130376.0
130495.0
130461.0
130425.0
130429.0
130368.0
130507.0
130541.0
130324.0
130411.0
130428.0
130387.0
130441.0
130487.0
130352.0
130379.0
130437.0
130362.0
130446.0
130461.0
130429.0
130418.0
130239.0
130414.0
130430.0
130451.0
130430.0
130414.0
130422.0
130480.0
130458.0
130400.0
130360.0
130414.0
130436.0
130361.0
130493.0
130431.0
130464.0
130383.0
130542.0
130480.0
130506.0
130437.0
130518.0
130575.0
130563.0
130354.0
130428.0
130572.0
130378.0
130435.0
130516.0
130487.0
130463.0
130455.0
130523.0
130488.0
130473.0
130485.0
130473.0
130481.0
130432.0
130362.0
130531.0
130450.0
130432.0
130479.0
130461.0
130408.0
130414.0
130520.0
130405.0
130453.0
130425.0
130427.0
130436.0
130422.0
130394.0
130522.0
130446.0
130395.0
130404.0
130558.0
130416.0
130425.0
130459.0
130442.0
130454.0
130451.0
130405.0
130473.0
130486.0
130320.0
130379.0
130413.0
130451.0
130463.0
130458.0
130417.0
130274.0
130459.0
130328.0
130376.0
130425.0
130425.0
130519.0
130553.0
130510.0
130521.0
130520.0
130483.0
130456.0
130495.0
130452.0
130458.0
130537.0
130519.0
130519.0
130532.0
130459.0
130441.0
130460.0
130436.0
130433.0
130479.0
130467.0
130478.0
130469.0
130455.0
130499.0
130461.0
130457.0
130481.0
130534.0
130471.0
130409.0
130492.0
130523.0
130483.0
130458.0
130344.0
130492.0
130366.0
130474.0
130517.0
130401.0
130385.0
130384.0
130464.0
130442.0
130424.0
130367.0
130357.0
130554.0
130370.0
130470.0
130411.0
130536.0
130501.0
130333.0
130449.0
130460.0
130459.0
130339.0
130338.0
130405.0
130464.0
130460.0
130506.0
130475.0
130447.0
130411.0
130395.0
130482.0
130485.0
130440.0
130445.0
130384.0
130430.0
130489.0
130434.0
130471.0
130441.0
130470.0
130539.0
130448.0
130477.0
130369.0
130437.0
130367.0
130458.0
130433.0
130528.0
130508.0
130417.0
130438.0
130496.0
130522.0
130335.0
130547.0
130472.0
130518.0
130382.0
130392.0
130493.0
130319.0
130457.0
130389.0
130525.0
130380.0
130475.0
130475.0
130440.0
130324.0
130429.0
130370.0
130482.0
130375.0
130525.0
130525.0
130468.0
130471.0
130542.0
130389.0
130390.0
130433.0
130340.0
130452.0
130490.0
130491.0
130403.0
130430.0
130431.0
130544.0
130566.0
130487.0
130428.0
130431.0
130363.0
130439.0
130455.0
130273.0
130381.0
130409.0
130338.0
130328.0
130383.0
130441.0
130363.0
130509.0
130528.0
130473.0
130399.0
130462.0
130475.0
130493.0
130497.0
130472.0
130354.0
130412.0
130354.0
130301.0
130299.0
130304.0
130375.0
130325.0
130379.0
130426.0
130465.0
130424.0
130412.0
130467.0
130458.0
130601.0
130542.0
130479.0
130486.0
130474.0
130417.0
130451.0
130491.0
130520.0
130442.0
130530.0
130525.0
130528.0
130423.0
130432.0
130521.0
130490.0
130482.0
130472.0
130456.0
130474.0
130490.0
130467.0
130549.0
130491.0
130511.0
130497.0
130431.0
130415.0
130405.0
130361.0
130502.0
130488.0
130523.0
130447.0
130422.0
130467.0
130342.0
130433.0
130450.0
130401.0
130482.0
130387.0
130366.0
130471.0
130453.0
130428.0
130406.0
130502.0
130512.0
130460.0
130475.0
130434.0
130528.0
130444.0
130404.0
130422.0
130407.0
130446.0
130482.0
130451.0
130398.0
130553.0
130453.0
130494.0
130441.0
130442.0
130473.0
130571.0
130566.0
130544.0
130408.0
130528.0
130452.0
130474.0
130477.0
130454.0
130626.0
130540.0
130675.0
130501.0
130646.0
130586.0
130498.0
130593.0
130664.0
130485.0
130621.0
130615.0
130489.0
130561.0
130607.0
130583.0
130576.0
130586.0
130480.0
130500.0
130489.0
130501.0
130540.0
130544.0
130569.0
130585.0
130557.0
130565.0
130482.0
130580.0
130454.0
130515.0
130448.0
130444.0
130572.0
130534.0
130527.0
130569.0
130502.0
130524.0
130520.0
130554.0
130449.0
130540.0
130461.0
130488.0
130567.0
130498.0
130587.0
130608.0
130554.0
130540.0
130600.0
130612.0
130498.0
130585.0
130641.0
130559.0
130620.0
130583.0
130559.0
130616.0
130612.0
130582.0
130714.0
130665.0
130619.0
130601.0
130613.0
130625.0
130633.0
130647.0
130662.0
130588.0
130630.0
130608.0
130699.0
130696.0
130639.0
130601.0
130589.0
130598.0
130584.0
130597.0
130576.0
130508.0
130557.0
130549.0
130645.0
130596.0
130595.0
130563.0
130609.0
130537.0
130618.0
130555.0
130589.0
130530.0
130481.0
130632.0
130600.0
130544.0
130480.0
130553.0
130443.0
130500.0
130527.0
130633.0
130560.0
130538.0
130656.0
130523.0
130616.0
130594.0
130603.0
130479.0
130564.0
130523.0
130489.0
130515.0
130465.0
130537.0
130598.0
130551.0
130572.0
130535.0
130554.0
130513.0
130588.0
130607.0
130528.0
130546.0
130488.0
130556.0
130617.0
130579.0
130536.0
130430.0
130383.0
130544.0
130544.0
130483.0
130403.0
130484.0
130434.0
130443.0
130422.0
130438.0
130456.0
130518.0
130559.0
130476.0
130503.0
130536.0
130572.0
130487.0
130477.0
130561.0
130550.0
130566.0
130592.0
130472.0
130575.0
130571.0
130533.0
130604.0
130597.0
130520.0
130536.0
130673.0
130555.0
130563.0
130600.0
130640.0
130595.0
130602.0
130570.0
130525.0
130490.0
130540.0
130570.0
130572.0
130582.0
130529.0
130565.0
130518.0
130553.0
130521.0
130545.0
130481.0
130540.0
130566.0
130728.0
130609.0
130496.0
130424.0
130444.0
130509.0
130592.0
130538.0
130388.0
130463.0
130539.0
130571.0
130485.0
130508.0
130499.0
130397.0
130430.0
130432.0
130512.0
130468.0
130491.0
130434.0
130538.0
130510.0
130464.0
130394.0
130486.0
130522.0
130486.0
130469.0
130513.0
130517.0
130459.0
130471.0
130549.0
130562.0
130597.0
130499.0
130491.0
130423.0
130581.0
130564.0
130515.0
130486.0
130544.0
130477.0
130549.0
130570.0
130595.0
130476.0
130632.0
130643.0
130493.0
130532.0
130532.0
130590.0
130478.0
130558.0
130504.0
130564.0
130592.0
130583.0
130563.0
130549.0
130546.0
130590.0
130555.0
130566.0
130593.0
130535.0
130623.0
130516.0
130571.0
130417.0
130622.0
130696.0
130578.0
130658.0
130574.0
130530.0
130577.0
130512.0
130515.0
130544.0
130552.0
130438.0
130531.0
130454.0
130538.0
130636.0
130582.0
130484.0
130521.0
130519.0
130523.0
130507.0
130430.0
130480.0
130409.0
130561.0
130514.0
130480.0
130558.0
130491.0
130582.0
130612.0
130532.0
130537.0
130584.0
130553.0
130627.0
130583.0
130572.0
130494.0
130506.0
130487.0
130414.0
130427.0
130443.0
130465.0
130440.0
130389.0
130422.0
130487.0
130531.0
130542.0
130482.0
130556.0
130602.0
130504.0
130636.0
130476.0
130556.0
130458.0
130505.0
130488.0
130383.0
130443.0
130468.0
130447.0
130418.0
130435.0
130596.0
130506.0
130509.0
130543.0
130452.0
130458.0
130390.0
130483.0
130381.0
130352.0
130497.0
130435.0
130454.0
130451.0
130520.0
130472.0
130451.0
130526.0
130451.0
130527.0
130570.0
130433.0
130430.0
130509.0
130513.0
130425.0
130489.0
130452.0
130578.0
130436.0
130664.0
130469.0
130438.0
130567.0
130571.0
130516.0
130582.0
130489.0
130563.0
130421.0
130548.0
130509.0
130493.0
130514.0
130524.0
130500.0
130476.0
130494.0
130549.0
130456.0
130558.0
130498.0
130529.0
130402.0
130470.0
130564.0
130492.0
130453.0
130435.0
130565.0
130521.0
130404.0
130464.0
130479.0
130495.0
130525.0
130456.0
130453.0
130437.0
130488.0
130508.0
130517.0
130519.0
130474.0
130508.0
130419.0
130450.0
130401.0
130391.0
130468.0
130520.0
130493.0
130443.0
130449.0
130576.0
130490.0
130522.0
130548.0
130589.0
130525.0
130633.0
130524.0
130452.0
130610.0
130504.0
130533.0
130556.0
130559.0
130609.0
130531.0
130401.0
130453.0
130511.0
130443.0
130522.0
130403.0
130604.0
130476.0
130595.0
130523.0
130514.0
130619.0
130602.0
130420.0
130494.0
130631.0
130592.0
130510.0
130592.0
130496.0
130583.0
130551.0
130473.0
130529.0
130539.0
130447.0
130522.0
130589.0
130476.0
130594.0
130474.0
130540.0
130569.0
130593.0
130610.0
130562.0
130539.0
130480.0
130466.0
130629.0
130590.0
130630.0
130584.0
130553.0
130561.0
130475.0
130533.0
130488.0
130525.0
130459.0
130598.0
130529.0
130618.0
130619.0
130596.0
130624.0
130486.0
130499.0
130445.0
130460.0
130445.0
130472.0
130554.0
130501.0
130465.0
130412.0
130479.0
130505.0
130539.0
130520.0
130603.0
130406.0
130488.0
130484.0
130400.0
130387.0
130424.0
130461.0
130455.0
130572.0
130490.0
130426.0
130454.0
130393.0
130450.0
130562.0
130476.0
130508.0
130434.0
130557.0
130425.0
130478.0
130587.0
130490.0
130450.0
130538.0
130534.0
130499.0
130550.0
130494.0
130519.0
130522.0
130495.0
130548.0
130532.0
130503.0
130487.0
130452.0
130541.0
130485.0
130606.0
130534.0
130456.0
130461.0
130536.0
130506.0
130578.0
130472.0
130589.0
130543.0
130485.0
130520.0
130427.0
130445.0
130473.0
130447.0
130390.0
130539.0
130360.0
130534.0
130645.0
130497.0
130586.0
130524.0
130480.0
130443.0
130523.0
130509.0
130524.0
130526.0
130554.0
130541.0
130441.0
130528.0
130492.0
130426.0
130542.0
130527.0
130454.0
130493.0
130406.0
130525.0
130458.0
130462.0
130510.0
130515.0
130450.0
130536.0
130457.0
130541.0
130422.0
130452.0
130479.0
130402.0
130402.0
130489.0
130569.0
130533.0
130521.0
130572.0
130524.0
130493.0
130416.0
130385.0
130469.0
130507.0
130536.0
130561.0
130521.0
130547.0
130571.0
130563.0
130553.0
130522.0
130566.0
130565.0
130590.0
130558.0
130571.0
130514.0
130562.0
130583.0
130583.0
130542.0
130556.0
130553.0
130507.0
130443.0
130557.0
130369.0
130477.0
130489.0
130469.0
130429.0
130513.0
130437.0
130506.0
130442.0
130511.0
130630.0
130467.0
130444.0
130351.0
130498.0
130494.0
130415.0
130479.0
130369.0
130450.0
130382.0
130444.0
130499.0
130372.0
130396.0
130381.0
130486.0
130437.0
130547.0
130408.0
130328.0
130342.0
130394.0
130506.0
130410.0
130391.0
130375.0
130439.0
130444.0
130273.0
130388.0
130329.0
130467.0
130484.0
130477.0
130514.0
130520.0
130459.0
130410.0
130566.0
130317.0
130483.0
130393.0
130374.0
130481.0
130457.0
130483.0
130391.0
130308.0
130453.0
130464.0
130377.0
130392.0
130448.0
130509.0
130407.0
130557.0
130506.0
130467.0
130448.0
130485.0
130528.0
130504.0
130546.0
130428.0
130451.0
130598.0
130490.0
130516.0
130525.0
130463.0
130416.0
130432.0
130473.0
130479.0
130422.0
130544.0
130471.0
130509.0
130434.0
130541.0
130493.0
130404.0
130498.0
130537.0
130405.0
130460.0
130452.0
130473.0
130377.0
130469.0
130419.0
130391.0
130501.0
130477.0
130448.0
130372.0
130437.0
130450.0
130603.0
130443.0
130525.0
130502.0
130453.0
130504.0
130490.0
130468.0
130416.0
130411.0
130485.0
130585.0
130497.0
130533.0
130535.0
130575.0
130518.0
130519.0
130443.0
130466.0
130593.0
130424.0
130539.0
130526.0
130527.0
130546.0
130531.0
130543.0
130476.0
130391.0
130459.0
130521.0
130412.0
130399.0
130501.0
130456.0
130530.0
130496.0
130411.0
130504.0
130476.0
130489.0
130422.0
130440.0
130466.0
130359.0
130465.0
130475.0
130506.0
130398.0
130515.0
130450.0
130485.0
130531.0
130401.0
130511.0
130632.0
130527.0
130449.0
130437.0
130468.0
130439.0
130518.0
130490.0
130422.0
130476.0
130400.0
130474.0
130526.0
130483.0
130515.0
130439.0
130429.0
130434.0
130420.0
130503.0
130429.0
130419.0
130458.0
130495.0
130457.0
130495.0
130582.0
130515.0
130532.0
130589.0
130492.0
130334.0
130498.0
130466.0
130434.0
130450.0
130466.0
130428.0
130519.0
130515.0
130468.0
130501.0
130437.0
130466.0
130441.0
130392.0
130531.0
130399.0
130469.0
130403.0
130494.0
130429.0
130465.0
130403.0
130466.0
130439.0
130447.0
130435.0
130421.0
130484.0
130394.0
130378.0
130466.0
130506.0
130486.0
130619.0
130543.0
130488.0
130570.0
130587.0
130561.0
130531.0
130546.0
130616.0
130586.0
130538.0
130558.0
130654.0
130547.0
130419.0
130478.0
130485.0
130547.0
130592.0
130571.0
130552.0
130492.0
130541.0
130531.0
130458.0
130595.0
130442.0
130497.0
130404.0
130534.0
130500.0
130537.0
130438.0
130381.0
130530.0
130471.0
130581.0
130612.0
130562.0
130584.0
130557.0
130561.0
130478.0
130443.0
130492.0
130593.0
130581.0
130530.0
130549.0
130560.0
130499.0
130557.0
130503.0
130483.0
130493.0
130445.0
130496.0
130368.0
130506.0
130382.0
130451.0
130491.0
130492.0
130529.0
130455.0
130447.0
130469.0
130553.0
130460.0
130538.0
130564.0
130482.0
130518.0
130555.0
130499.0
130549.0
130492.0
130506.0
130421.0
130486.0
130508.0
130530.0
130606.0
130461.0
130488.0
130444.0
130562.0
130554.0
130506.0
130419.0
130399.0
130528.0
130497.0
130533.0
130473.0
130489.0
130515.0
130573.0
130602.0
130491.0
130527.0
130593.0
130482.0
130520.0
130485.0
130424.0
130569.0
130533.0
130405.0
130472.0
130557.0
130402.0
130475.0
130492.0
130526.0
130520.0
130458.0
130549.0
130579.0
130416.0
130548.0
130623.0
130517.0
130500.0
130502.0
130481.0
130527.0
130441.0
130493.0
130629.0
130556.0
130557.0
130473.0
130554.0
130526.0
130536.0
130441.0
130478.0
130446.0
130413.0
130556.0
130469.0
130469.0
130568.0
130433.0
130562.0
130509.0
130459.0
130413.0
130372.0
130431.0
130434.0
130466.0
130506.0
130453.0
130555.0
130398.0
130418.0
130494.0
130505.0
130570.0
130502.0
130522.0
130518.0
130531.0
130516.0
130447.0
130465.0
130569.0
130471.0
130427.0
130484.0
130586.0
130453.0
130541.0
130553.0
130465.0
130496.0
130485.0
130505.0
130472.0
130511.0
130592.0
130528.0
130539.0
130569.0
130502.0
130588.0
130595.0
130604.0
130568.0
130573.0
130490.0
130536.0
130561.0
130524.0
130513.0
130536.0
130466.0
130490.0
130476.0
130484.0
130371.0
130473.0
130435.0
130515.0
130413.0
130481.0
130431.0
130415.0
130382.0
130444.0
130321.0
130358.0
130339.0
130492.0
130393.0
130388.0
130579.0
130501.0
130499.0
130424.0
130451.0
130475.0
130516.0
130549.0
130518.0
130490.0
130488.0
130561.0
130603.0
130556.0
130532.0
130441.0
130471.0
130386.0
130505.0
130498.0
130497.0
130419.0
130425.0
130450.0
130520.0
130570.0
130580.0
130499.0
130520.0
130487.0
130552.0
130541.0
130583.0
130529.0
130615.0
130535.0
130538.0
130492.0
130512.0
130528.0
130538.0
130604.0
130576.0
130514.0
130511.0
130506.0
130608.0
130575.0
130606.0
130587.0
130507.0
130563.0
130428.0
130508.0
130632.0
130577.0
130621.0
130423.0
130618.0
130605.0
130588.0
130395.0
130562.0
130519.0
130410.0
130448.0
130544.0
130418.0
130494.0
130511.0
130527.0
130500.0
130499.0
130535.0
130456.0
130490.0
130452.0
130481.0
130422.0
130493.0
130394.0
130483.0
130428.0
130397.0
130393.0
130463.0
130485.0
130475.0
130507.0
130455.0
130477.0
130453.0
130405.0
130400.0
130424.0
130444.0
130511.0
130443.0
130461.0
130459.0
130419.0
130508.0
130425.0
130494.0
130537.0
130545.0
130388.0
130423.0
130490.0
130519.0
130481.0
130500.0
130477.0
130433.0
130506.0
130487.0
130500.0
130370.0
130454.0
130519.0
130515.0
130470.0
130473.0
130572.0
130554.0
130465.0
130472.0
130474.0
130510.0
130528.0
130441.0
130468.0
130547.0
130469.0
130462.0
130573.0
130439.0
130458.0
130413.0
130430.0
130537.0
130453.0
130496.0
130529.0
130472.0
130529.0
130452.0
130556.0
130559.0
130570.0
130695.0
130521.0
130573.0
130550.0
130515.0
130578.0
130509.0
130484.0
130558.0
130548.0
130599.0
130500.0
130490.0
130573.0
130592.0
130523.0
130506.0
130526.0
130604.0
130499.0
130525.0
130509.0
130622.0
130496.0
130543.0
130494.0
130519.0
130490.0
130566.0
130562.0
130518.0
130621.0
130512.0
130587.0
130571.0
130480.0
130541.0
130488.0
130477.0
130537.0
130565.0
130665.0
130567.0
130564.0
130533.0
130491.0
130480.0
130482.0
130552.0
130514.0
130487.0
130596.0
130522.0
130579.0
130475.0
130520.0
130490.0
130484.0
130530.0
130494.0
130526.0
130509.0
130568.0
130499.0
130562.0
130451.0
130567.0
130600.0
130491.0
130546.0
130566.0
130578.0
130576.0
130455.0
130522.0
130578.0
130430.0
130468.0
130540.0
130523.0
130489.0
130482.0
130541.0
130591.0
130482.0
130422.0
130402.0
130441.0
130517.0
130548.0
130578.0
130660.0
130502.0
130621.0
130510.0
130534.0
130501.0
130483.0
130539.0
130508.0
130526.0
130570.0
130588.0
130650.0
130483.0
130607.0
130588.0
130551.0
130499.0
130547.0
130481.0
130529.0
130489.0
130597.0
130485.0
130515.0
130644.0
130555.0
130555.0
130546.0
130641.0
130594.0
130634.0
130580.0
130621.0
130572.0
130591.0
130636.0
130547.0
130581.0
130518.0
130619.0
130537.0
130530.0
130434.0
130517.0
130592.0
130489.0
130613.0
130482.0
130525.0
130569.0
130637.0
130468.0
130515.0
130553.0
130492.0
130637.0
130593.0
130584.0
130599.0
130572.0
130692.0
130510.0
130594.0
130662.0
130636.0
130573.0
130589.0
130652.0
130604.0
130429.0
130715.0
130705.0
130636.0
130607.0
130624.0
130650.0
130602.0
130576.0
130675.0
130533.0
130664.0
130616.0
130559.0
130570.0
130603.0
130546.0
130616.0
130624.0
130542.0
130518.0
130626.0
130654.0
130625.0
130576.0
130630.0
130560.0
130627.0
130603.0
130514.0
130587.0
130576.0
130584.0
130621.0
130584.0
130586.0
130647.0
130621.0
130427.0
130600.0
130515.0
130612.0
130643.0
130453.0
130587.0
130621.0
130502.0
130564.0
130473.0
130527.0
130652.0
130606.0
130597.0
130675.0
130625.0
130660.0
130548.0
130556.0
130502.0
130598.0
130615.0
130495.0
130634.0
130585.0
130607.0
130516.0
130636.0
130654.0
130679.0
130658.0
130701.0
130707.0
130663.0
130672.0
130543.0
130685.0
130589.0
130643.0
130623.0
130637.0
130685.0
130588.0
130590.0
130564.0
130565.0
130493.0
130567.0
130646.0
130592.0
130694.0
130631.0
130656.0
130497.0
130511.0
130625.0
130624.0
130573.0
130678.0
130603.0
130635.0
130701.0
130672.0
130612.0
130568.0
130545.0
130599.0
130520.0
130497.0
130591.0
130513.0
130612.0
130557.0
130656.0
130546.0
130515.0
130620.0
130591.0
130526.0
130544.0
130540.0
130617.0
130684.0
130602.0
130538.0
130639.0
130584.0
130588.0
130542.0
130442.0
130613.0
130630.0
130640.0
130629.0
130600.0
130644.0
130682.0
130598.0
130650.0
130594.0
130613.0
130511.0
130659.0
130588.0
130622.0
130607.0
130538.0
130625.0
130551.0
130578.0
130578.0
130506.0
130595.0
130572.0
130617.0
130548.0
130644.0
130634.0
130575.0
130583.0
130599.0
130656.0
130616.0
130673.0
130563.0
130475.0
130632.0
130607.0
130550.0
130568.0
130596.0
130543.0
130591.0
130614.0
130558.0
130622.0
130631.0
130631.0
130696.0
130636.0
130673.0
130548.0
130584.0
130732.0
130644.0
130603.0
130549.0
130604.0
130452.0
130498.0
130469.0
130625.0
130556.0
130691.0
130591.0
130587.0
130624.0
130532.0
130601.0
130635.0
130584.0
130605.0
130679.0
130592.0
130704.0
130682.0
130644.0
130705.0
130619.0
130609.0
130700.0
130659.0
130466.0
130563.0
130589.0
130573.0
130513.0
130562.0
130528.0
130547.0
130614.0
130603.0
130592.0
130622.0
130528.0
130593.0
130512.0
130550.0
130643.0
130641.0
130570.0
130628.0
130557.0
130502.0
130550.0
130568.0
130562.0
130692.0
130606.0
130537.0
130650.0
130646.0
130594.0
130610.0
130663.0
130601.0
130657.0
130582.0
130610.0
130564.0
130570.0
130520.0
130528.0
130490.0
130612.0
130570.0
130525.0
130576.0
130674.0
130416.0
130565.0
130588.0
130568.0
130507.0
130609.0
130678.0
130579.0
130609.0
130568.0
130495.0
130561.0
130534.0
130613.0
130603.0
130713.0
130585.0
130637.0
130545.0
130509.0
130539.0
130538.0
130532.0
130648.0
130577.0
130532.0
130611.0
130521.0
130598.0
130615.0
130696.0
130544.0
130588.0
130454.0
130627.0
130571.0
130516.0
130555.0
130524.0
130500.0
130533.0
130593.0
130568.0
130611.0
130613.0
130612.0
130675.0
130569.0
130596.0
130595.0
130632.0
130555.0
130630.0
130557.0
130674.0
130649.0
130575.0
130640.0
130583.0
130519.0
130670.0
130587.0
130522.0
130536.0
130493.0
130488.0
130604.0
130629.0
130720.0
130598.0
130630.0
130571.0
130637.0
130710.0
130597.0
130631.0
130584.0
130593.0
130533.0
130533.0
130657.0
130590.0
130632.0
130577.0
130567.0
130584.0
130634.0
130489.0
130677.0
130650.0
130663.0
130698.0
130599.0
130618.0
130538.0
130606.0
130624.0
130576.0
130557.0
130541.0
130554.0
130595.0
130583.0
130594.0
130608.0
130580.0
130688.0
130630.0
130564.0
130501.0
130609.0
130559.0
130686.0
130554.0
130486.0
130565.0
130678.0
130596.0
130628.0
130578.0
130617.0
130693.0
130597.0
130623.0
130649.0
130561.0
130666.0
130600.0
130577.0
130531.0
130607.0
130586.0
130498.0
130535.0
130540.0
130499.0
130475.0
130522.0
130500.0
130659.0
130452.0
130590.0
130510.0
130580.0
130588.0
130534.0
130652.0
130591.0
130682.0
130563.0
130660.0
130616.0
130609.0
130574.0
130594.0
130681.0
130626.0
130624.0
130630.0
130633.0
130561.0
130598.0
130503.0
130626.0
130637.0
130539.0
130495.0
130565.0
130528.0
130669.0
130529.0
130549.0
130478.0
130615.0
130547.0
130535.0
130465.0
130431.0
130438.0
130649.0
130700.0
130644.0
130645.0
130560.0
130636.0
130644.0
130675.0
130615.0
130665.0
130588.0
130597.0
130599.0
130560.0
130657.0
130592.0
130678.0
130641.0
130674.0
130683.0
130626.0
130612.0
130607.0
130584.0
130535.0
130663.0
130561.0
130642.0
130557.0
130626.0
130593.0
130692.0
130656.0
130511.0
130586.0
130655.0
130562.0
130564.0
130622.0
130611.0
130592.0
130573.0
130651.0
130462.0
130577.0
130659.0
130598.0
130557.0
130612.0
130628.0
130584.0
130482.0
130568.0
130551.0
130570.0
130570.0
130580.0
130476.0
130570.0
130548.0
130580.0
130536.0
130594.0
130520.0
130667.0
130588.0
130488.0
130604.0
130486.0
130558.0
130454.0
130518.0
130521.0
130620.0
130554.0
130647.0
130577.0
130684.0
130683.0
130608.0
130629.0
130659.0
130622.0
130554.0
130570.0
130549.0
130648.0
130631.0
130667.0
130611.0
130573.0
130619.0
130573.0
130627.0
130516.0
130484.0
130567.0
130562.0
130527.0
130622.0
130645.0
130633.0
130608.0
130623.0
130662.0
130552.0
130571.0
130518.0
130537.0
130609.0
130570.0
130669.0
130608.0
130500.0
130537.0
130505.0
130662.0
130591.0
130469.0
130607.0
130627.0
130546.0
130571.0
130549.0
130624.0
130556.0
130531.0
130623.0
130710.0
130582.0
130646.0
130597.0
130557.0
130581.0
130516.0
130454.0
130506.0
130474.0
130539.0
130435.0
130564.0
130540.0
130501.0
130552.0
130542.0
130444.0
130464.0
130522.0
130528.0
130536.0
130554.0
130624.0
130477.0
130494.0
130513.0
130538.0
130596.0
130568.0
130571.0
130567.0
130540.0
130580.0
130562.0
130541.0
130520.0
130600.0
130599.0
130459.0
130588.0
130549.0
130578.0
130584.0
130629.0
130613.0
130451.0
130601.0
130650.0
130600.0
130579.0
130562.0
130701.0
130550.0
130464.0
130556.0
130499.0
130567.0
130658.0
130588.0
130462.0
130524.0
130570.0
130529.0
130481.0
130512.0
130457.0
130524.0
130624.0
130646.0
130529.0
130551.0
130510.0
130624.0
130731.0
130584.0
130575.0
130611.0
130549.0
130562.0
130591.0
130489.0
130380.0
130528.0
130676.0
130541.0
130488.0
130560.0
130524.0
130578.0
130511.0
130456.0
130667.0
130508.0
130528.0
130577.0
130538.0
130549.0
130661.0
130482.0
130612.0
130515.0
130569.0
130524.0
130603.0
130560.0
130570.0
130441.0
130598.0
130561.0
130595.0
130504.0
130587.0
130567.0
130568.0
130673.0
130515.0
130522.0
130467.0
130492.0
130465.0
130528.0
130576.0
130586.0
130540.0
130559.0
130537.0
130594.0
130629.0
130505.0
130558.0
130544.0
130593.0
130562.0
130530.0
130473.0
130564.0
130631.0
130517.0
130538.0
130534.0
130495.0
130610.0
130405.0
130618.0
130506.0
130627.0
130456.0
130600.0
130636.0
130658.0
130569.0
130525.0
130501.0
130469.0
130540.0
130563.0
130389.0
130540.0
130536.0
130594.0
130507.0
130472.0
130561.0
130545.0
130622.0
130625.0
130574.0
130541.0
130511.0
130593.0
130417.0
130505.0
130447.0
130479.0
130458.0
130567.0
130526.0
130576.0
130542.0
130612.0
130544.0
130517.0
130448.0
130521.0
130505.0
130486.0
130590.0
130471.0
130463.0
130509.0
130542.0
130496.0
130544.0
130480.0
130629.0
130444.0
130495.0
130565.0
130499.0
130468.0
130564.0
130502.0
130499.0
130533.0
130417.0
130434.0
130457.0
130546.0
130510.0
130599.0
130545.0
130565.0
130432.0
130546.0
130535.0
130524.0
130453.0
130516.0
130503.0
130509.0
130558.0
130536.0
130581.0
130560.0
130466.0
130522.0
130562.0
130565.0
130566.0
130602.0
130594.0
130525.0
130621.0
130600.0
130517.0
130600.0
130609.0
130447.0
130420.0
130480.0
130536.0
130472.0
130422.0
130438.0
130480.0
130555.0
130417.0
130416.0
130366.0
130489.0
130496.0
130564.0
130406.0
130578.0
130575.0
130590.0
130501.0
130491.0
130602.0
130549.0
130511.0
130540.0
130537.0
130518.0
130577.0
130537.0
130573.0
130478.0
130592.0
130542.0
130514.0
130568.0
130479.0
130517.0
130532.0
130635.0
130613.0
130469.0
130432.0
130527.0
130549.0
130518.0
130528.0
130470.0
130555.0
130495.0
130537.0
130463.0
130648.0
130572.0
130555.0
130484.0
130494.0
130510.0
130591.0
130516.0
130550.0
130588.0
130470.0
130623.0
130532.0
130542.0
130523.0
130601.0
130557.0
130432.0
130530.0
130610.0
130457.0
130574.0
130485.0
130498.0
130481.0
130489.0
130477.0
130408.0
130554.0
130515.0
130550.0
130488.0
130499.0
130475.0
130545.0
130529.0
130563.0
130522.0
130540.0
130573.0
130490.0
130490.0
130540.0
130523.0
130564.0
130634.0
130446.0
130568.0
130491.0
130566.0
130554.0
130551.0
130562.0
130608.0
130447.0
130418.0
130555.0
130568.0
130445.0
130485.0
130548.0
130581.0
130585.0
130600.0
130494.0
130474.0
130511.0
130570.0
130633.0
130496.0
130440.0
130582.0
130491.0
130588.0
130608.0
130488.0
130504.0
130549.0
130561.0
130579.0
130562.0
130531.0
130616.0
130601.0
130525.0
130530.0
130564.0
130564.0
130502.0
130553.0
130410.0
130490.0
130612.0
130402.0
130485.0
130475.0
130501.0
130413.0
130498.0
130466.0
130498.0
130538.0
130541.0
130511.0
130533.0
130556.0
130503.0
130440.0
130498.0
130561.0
130520.0
130485.0
130554.0
130516.0
130419.0
130460.0
130529.0
130656.0
130476.0
130518.0
130476.0
130488.0
130350.0
130539.0
130410.0
130522.0
130477.0
130571.0
130460.0
130494.0
130566.0
130666.0
130550.0
130563.0
130573.0
130631.0
130563.0
130457.0
130626.0
130573.0
130526.0
130482.0
130465.0
130555.0
130622.0
130447.0
130599.0
130569.0
130490.0
130453.0
130520.0
130462.0
130508.0
130481.0
130569.0
130438.0
130409.0
130574.0
130521.0
130450.0
130613.0
130535.0
130394.0
130499.0
130416.0
130487.0
130455.0
130495.0
130456.0
130484.0
130586.0
130570.0
130520.0
130527.0
130509.0
130527.0
130512.0
130534.0
130491.0
130516.0
130519.0
130639.0
130566.0
130591.0
130482.0
130442.0
130425.0
130524.0
130465.0
130456.0
130476.0
130612.0
130514.0
130511.0
130482.0
130504.0
130548.0
130550.0
130652.0
130631.0
130562.0
130497.0
130530.0
130565.0
130459.0
130549.0
130599.0
130639.0
130621.0
130611.0
130505.0
130572.0
130610.0
130562.0
130554.0
130621.0
130479.0
130525.0
130570.0
130581.0
130572.0
130567.0
130489.0
130525.0
130619.0
130525.0
130548.0
130456.0
130519.0
130541.0
130501.0
130546.0
130580.0
130547.0
130606.0
130545.0
130467.0
130605.0
130645.0
130577.0
130537.0
130538.0
130598.0
130513.0
130553.0
130587.0
130536.0
130609.0
130580.0
130498.0
130521.0
130637.0
130586.0
130699.0
130593.0
130657.0
130619.0
130561.0
130647.0
130635.0
130553.0
130458.0
130667.0
130684.0
130634.0
130644.0
130557.0
130566.0
130671.0
130617.0
130632.0
130646.0
130523.0
130652.0
130671.0
130614.0
130650.0
130530.0
130577.0
130613.0
130640.0
130550.0
130644.0
130517.0
130559.0
130555.0
130677.0
130661.0
130617.0
130655.0
130681.0
130653.0
130595.0
130643.0
130688.0
130653.0
130715.0
130619.0
130658.0
130608.0
130611.0
130580.0
130608.0
130632.0
130653.0
130708.0
130709.0
130622.0
130648.0
130595.0
130460.0
130627.0
130603.0
130655.0
130539.0
130575.0
130511.0
130514.0
130674.0
130589.0
130619.0
130515.0
130588.0
130687.0
130688.0
130650.0
130544.0
130690.0
130600.0
130651.0
130656.0
130539.0
130548.0
130691.0
130545.0
130647.0
130602.0
130678.0
130563.0
130559.0
130634.0
130651.0
130639.0
130565.0
130581.0
130542.0
130618.0
130445.0
130542.0
130498.0
130485.0
130600.0
130514.0
130495.0
130530.0
130648.0
130588.0
130595.0
130572.0
130517.0
130476.0
130463.0
130587.0
130479.0
130560.0
130502.0
130594.0
130431.0
130565.0
130541.0
130613.0
130522.0
130480.0
130469.0
130590.0
130452.0
130451.0
130520.0
130585.0
130586.0
130521.0
130537.0
130420.0
130470.0
130499.0
130532.0
130529.0
130595.0
130499.0
130537.0
130471.0
130575.0
130490.0
130505.0
130615.0
130654.0
130621.0
130629.0
130627.0
130642.0
130584.0
130634.0
130521.0
130536.0
130563.0
130477.0
130544.0
130482.0
130563.0
130510.0
130586.0
130525.0
130513.0
130543.0
130610.0
130475.0
130541.0
130544.0
130525.0
130492.0
130459.0
130459.0
130482.0
130597.0
130523.0
130582.0
130538.0
130626.0
130521.0
130634.0
130690.0
130712.0
130635.0
130596.0
130555.0
130666.0
130617.0
130664.0
130590.0
130648.0
130583.0
130534.0
130666.0
130595.0
130541.0
130667.0
130671.0
130656.0
130678.0
130635.0
130616.0
130612.0
130578.0
130620.0
130593.0
130689.0
130641.0
130638.0
130534.0
130649.0
130597.0
130660.0
130648.0
130621.0
130614.0
130683.0
130591.0
130616.0
130635.0
130540.0
130631.0
130578.0
130599.0
130553.0
130517.0
130650.0
130605.0
130488.0
130610.0
130506.0
130603.0
130585.0
130695.0
130586.0
130390.0
130515.0
130473.0
130568.0
130581.0
130644.0
130586.0
130558.0
130502.0
130620.0
130499.0
130547.0
130510.0
130568.0
130641.0
130573.0
130621.0
130548.0
130604.0
130637.0
130636.0
130625.0
130756.0
130658.0
130675.0
130611.0
130595.0
130788.0
130638.0
130623.0
130747.0
130687.0
130792.0
130709.0
130596.0
130638.0
130659.0
130709.0
130749.0
130653.0
130725.0
130649.0
130574.0
130547.0
130552.0
130634.0
130622.0
130554.0
130614.0
130611.0
130518.0
130701.0
130577.0
130556.0
130613.0
130538.0
130637.0
130664.0
130608.0
130502.0
130574.0
130570.0
130601.0
130619.0
130633.0
130637.0
130569.0
130566.0
130548.0
130636.0
130610.0
130597.0
130662.0
130603.0
130649.0
130674.0
130695.0
130532.0
130667.0
130496.0
130668.0
130523.0
130607.0
130558.0
130552.0
130621.0
130582.0
130459.0
130537.0
130510.0
130531.0
130672.0
130520.0
130638.0
130668.0
130517.0
130521.0
130645.0
130640.0
130687.0
130602.0
130630.0
130532.0
130666.0
130643.0
130661.0
130539.0
130603.0
130579.0
130635.0
130600.0
130685.0
130648.0
130687.0
130620.0
130640.0
130547.0
130649.0
130559.0
130594.0
130592.0
130562.0
130572.0
130626.0
130556.0
130705.0
130583.0
130596.0
130635.0
130577.0
130577.0
130663.0
130610.0
130699.0
130596.0
130576.0
130590.0
130637.0
130693.0
130569.0
130693.0
130685.0
130623.0
130662.0
130534.0
130537.0
130551.0
130606.0
130628.0
130622.0
130556.0
130627.0
130547.0
130688.0
130722.0
130628.0
130576.0
130705.0
130712.0
130630.0
130713.0
130667.0
130661.0
130567.0
130571.0
130622.0
130658.0
130570.0
130630.0
130572.0
130658.0
130719.0
130572.0
130648.0
130545.0
130550.0
130580.0
130518.0
130608.0
130612.0
130522.0
130579.0
130632.0
130471.0
130615.0
130639.0
130494.0
130580.0
130510.0
130577.0
130715.0
130569.0
130508.0
130554.0
130582.0
130587.0
130579.0
130541.0
130617.0
130458.0
130587.0
130456.0
130505.0
130494.0
130609.0
130604.0
130559.0
130634.0
130601.0
130588.0
130587.0
130512.0
130589.0
130528.0
130553.0
130509.0
130468.0
130447.0
130499.0
130561.0
130470.0
130512.0
130501.0
130570.0
130571.0
130563.0
130502.0
130578.0
130700.0
130462.0
130543.0
130530.0
130593.0
130566.0
130560.0
130508.0
130629.0
130634.0
130634.0
130533.0
130616.0
130607.0
130562.0
130528.0
130595.0
130565.0
130588.0
130542.0
130590.0
130559.0
130618.0
130651.0
130555.0
130710.0
130626.0
130646.0
