149431.0
149413.0
149492.0
149609.0
149625.0
149592.0
149637.0
149596.0
149694.0
149638.0
149691.0
149625.0
149792.0
149796.0
149706.0
149621.0
149712.0
149677.0
149657.0
149760.0
149753.0
149644.0
149705.0
149662.0
149682.0
149761.0
149775.0
149712.0
149832.0
149738.0
149803.0
149783.0
149889.0
149795.0
149807.0
149749.0
149774.0
149885.0
149813.0
149919.0
149807.0
149855.0
149830.0
149817.0
149815.0
149867.0
149903.0
149894.0
149869.0
149839.0
149815.0
149901.0
149822.0
149773.0
149817.0
149885.0
149813.0
149849.0
149922.0
149920.0
149904.0
149894.0
149828.0
149953.0
149865.0
149817.0
149836.0
149970.0
149974.0
149934.0
149989.0
149917.0
149987.0
149968.0
149922.0
149997.0
149963.0
149824.0
149881.0
149968.0
149842.0
149932.0
149935.0
149809.0
149826.0
149809.0
149821.0
149904.0
149863.0
149960.0
149977.0
149819.0
149822.0
149920.0
149797.0
149839.0
149903.0
149892.0
149851.0
149921.0
149969.0
149928.0
149972.0
149843.0
149944.0
149860.0
149951.0
149937.0
149976.0
149864.0
149954.0
149789.0
149976.0
149898.0
149903.0
149884.0
149933.0
149916.0
149950.0
149991.0
150023.0
149989.0
149960.0
149951.0
149907.0
149892.0
149997.0
149889.0
149988.0
149943.0
149948.0
149987.0
149996.0
149952.0
149988.0
149995.0
149905.0
150084.0
149918.0
150071.0
150079.0
150001.0
149974.0
150017.0
149988.0
149960.0
149962.0
149967.0
149906.0
149968.0
149948.0
149997.0
149975.0
150017.0
150052.0
149901.0
150009.0
149913.0
149943.0
149816.0
150002.0
149922.0
150037.0
149989.0
149988.0
149976.0
149896.0
150003.0
150013.0
149952.0
149945.0
149994.0
149906.0
150020.0
149927.0
150014.0
149947.0
149812.0
149957.0
149888.0
149896.0
149996.0
149806.0
150100.0
149922.0
149903.0
150004.0
149968.0
150010.0
150046.0
149963.0
149919.0
150075.0
149949.0
150017.0
149948.0
149904.0
149916.0
149889.0
149941.0
149848.0
149922.0
150033.0
149928.0
149887.0
149933.0
149861.0
149927.0
150009.0
149956.0
149972.0
149950.0
149956.0
149928.0
149877.0
150010.0
149956.0
149975.0
150013.0
150017.0
150030.0
150021.0
149973.0
149965.0
149996.0
150102.0
150016.0
150092.0
150141.0
149985.0
150102.0
150111.0
150013.0
150101.0
150059.0
150072.0
150073.0
150018.0
149979.0
150065.0
150010.0
150045.0
150070.0
150037.0
150006.0
149937.0
150000.0
150074.0
149962.0
150065.0
149983.0
150134.0
149986.0
150035.0
150110.0
150069.0
150043.0
150003.0
149953.0
150220.0
150119.0
149996.0
150121.0
150119.0
150033.0
150114.0
150188.0
150041.0
150104.0
149985.0
150171.0
150170.0
150053.0
150095.0
150152.0
150011.0
150056.0
150009.0
150114.0
150037.0
150034.0
150145.0
150123.0
150059.0
150045.0
150174.0
150063.0
150083.0
150016.0
150082.0
150027.0
150078.0
149914.0
150000.0
149954.0
150032.0
150046.0
149946.0
149979.0
150085.0
150033.0
150036.0
149924.0
149935.0
150006.0
150020.0
150000.0
150155.0
150057.0
150067.0
149966.0
149977.0
149975.0
150048.0
150113.0
150087.0
149998.0
149977.0
149956.0
149974.0
150043.0
149994.0
150048.0
150020.0
149908.0
150097.0
149968.0
150020.0
149918.0
149928.0
149857.0
149996.0
149987.0
149940.0
150064.0
149928.0
150089.0
150071.0
150084.0
149959.0
149996.0
150071.0
150072.0
150115.0
150035.0
150023.0
149990.0
150084.0
150062.0
150069.0
149961.0
150046.0
150063.0
149946.0
150067.0
150012.0
149864.0
150000.0
149962.0
149989.0
150069.0
150028.0
150079.0
149932.0
150044.0
149953.0
149989.0
149956.0
149945.0
149964.0
149902.0
150016.0
150083.0
150038.0
150144.0
149997.0
150034.0
150002.0
150058.0
150040.0
150016.0
150083.0
149942.0
150047.0
150007.0
149907.0
150101.0
149949.0
149944.0
150009.0
149968.0
149981.0
150077.0
150075.0
150109.0
150008.0
150032.0
150029.0
150116.0
150098.0
150090.0
150063.0
150181.0
150066.0
150174.0
150015.0
150087.0
150042.0
150061.0
150048.0
149969.0
149940.0
149990.0
149814.0
150017.0
149960.0
149933.0
149928.0
149958.0
149893.0
149979.0
150014.0
149923.0
150067.0
150093.0
150024.0
149979.0
150057.0
150088.0
150035.0
150046.0
150000.0
149968.0
150037.0
150066.0
149893.0
149991.0
150116.0
149994.0
150000.0
149920.0
150046.0
150100.0
150043.0
150028.0
150071.0
150085.0
150077.0
149964.0
150069.0
150078.0
149980.0
150071.0
150043.0
150033.0
150072.0
150124.0
150193.0
150003.0
150063.0
150045.0
149986.0
150046.0
150044.0
150002.0
150038.0
150172.0
150020.0
150084.0
149892.0
149929.0
149993.0
149961.0
150016.0
149924.0
149919.0
149894.0
149869.0
149966.0
149903.0
150021.0
149986.0
149973.0
149991.0
150021.0
149981.0
149986.0
150030.0
150020.0
149955.0
150071.0
150064.0
150022.0
149980.0
149962.0
150002.0
150010.0
150039.0
150037.0
150070.0
150052.0
150063.0
149992.0
150110.0
150141.0
150097.0
150095.0
150087.0
150079.0
150044.0
150087.0
150002.0
150121.0
149955.0
150071.0
149922.0
149912.0
150078.0
149927.0
150008.0
150063.0
150093.0
150102.0
150048.0
150026.0
150009.0
150098.0
150051.0
149940.0
150042.0
150155.0
150007.0
150054.0
150000.0
150105.0
149920.0
150129.0
150174.0
149988.0
150170.0
150129.0
150110.0
150184.0
150194.0
150015.0
150136.0
149906.0
150132.0
150016.0
150038.0
150151.0
150123.0
150015.0
150064.0
150149.0
150082.0
150140.0
150072.0
150115.0
150214.0
150121.0
150074.0
150086.0
150092.0
150103.0
150106.0
150183.0
150075.0
150107.0
150068.0
150246.0
150115.0
150068.0
150043.0
150122.0
150138.0
150128.0
150061.0
150107.0
150231.0
150063.0
150085.0
150144.0
150077.0
150189.0
150047.0
150147.0
150088.0
150063.0
150115.0
150060.0
150067.0
150086.0
150194.0
150065.0
150117.0
150114.0
150118.0
150056.0
150110.0
150000.0
150008.0
150099.0
150213.0
150080.0
150095.0
150016.0
150136.0
150015.0
150049.0
150021.0
150136.0
149981.0
150126.0
150092.0
150108.0
150104.0
150103.0
150113.0
150061.0
150135.0
150180.0
150037.0
150123.0
150181.0
150055.0
150176.0
150215.0
150055.0
150242.0
150196.0
150134.0
150060.0
150070.0
150094.0
150131.0
150172.0
150095.0
150109.0
150122.0
150015.0
150040.0
150110.0
150079.0
150143.0
150080.0
150159.0
150083.0
150074.0
150089.0
150078.0
150067.0
150115.0
150249.0
150007.0
150182.0
150131.0
150039.0
150141.0
149983.0
150018.0
150120.0
150127.0
150113.0
150136.0
150110.0
150076.0
150245.0
150219.0
150014.0
150154.0
150128.0
150049.0
150131.0
150125.0
149961.0
150062.0
150120.0
149951.0
150063.0
150078.0
150033.0
150055.0
149908.0
150058.0
150017.0
150102.0
150099.0
150076.0
150075.0
150110.0
150216.0
150158.0
150093.0
150137.0
150114.0
150053.0
150204.0
150117.0
150151.0
150077.0
150166.0
150186.0
150106.0
150079.0
150151.0
150155.0
150252.0
149995.0
150074.0
150189.0
150040.0
150073.0
150209.0
150175.0
150104.0
150122.0
150231.0
150183.0
150194.0
150174.0
150153.0
150112.0
150121.0
150056.0
150154.0
150065.0
150114.0
150126.0
150139.0
150065.0
150081.0
150193.0
150107.0
150106.0
150094.0
150055.0
150047.0
150063.0
150018.0
150118.0
150124.0
150094.0
150057.0
150227.0
150078.0
150144.0
150132.0
150079.0
150131.0
150074.0
150042.0
150162.0
150131.0
150001.0
150020.0
150059.0
150095.0
150142.0
150067.0
150060.0
149967.0
150083.0
150032.0
150076.0
150027.0
150064.0
150133.0
150148.0
150151.0
150206.0
150214.0
150257.0
150195.0
150141.0
150184.0
150123.0
150236.0
150170.0
150204.0
150166.0
150188.0
150137.0
150199.0
150109.0
150113.0
150142.0
150186.0
150262.0
150191.0
150130.0
150210.0
150141.0
150112.0
150189.0
150203.0
150163.0
150074.0
150181.0
150231.0
150074.0
150047.0
150083.0
150090.0
149999.0
150112.0
150107.0
150052.0
150082.0
150105.0
150130.0
150102.0
150109.0
149999.0
150018.0
150195.0
150097.0
150179.0
150124.0
150177.0
150187.0
150084.0
150201.0
150157.0
150214.0
150035.0
150077.0
150119.0
150124.0
150151.0
150232.0
150157.0
150177.0
150118.0
150083.0
150147.0
150197.0
150155.0
150108.0
150054.0
150104.0
150152.0
150139.0
150187.0
150177.0
150231.0
150245.0
150197.0
150189.0
150130.0
150166.0
150082.0
150213.0
150164.0
150208.0
150194.0
150009.0
150099.0
150197.0
150280.0
150049.0
150149.0
150093.0
150199.0
150018.0
150066.0
150147.0
149982.0
150078.0
150018.0
150097.0
150038.0
150140.0
150119.0
150121.0
150035.0
150091.0
150069.0
150165.0
150068.0
150199.0
150145.0
150125.0
150110.0
150187.0
150015.0
150047.0
150133.0
150057.0
150142.0
150109.0
150120.0
150006.0
150138.0
150067.0
150218.0
150223.0
150183.0
150104.0
150160.0
150115.0
150117.0
150164.0
150021.0
150089.0
150106.0
150049.0
150065.0
150077.0
150186.0
150028.0
150159.0
150162.0
150117.0
150156.0
150147.0
150081.0
150180.0
150175.0
150168.0
150056.0
150171.0
150123.0
150031.0
149995.0
150047.0
150070.0
150003.0
150124.0
150123.0
150245.0
150113.0
150173.0
150194.0
150174.0
150219.0
150206.0
150110.0
150153.0
150156.0
150063.0
150056.0
150128.0
150105.0
150118.0
150154.0
150210.0
150190.0
150136.0
150157.0
150252.0
150192.0
150178.0
150125.0
150126.0
150153.0
150172.0
150070.0
150118.0
150065.0
150173.0
150087.0
150053.0
150125.0
150047.0
150010.0
150130.0
150149.0
150166.0
150087.0
150072.0
150097.0
149963.0
150136.0
150133.0
150084.0
150167.0
150093.0
150017.0
150047.0
150190.0
150048.0
150062.0
150114.0
150115.0
150045.0
150156.0
150059.0
150201.0
150111.0
150119.0
150148.0
150097.0
150176.0
150141.0
150102.0
150010.0
150213.0
150081.0
150100.0
150132.0
150058.0
150125.0
150206.0
150226.0
150203.0
150088.0
150196.0
150159.0
150207.0
150209.0
150194.0
150339.0
150199.0
150330.0
150210.0
150268.0
150246.0
150196.0
150335.0
150240.0
150120.0
150183.0
150209.0
150119.0
150154.0
150228.0
150233.0
150189.0
150198.0
150156.0
150216.0
150162.0
150243.0
150222.0
150199.0
150278.0
150277.0
150163.0
150187.0
150056.0
150132.0
150126.0
150177.0
150078.0
150099.0
150163.0
150217.0
150157.0
150217.0
150170.0
150220.0
150146.0
150177.0
150180.0
150235.0
150145.0
150217.0
150254.0
150203.0
150292.0
150304.0
150199.0
150172.0
150269.0
150232.0
150095.0
150201.0
150246.0
150197.0
150198.0
150272.0
150182.0
150214.0
150230.0
150244.0
150323.0
150353.0
150315.0
150320.0
150245.0
150325.0
150262.0
150301.0
150242.0
150223.0
150276.0
150287.0
150314.0
150339.0
150310.0
150319.0
150249.0
150216.0
150140.0
150262.0
150316.0
150194.0
150192.0
150215.0
150245.0
150234.0
150187.0
150217.0
150205.0
150134.0
150144.0
150230.0
150212.0
150082.0
150105.0
150249.0
150246.0
150296.0
150129.0
150203.0
150174.0
150220.0
150258.0
150292.0
150231.0
150235.0
150373.0
150208.0
150301.0
150346.0
150343.0
150191.0
150257.0
150210.0
150124.0
150102.0
150204.0
150210.0
150325.0
150283.0
150230.0
150315.0
150244.0
150292.0
150309.0
150299.0
150273.0
150336.0
150162.0
150224.0
150320.0
150333.0
150243.0
150215.0
150122.0
150278.0
150219.0
150130.0
150097.0
150204.0
150133.0
150130.0
150069.0
150055.0
150086.0
150130.0
150187.0
150168.0
150160.0
150204.0
150266.0
150250.0
150147.0
150234.0
150166.0
150310.0
150325.0
150130.0
150333.0
150274.0
150208.0
150321.0
150277.0
150229.0
150294.0
150378.0
150209.0
150230.0
150272.0
150241.0
150248.0
150223.0
150182.0
150160.0
150162.0
150244.0
150268.0
150252.0
150269.0
150227.0
150251.0
150139.0
150130.0
150104.0
150186.0
150154.0
150181.0
150203.0
150321.0
150170.0
150112.0
150059.0
150134.0
150149.0
150242.0
150159.0
150081.0
150130.0
150185.0
150213.0
150073.0
150153.0
150157.0
150037.0
150035.0
150088.0
150080.0
150085.0
150075.0
150045.0
150165.0
150148.0
150147.0
150104.0
150176.0
150145.0
150119.0
150046.0
150094.0
150113.0
150110.0
150139.0
150168.0
150195.0
150302.0
150186.0
150176.0
150107.0
150246.0
150179.0
150085.0
150168.0
150236.0
150156.0
150187.0
150172.0
150215.0
150123.0
150226.0
150251.0
150075.0
150189.0
150191.0
150201.0
150137.0
150233.0
150191.0
150261.0
150108.0
150195.0
150156.0
150162.0
150241.0
150252.0
150163.0
150226.0
150178.0
150149.0
150173.0
150079.0
150179.0
150047.0
150190.0
150265.0
150151.0
150241.0
150212.0
150233.0
150219.0
150095.0
150091.0
150124.0
150188.0
150032.0
150204.0
150176.0
150192.0
150298.0
150221.0
150184.0
150164.0
150206.0
150191.0
150155.0
150069.0
150169.0
150025.0
150183.0
150237.0
150126.0
150206.0
150115.0
150126.0
150173.0
150117.0
150090.0
150180.0
150127.0
150295.0
150197.0
150133.0
150110.0
150100.0
150099.0
150039.0
150081.0
150086.0
150064.0
150077.0
150057.0
150073.0
150116.0
150139.0
150196.0
150142.0
150234.0
150301.0
150151.0
150217.0
150156.0
150135.0
150102.0
150073.0
150119.0
150028.0
150027.0
150080.0
150108.0
150087.0
150083.0
150251.0
150153.0
150127.0
150186.0
150076.0
150187.0
150054.0
150168.0
150108.0
150117.0
150129.0
150151.0
150150.0
150153.0
150238.0
150159.0
150184.0
150155.0
150157.0
150193.0
150144.0
150049.0
149996.0
150118.0
150131.0
150058.0
150059.0
150109.0
150165.0
150068.0
150291.0
150160.0
150001.0
150125.0
150131.0
150089.0
150193.0
150059.0
150225.0
150067.0
150146.0
150122.0
150146.0
150098.0
150206.0
150154.0
150120.0
150139.0
150201.0
150085.0
150199.0
150098.0
150188.0
150066.0
150169.0
150232.0
150126.0
150073.0
150116.0
150273.0
150214.0
150089.0
150210.0
150210.0
150176.0
150217.0
150102.0
150109.0
150049.0
150085.0
150141.0
150135.0
150171.0
150058.0
150138.0
150090.0
150139.0
150029.0
150008.0
150075.0
150199.0
150148.0
150150.0
150105.0
150193.0
150147.0
150078.0
150164.0
150217.0
150088.0
150274.0
150213.0
150154.0
150246.0
150157.0
150188.0
150230.0
150225.0
150265.0
150154.0
150145.0
150172.0
150188.0
150114.0
150171.0
150059.0
150213.0
150113.0
150245.0
150155.0
150172.0
150181.0
150260.0
150037.0
150132.0
150264.0
150196.0
150161.0
150190.0
150156.0
150283.0
150192.0
150135.0
150228.0
150198.0
150126.0
150192.0
150243.0
150129.0
150217.0
150112.0
150164.0
150201.0
150303.0
150219.0
150209.0
150200.0
150093.0
150147.0
150248.0
150203.0
150251.0
150104.0
150190.0
150286.0
150202.0
150175.0
150067.0
150124.0
150122.0
150246.0
150171.0
150227.0
150261.0
150256.0
150248.0
150088.0
150182.0
150148.0
150099.0
150135.0
150158.0
150221.0
150160.0
150126.0
150054.0
150167.0
150167.0
150196.0
150175.0
150291.0
150100.0
150189.0
150138.0
150079.0
150084.0
150118.0
150128.0
150096.0
150192.0
150118.0
150050.0
150104.0
150080.0
150103.0
150193.0
150065.0
150181.0
150062.0
150240.0
150023.0
150144.0
150222.0
150060.0
150052.0
150099.0
150172.0
150171.0
150231.0
150203.0
150291.0
150253.0
150198.0
150217.0
150157.0
150149.0
150166.0
150169.0
150250.0
150138.0
150231.0
150167.0
150123.0
150098.0
150215.0
150185.0
150324.0
150171.0
150258.0
150260.0
150136.0
150173.0
150043.0
150105.0
150117.0
150111.0
150030.0
150169.0
150037.0
150150.0
150220.0
150101.0
150212.0
150201.0
150152.0
150161.0
150203.0
150201.0
150241.0
150183.0
150206.0
150211.0
150099.0
150141.0
150103.0
150011.0
150176.0
150192.0
150087.0
150065.0
150042.0
150171.0
150071.0
150032.0
150095.0
150126.0
150022.0
150121.0
150075.0
150131.0
150059.0
150103.0
150192.0
150147.0
150018.0
150142.0
150223.0
150166.0
150232.0
150273.0
150121.0
150183.0
150082.0
150084.0
150188.0
150177.0
150133.0
150186.0
150091.0
150122.0
150178.0
150181.0
150268.0
150208.0
150203.0
150283.0
150328.0
150214.0
150228.0
150191.0
150279.0
150268.0
150287.0
150196.0
150250.0
150190.0
150185.0
150045.0
150178.0
149966.0
150107.0
150173.0
150186.0
150147.0
150198.0
150111.0
150173.0
150121.0
150166.0
150241.0
150113.0
150131.0
150092.0
150239.0
150263.0
150116.0
150128.0
150033.0
150086.0
150027.0
150097.0
150137.0
150098.0
150078.0
150119.0
150184.0
150162.0
150223.0
150085.0
150035.0
149927.0
150041.0
150151.0
150019.0
149994.0
150068.0
150078.0
150163.0
149996.0
150093.0
149981.0
150117.0
150096.0
150124.0
150136.0
150087.0
150065.0
150032.0
150210.0
149996.0
150075.0
150034.0
150034.0
150162.0
150041.0
150062.0
150017.0
149905.0
150075.0
150079.0
150051.0
150083.0
150121.0
150183.0
150017.0
150240.0
150168.0
150190.0
150155.0
150186.0
150232.0
150236.0
150231.0
150134.0
150173.0
150240.0
150193.0
150192.0
150208.0
150096.0
150191.0
150124.0
150167.0
150156.0
150090.0
150215.0
150103.0
150176.0
150149.0
150214.0
150180.0
150057.0
150210.0
150216.0
150035.0
150106.0
150125.0
150148.0
150071.0
150132.0
150089.0
150061.0
150114.0
150095.0
150069.0
150009.0
150107.0
150104.0
150216.0
150108.0
150129.0
150173.0
150180.0
150211.0
150146.0
150172.0
150119.0
150125.0
150239.0
150229.0
150146.0
150084.0
150192.0
150246.0
150202.0
150256.0
150133.0
150160.0
150315.0
150131.0
150270.0
150219.0
150203.0
150222.0
150189.0
150182.0
150126.0
150103.0
150074.0
150168.0
150055.0
150089.0
150192.0
150112.0
150125.0
150102.0
150020.0
150139.0
150110.0
150215.0
150059.0
150079.0
150059.0
149976.0
150188.0
150074.0
150146.0
150025.0
150194.0
150141.0
150120.0
150169.0
150081.0
150242.0
150191.0
150109.0
150098.0
150047.0
150147.0
150080.0
150185.0
150143.0
150099.0
150133.0
150062.0
150087.0
150119.0
150106.0
150203.0
150101.0
150060.0
150092.0
150136.0
150170.0
150130.0
150129.0
150188.0
150155.0
150212.0
150216.0
150251.0
150254.0
150235.0
150189.0
150221.0
150049.0
150250.0
150152.0
150128.0
150040.0
150034.0
150034.0
150207.0
150144.0
150139.0
150224.0
150136.0
150173.0
150153.0
150098.0
150253.0
150147.0
150160.0
150059.0
150144.0
150101.0
150197.0
150077.0
150180.0
150163.0
150139.0
150148.0
150147.0
150179.0
150110.0
150114.0
150191.0
150199.0
150189.0
150315.0
150215.0
150161.0
150252.0
150171.0
150141.0
150152.0
150189.0
150227.0
150166.0
150141.0
150196.0
150209.0
150179.0
150087.0
150099.0
150087.0
150171.0
150172.0
150210.0
150211.0
150099.0
150176.0
150160.0
150108.0
150228.0
150066.0
150135.0
150070.0
150158.0
150104.0
150211.0
150091.0
150062.0
150256.0
150167.0
150234.0
150283.0
150170.0
150205.0
150229.0
150157.0
150048.0
150047.0
150110.0
150180.0
150155.0
150112.0
150173.0
150180.0
150132.0
150212.0
150111.0
150098.0
150180.0
150125.0
150125.0
150019.0
150143.0
150110.0
150119.0
150134.0
150153.0
150196.0
150156.0
150118.0
150087.0
150154.0
150139.0
150210.0
150164.0
150096.0
150113.0
150193.0
150179.0
150188.0
150127.0
150194.0
150002.0
150070.0
150214.0
150148.0
150257.0
150193.0
150197.0
150141.0
150249.0
150214.0
150219.0
150119.0
150171.0
150229.0
150186.0
150190.0
150144.0
150154.0
150159.0
150288.0
150281.0
150128.0
150136.0
150234.0
150165.0
150197.0
150144.0
150087.0
150153.0
150159.0
150063.0
150147.0
150080.0
150043.0
150106.0
150164.0
150090.0
150088.0
150098.0
150178.0
150255.0
150099.0
150204.0
150301.0
150192.0
150188.0
150197.0
150133.0
150148.0
150056.0
150094.0
150175.0
150154.0
150127.0
150040.0
150154.0
150177.0
150194.0
150098.0
150169.0
150055.0
150008.0
150135.0
150051.0
150081.0
150103.0
150027.0
150127.0
150081.0
150057.0
150047.0
150023.0
150118.0
150085.0
150075.0
150142.0
150133.0
150170.0
150050.0
150025.0
150093.0
150107.0
150183.0
150079.0
150087.0
150103.0
150178.0
150176.0
150082.0
150087.0
150222.0
150046.0
149954.0
150064.0
150257.0
150038.0
150138.0
150055.0
150058.0
150033.0
150124.0
150111.0
150173.0
150112.0
150176.0
150133.0
150099.0
150188.0
150140.0
150141.0
150178.0
150188.0
150171.0
150195.0
150082.0
150109.0
150153.0
150160.0
150145.0
150243.0
150153.0
150175.0
150188.0
150186.0
150024.0
150153.0
150070.0
150170.0
150018.0
150129.0
150088.0
150075.0
150035.0
150090.0
150004.0
150037.0
150007.0
150109.0
150010.0
149993.0
150216.0
150091.0
150109.0
150096.0
150131.0
150042.0
150133.0
150195.0
150095.0
150115.0
150091.0
150143.0
150177.0
150199.0
150114.0
150078.0
150082.0
149986.0
150093.0
150043.0
150085.0
150044.0
150024.0
150055.0
150096.0
150123.0
150165.0
150100.0
150068.0
150037.0
150176.0
150006.0
150134.0
150093.0
150196.0
150154.0
150156.0
150143.0
150085.0
150143.0
150130.0
150128.0
150103.0
150079.0
150096.0
150139.0
150173.0
150162.0
150181.0
150209.0
150191.0
150204.0
150070.0
150159.0
150275.0
150219.0
150246.0
150100.0
150253.0
150181.0
150189.0
150049.0
150137.0
150103.0
149995.0
149993.0
150151.0
150083.0
150182.0
150177.0
150246.0
150174.0
150101.0
150128.0
150029.0
150134.0
150066.0
150077.0
150063.0
150120.0
149976.0
150121.0
150058.0
150075.0
150062.0
150125.0
150155.0
150194.0
150182.0
150105.0
150111.0
150160.0
150002.0
150125.0
150105.0
150134.0
150148.0
150074.0
150055.0
150164.0
150094.0
150196.0
150107.0
150141.0
150132.0
150178.0
150082.0
150078.0
150117.0
150134.0
150119.0
150124.0
150152.0
150093.0
150175.0
150116.0
150207.0
149990.0
150170.0
150209.0
150181.0
150106.0
150179.0
150222.0
150243.0
150131.0
150177.0
150149.0
150200.0
150110.0
150154.0
150172.0
150191.0
150116.0
150076.0
150184.0
150086.0
150082.0
150070.0
150039.0
150245.0
150062.0
150086.0
150172.0
150132.0
150218.0
150034.0
150206.0
150171.0
150226.0
150318.0
150193.0
150230.0
150153.0
150139.0
150148.0
150187.0
150120.0
150180.0
150170.0
150157.0
150097.0
150034.0
150239.0
150219.0
150129.0
150155.0
150179.0
150194.0
150100.0
150206.0
150116.0
150267.0
150172.0
150162.0
150163.0
150179.0
150125.0
150243.0
150235.0
150150.0
150188.0
150092.0
150184.0
150215.0
150112.0
150229.0
150114.0
150131.0
150160.0
150218.0
150258.0
150131.0
150230.0
150152.0
150121.0
150128.0
150111.0
150233.0
150220.0
150202.0
150290.0
150245.0
150287.0
150136.0
150197.0
150249.0
150176.0
150234.0
150185.0
150255.0
150279.0
150276.0
150102.0
150262.0
150157.0
150256.0
150247.0
150204.0
150326.0
150263.0
150270.0
150211.0
150210.0
150223.0
150237.0
150150.0
150195.0
150196.0
150208.0
150142.0
150189.0
150149.0
150312.0
150243.0
150195.0
150140.0
150162.0
150235.0
150219.0
150267.0
150320.0
150148.0
150286.0
150176.0
150255.0
150222.0
150187.0
150259.0
150211.0
150238.0
150264.0
150314.0
150275.0
150157.0
150316.0
150274.0
150188.0
150232.0
150258.0
150171.0
150188.0
150223.0
150365.0
150180.0
150273.0
150350.0
150271.0
150235.0
150127.0
150284.0
150252.0
150302.0
150255.0
150247.0
150287.0
150232.0
150316.0
150194.0
150262.0
150165.0
150253.0
150213.0
150223.0
150105.0
150201.0
150259.0
150124.0
150272.0
150160.0
150168.0
150204.0
150279.0
150132.0
150121.0
150248.0
150186.0
150277.0
150296.0
150258.0
150337.0
150263.0
150334.0
150155.0
150258.0
150318.0
150307.0
150220.0
150203.0
150282.0
150228.0
150029.0
150317.0
150311.0
150261.0
150225.0
150202.0
150239.0
150208.0
150217.0
150372.0
150175.0
150379.0
150203.0
150252.0
150229.0
150262.0
150242.0
150292.0
150282.0
150208.0
150220.0
150274.0
150300.0
150287.0
150238.0
150313.0
150212.0
150291.0
150298.0
150191.0
150196.0
150207.0
150209.0
150256.0
150189.0
150228.0
150275.0
150239.0
150114.0
150304.0
150187.0
150237.0
150277.0
150166.0
150246.0
150322.0
150204.0
150189.0
150177.0
150219.0
150285.0
150290.0
150223.0
150356.0
150191.0
150249.0
150132.0
150166.0
150196.0
150306.0
150282.0
150203.0
150280.0
150247.0
150241.0
150141.0
150247.0
150290.0
150291.0
150213.0
150284.0
150249.0
150269.0
150264.0
150202.0
150337.0
150190.0
150250.0
150336.0
150320.0
150367.0
150284.0
150273.0
150305.0
150272.0
150238.0
150221.0
150408.0
150279.0
150362.0
150310.0
150326.0
150150.0
150237.0
150318.0
150306.0
150221.0
150296.0
150248.0
150282.0
150291.0
150322.0
150252.0
150323.0
150254.0
150257.0
150197.0
150197.0
150310.0
150146.0
150325.0
150206.0
150270.0
150190.0
150141.0
150250.0
150360.0
150193.0
150185.0
150193.0
150226.0
150295.0
150198.0
150070.0
150194.0
150199.0
150274.0
150225.0
150161.0
150267.0
150239.0
150159.0
150201.0
150159.0
150264.0
150338.0
150244.0
150279.0
150225.0
150172.0
150135.0
150262.0
150161.0
150123.0
150133.0
150112.0
150181.0
150129.0
150164.0
150218.0
150096.0
150238.0
150111.0
150151.0
150144.0
150146.0
150207.0
150161.0
150196.0
150235.0
150301.0
150192.0
150351.0
150198.0
150147.0
150243.0
150241.0
150122.0
150177.0
150236.0
150182.0
150295.0
150240.0
150209.0
150200.0
150295.0
150294.0
150327.0
150264.0
150320.0
150231.0
150224.0
150349.0
150337.0
150214.0
150140.0
150228.0
150185.0
150272.0
150149.0
150317.0
150285.0
150312.0
150310.0
150270.0
150274.0
150238.0
150302.0
150291.0
150234.0
150260.0
150320.0
150225.0
150317.0
150296.0
150266.0
150247.0
150176.0
150176.0
150351.0
150261.0
150025.0
150127.0
150151.0
150198.0
150130.0
150168.0
150140.0
150169.0
150184.0
150125.0
150170.0
150220.0
150103.0
150205.0
150218.0
150191.0
150255.0
150204.0
150200.0
150241.0
150134.0
150086.0
150095.0
150145.0
150222.0
150258.0
150190.0
150110.0
150238.0
150181.0
150133.0
150179.0
150254.0
150224.0
150249.0
150210.0
150190.0
150152.0
150127.0
150133.0
150099.0
150068.0
150209.0
150155.0
150129.0
150150.0
150262.0
150026.0
150171.0
150150.0
150148.0
150126.0
150178.0
150264.0
150206.0
150205.0
150161.0
150076.0
150170.0
150134.0
150216.0
150253.0
150279.0
150156.0
150226.0
150144.0
150093.0
150130.0
150072.0
150120.0
150233.0
150199.0
150117.0
150229.0
150137.0
150208.0
150166.0
150259.0
150084.0
150157.0
150051.0
150210.0
150208.0
150178.0
150210.0
150091.0
150104.0
150071.0
150156.0
150115.0
150195.0
150214.0
150240.0
150275.0
150178.0
150196.0
150212.0
150272.0
150195.0
150235.0
150125.0
150270.0
150243.0
150124.0
150200.0
150141.0
150165.0
150301.0
150214.0
150224.0
150195.0
150165.0
150139.0
150263.0
150243.0
150273.0
150208.0
150252.0
150203.0
150247.0
150303.0
150213.0
150347.0
150173.0
150250.0
150197.0
150201.0
150321.0
150210.0
150253.0
150221.0
150169.0
150282.0
150296.0
150147.0
150300.0
150279.0
150286.0
150290.0
150227.0
150246.0
150137.0
150274.0
150233.0
150260.0
150220.0
150221.0
150225.0
150237.0
150338.0
150239.0
150282.0
150235.0
150243.0
150161.0
150221.0
150102.0
150217.0
150125.0
150188.0
150174.0
150139.0
150187.0
150285.0
150204.0
150247.0
150192.0
150201.0
150298.0
150203.0
150222.0
150225.0
150127.0
150184.0
150195.0
150156.0
150080.0
150178.0
150216.0
150138.0
150154.0
150130.0
150108.0
150087.0
150139.0
150097.0
150309.0
150103.0
150213.0
150252.0
150226.0
150184.0
150151.0
150284.0
150149.0
150258.0
150156.0
150183.0
150215.0
150228.0
150231.0
150110.0
150261.0
150234.0
150193.0
150236.0
150213.0
150157.0
150230.0
150046.0
150186.0
150189.0
150180.0
150120.0
150151.0
150117.0
150243.0
150081.0
150134.0
150064.0
150150.0
150119.0
150120.0
150071.0
150011.0
150091.0
150239.0
150313.0
150209.0
150217.0
150114.0
150195.0
150222.0
150243.0
150191.0
150238.0
150217.0
150219.0
150252.0
150237.0
150228.0
150240.0
150251.0
150176.0
150215.0
150233.0
150244.0
150231.0
150158.0
150136.0
150066.0
150180.0
150135.0
150317.0
150177.0
150255.0
150168.0
150238.0
150159.0
150110.0
150112.0
150195.0
150138.0
150096.0
150198.0
150267.0
150194.0
150178.0
150223.0
150057.0
150159.0
150206.0
150237.0
150151.0
150187.0
150265.0
150204.0
150094.0
150113.0
150112.0
150208.0
150229.0
150233.0
150149.0
150178.0
150133.0
150305.0
150251.0
150270.0
150186.0
150314.0
150216.0
150247.0
150296.0
150180.0
150191.0
150103.0
150220.0
150166.0
150214.0
150153.0
150202.0
150161.0
150227.0
150252.0
150171.0
150248.0
150241.0
150254.0
150231.0
150208.0
150147.0
150338.0
150270.0
150265.0
150267.0
150244.0
150229.0
150243.0
150248.0
150130.0
150136.0
150184.0
150232.0
150151.0
150214.0
150249.0
150248.0
150204.0
150258.0
150215.0
150138.0
150166.0
150128.0
150082.0
150216.0
150158.0
150288.0
150227.0
150092.0
150131.0
150134.0
150255.0
150223.0
150077.0
150212.0
150215.0
150159.0
150202.0
150197.0
150186.0
150165.0
150164.0
150234.0
150285.0
150141.0
150240.0
150201.0
150197.0
150182.0
150191.0
150076.0
150162.0
150053.0
150160.0
150048.0
150207.0
150192.0
150117.0
150154.0
150170.0
149996.0
150196.0
150152.0
150151.0
150213.0
150212.0
150213.0
150110.0
150062.0
150126.0
150150.0
150225.0
150198.0
150220.0
150254.0
150202.0
150270.0
150248.0
150198.0
150161.0
150171.0
150157.0
150041.0
150245.0
150167.0
150294.0
150221.0
150245.0
150154.0
150067.0
150209.0
150236.0
150186.0
150121.0
150233.0
150290.0
150169.0
150053.0
150167.0
150080.0
150109.0
150243.0
150110.0
149987.0
150148.0
150163.0
150097.0
150134.0
150149.0
150086.0
150120.0
150143.0
150240.0
150148.0
150111.0
150146.0
150279.0
150309.0
150217.0
150113.0
150244.0
150142.0
150151.0
150223.0
150080.0
149979.0
150130.0
150226.0
150116.0
150027.0
150206.0
150125.0
150137.0
150058.0
150006.0
150220.0
150115.0
150176.0
150182.0
150159.0
150132.0
150184.0
150043.0
150203.0
150155.0
150176.0
150159.0
150199.0
150170.0
150146.0
150014.0
150148.0
150052.0
150202.0
150162.0
150140.0
150208.0
150233.0
150292.0
150157.0
150187.0
150155.0
150185.0
150120.0
150105.0
150116.0
150135.0
150097.0
150168.0
150130.0
150140.0
150203.0
150106.0
150147.0
150203.0
150189.0
150142.0
150110.0
150032.0
150076.0
150228.0
150171.0
150161.0
150190.0
150098.0
150256.0
150077.0
150224.0
150103.0
150262.0
150126.0
150204.0
150227.0
150244.0
150102.0
150141.0
150153.0
150072.0
150143.0
150101.0
149969.0
150073.0
150067.0
150125.0
150046.0
150045.0
150156.0
150098.0
150130.0
150225.0
150071.0
150041.0
150097.0
150136.0
149972.0
150027.0
150005.0
150056.0
150003.0
150131.0
150100.0
150177.0
150131.0
150230.0
150202.0
150096.0
150046.0
150122.0
150127.0
150063.0
150145.0
150042.0
150029.0
150097.0
150199.0
150140.0
150137.0
150088.0
150151.0
150052.0
150140.0
150264.0
150073.0
150073.0
150183.0
150113.0
150177.0
150115.0
150024.0
149975.0
150100.0
150140.0
150099.0
150179.0
150094.0
150131.0
149986.0
150180.0
150068.0
150128.0
150032.0
150135.0
150145.0
150113.0
150142.0
150088.0
150140.0
150152.0
150034.0
150153.0
150141.0
150085.0
150147.0
150192.0
150178.0
150112.0
150167.0
150212.0
150132.0
150182.0
150188.0
150083.0
150035.0
150141.0
150162.0
150054.0
150038.0
150050.0
150137.0
150180.0
149986.0
150097.0
149979.0
150120.0
150105.0
150210.0
149988.0
150173.0
150195.0
150203.0
150198.0
150193.0
150260.0
150196.0
150136.0
150132.0
150220.0
150146.0
150194.0
150194.0
150244.0
150098.0
150238.0
150159.0
150148.0
150234.0
150135.0
150109.0
150136.0
150281.0
150282.0
150067.0
150088.0
150167.0
150101.0
150106.0
150103.0
150114.0
150198.0
150182.0
150225.0
150093.0
150274.0
150280.0
150239.0
150188.0
150182.0
150157.0
150233.0
150153.0
150167.0
150192.0
150120.0
150265.0
150229.0
150155.0
150205.0
150265.0
150191.0
150040.0
150172.0
150222.0
150126.0
150168.0
150155.0
150133.0
150153.0
150107.0
150105.0
150048.0
150139.0
150192.0
150202.0
150120.0
150189.0
150161.0
150243.0
150184.0
150248.0
150159.0
150260.0
150260.0
150142.0
150173.0
150278.0
150189.0
150211.0
150298.0
150072.0
150254.0
150165.0
150235.0
150236.0
150183.0
150202.0
150276.0
150106.0
150058.0
150166.0
150222.0
150054.0
150112.0
150173.0
150214.0
150246.0
150239.0
150104.0
150118.0
150155.0
150257.0
150354.0
150146.0
150129.0
150268.0
150153.0
150210.0
150271.0
150130.0
150160.0
150183.0
150210.0
150151.0
150212.0
150198.0
150220.0
150214.0
150104.0
150170.0
150173.0
150182.0
150088.0
150140.0
150062.0
150124.0
150258.0
150107.0
150147.0
150167.0
150242.0
150113.0
150177.0
150063.0
150169.0
150212.0
150225.0
150152.0
150118.0
150195.0
150231.0
150156.0
150163.0
150217.0
150186.0
150133.0
150257.0
150205.0
150111.0
150111.0
150146.0
150316.0
150098.0
150163.0
150162.0
150125.0
149952.0
150165.0
150018.0
150099.0
150090.0
150166.0
150122.0
150156.0
150199.0
150280.0
150098.0
150133.0
150168.0
150204.0
150129.0
150042.0
150247.0
150169.0
150115.0
150187.0
150138.0
150223.0
150237.0
150089.0
150211.0
150148.0
150120.0
150054.0
150077.0
150106.0
150168.0
150060.0
150200.0
150080.0
150046.0
150187.0
150132.0
150040.0
150235.0
150135.0
150019.0
150090.0
150028.0
150004.0
150021.0
150115.0
150090.0
150171.0
150192.0
150218.0
150181.0
150152.0
150197.0
150134.0
150254.0
150181.0
150135.0
150225.0
150243.0
150303.0
150206.0
150224.0
150124.0
150147.0
150131.0
150217.0
150065.0
150069.0
150071.0
150210.0
150203.0
150154.0
150125.0
150175.0
150272.0
150195.0
150281.0
150212.0
150156.0
150089.0
150078.0
150088.0
150024.0
150119.0
150140.0
150160.0
150148.0
150167.0
150161.0
150184.0
150296.0
150158.0
150230.0
150236.0
150071.0
150148.0
150185.0
150201.0
150198.0
150203.0
150127.0
150201.0
150293.0
150229.0
150171.0
150079.0
150162.0
150204.0
150216.0
150220.0
150222.0
150202.0
150306.0
150201.0
150124.0
150266.0
150244.0
150207.0
150192.0
150223.0
150277.0
150180.0
150182.0
150182.0
150142.0
150130.0
150203.0
150122.0
150140.0
150341.0
150222.0
150305.0
150214.0
150216.0
150246.0
150183.0
150311.0
150278.0
150227.0
150078.0
150276.0
150314.0
150261.0
150291.0
150168.0
150230.0
150199.0
150167.0
150292.0
150271.0
150162.0
150301.0
150264.0
150215.0
150304.0
150203.0
150208.0
150263.0
150248.0
150208.0
150292.0
150139.0
150228.0
150207.0
150320.0
150318.0
150238.0
150294.0
150264.0
150249.0
150205.0
150226.0
150206.0
150210.0
150232.0
150209.0
150171.0
150209.0
150144.0
150149.0
150218.0
150205.0
150155.0
150292.0
150360.0
150242.0
150291.0
150263.0
150091.0
150285.0
150272.0
150272.0
150172.0
150239.0
150132.0
150084.0
150219.0
150203.0
150203.0
150215.0
150173.0
150248.0
150310.0
150251.0
150169.0
150315.0
150238.0
150229.0
150282.0
150212.0
150178.0
150304.0
150177.0
150235.0
150152.0
150276.0
150160.0
150224.0
150278.0
150268.0
150255.0
150163.0
150258.0
150199.0
150222.0
150126.0
150163.0
150137.0
150047.0
150166.0
150098.0
150111.0
150110.0
150245.0
150251.0
150201.0
150157.0
150091.0
150056.0
150080.0
150189.0
150120.0
150169.0
150099.0
150123.0
150034.0
150177.0
150173.0
150228.0
150150.0
150117.0
150128.0
150244.0
150099.0
150051.0
150096.0
150158.0
150151.0
150126.0
150192.0
150053.0
150078.0
150123.0
150109.0
150145.0
150166.0
150114.0
150189.0
150137.0
150295.0
150135.0
150126.0
150192.0
150289.0
150263.0
150322.0
150326.0
150324.0
150229.0
150345.0
150228.0
150239.0
150232.0
150161.0
150222.0
150160.0
150170.0
150195.0
150266.0
150173.0
150138.0
150205.0
150238.0
150110.0
150091.0
150196.0
150122.0
150156.0
150148.0
150170.0
150150.0
150299.0
150196.0
150265.0
150214.0
150252.0
150134.0
150203.0
150325.0
150338.0
150252.0
150207.0
150234.0
150331.0
150281.0
150338.0
150158.0
150223.0
150248.0
150160.0
150279.0
150197.0
150129.0
150186.0
150268.0
150225.0
150220.0
150203.0
150233.0
150225.0
150253.0
150180.0
150150.0
150176.0
150232.0
150229.0
150077.0
150221.0
150161.0
150233.0
150237.0
150190.0
150180.0
150219.0
150158.0
150211.0
150267.0
150164.0
150239.0
150146.0
150153.0
150205.0
150154.0
150259.0
150183.0
150081.0
150169.0
150124.0
150177.0
150149.0
150242.0
150052.0
149998.0
150117.0
150014.0
150105.0
150167.0
150243.0
150189.0
150161.0
150046.0
150199.0
150048.0
150206.0
150151.0
150250.0
150290.0
150220.0
150230.0
150199.0
150255.0
150223.0
150209.0
150160.0
150265.0
150159.0
150219.0
150237.0
150199.0
150385.0
150294.0
150215.0
150273.0
150231.0
150371.0
150259.0
150096.0
150200.0
150216.0
150281.0
150309.0
150275.0
150228.0
150275.0
150187.0
150127.0
150135.0
150209.0
150198.0
150051.0
150105.0
150246.0
150106.0
150240.0
150202.0
150128.0
150175.0
150154.0
150279.0
150239.0
150169.0
150070.0
150158.0
150165.0
150182.0
150228.0
150196.0
150187.0
150117.0
150242.0
150272.0
150283.0
150226.0
150247.0
150338.0
150257.0
150313.0
150313.0
150237.0
150085.0
150338.0
150154.0
150210.0
150135.0
150185.0
150125.0
150080.0
150243.0
150120.0
150065.0
150163.0
150169.0
150153.0
150282.0
150108.0
150198.0
150276.0
150105.0
150053.0
150209.0
150221.0
150283.0
150171.0
150165.0
150113.0
150309.0
150255.0
150227.0
150170.0
150241.0
150214.0
150208.0
150182.0
150228.0
150268.0
150320.0
150309.0
150290.0
150224.0
150313.0
150250.0
150290.0
150197.0
150174.0
150224.0
150303.0
150193.0
150366.0
150199.0
150165.0
150250.0
150221.0
150252.0
150215.0
150199.0
150291.0
150201.0
150156.0
150184.0
150219.0
150237.0
150167.0
150267.0
150258.0
150245.0
150272.0
150226.0
150173.0
150101.0
150222.0
150339.0
150290.0
150274.0
150316.0
150236.0
150364.0
150426.0
150298.0
150263.0
150314.0
150386.0
150224.0
150336.0
150265.0
150294.0
150226.0
150289.0
150296.0
150379.0
150248.0
150383.0
150320.0
150330.0
150378.0
150263.0
150324.0
150222.0
150229.0
150212.0
150124.0
150278.0
150293.0
150240.0
150193.0
150248.0
150138.0
150316.0
150278.0
150159.0
150301.0
150190.0
150280.0
150344.0
150310.0
150199.0
150175.0
150246.0
150290.0
150281.0
150228.0
150268.0
150134.0
150234.0
150148.0
150277.0
150201.0
150325.0
150189.0
150131.0
150204.0
150263.0
150244.0
150200.0
150149.0
150201.0
150223.0
150184.0
150215.0
150198.0
150141.0
150126.0
150196.0
150236.0
150200.0
150233.0
150221.0
150212.0
150234.0
150155.0
150201.0
150255.0
150100.0
150228.0
150159.0
150232.0
150275.0
150233.0
150150.0
150330.0
150325.0
150323.0
150218.0
150317.0
150269.0
150249.0
150267.0
150288.0
150272.0
150360.0
150307.0
150341.0
150258.0
150409.0
150329.0
150250.0
150358.0
150317.0
150454.0
