rep,heat_enabled,transmitter_bit_orig,transmitter_bit_pred,ctrl_0_ro_0,ctrl_0_ro_1,ctrl_0_ro_2,ctrl_0_ro_3,ctrl_0_ro_4,ctrl_1_ro_0,ctrl_1_ro_1,ctrl_1_ro_2,ctrl_1_ro_3,ctrl_1_ro_4,ctrl_2_ro_0,ctrl_2_ro_1,ctrl_2_ro_2,ctrl_2_ro_3,ctrl_2_ro_4,ctrl_3_ro_0,ctrl_3_ro_1,ctrl_3_ro_2,ctrl_3_ro_3,ctrl_3_ro_4
0,31,0,0,6717877,6691758,6569749,6613225,6545160,6596336,6592499,6568414,6652128,6542764,6638979,6580700,6493464,6606227,6579650,6507837,6545737,6503918,6526816,6405456
1,0,0,0,6730271,6704140,6581854,6625745,6557192,6607948,6604251,6581431,6664699,6554589,6651401,6593130,6506335,6619080,6592017,6521508,6559241,6516531,6539989,6418278
2,31,0,0,6717942,6692857,6569956,6613498,6544709,6596381,6592707,6568556,6651993,6542087,6639819,6580938,6494035,6607624,6579374,6509138,6546978,6503721,6527550,6405833
3,0,0,0,6730293,6705536,6582212,6626031,6556216,6609202,6604889,6580885,6664689,6554547,6652708,6593912,6506143,6619664,6592504,6521480,6560151,6516587,6539666,6417902
4,31,0,0,6717879,6693159,6569714,6614653,6544550,6596605,6592322,6568999,6652069,6542170,6639872,6581262,6494640,6607507,6580526,6508440,6546972,6503908,6526530,6406356
5,0,0,0,6729882,6704692,6581023,6627033,6556558,6608664,6603972,6580727,6664209,6553915,6651863,6593819,6506268,6619268,6591779,6521121,6559938,6516376,6539315,6418299
6,31,0,0,6717994,6692679,6569052,6614557,6544579,6596031,6592201,6568397,6651495,6541429,6639819,6581846,6494640,6606662,6579962,6507970,6547143,6503857,6527365,6406120
7,0,0,0,6730096,6704522,6581598,6626659,6557048,6608388,6603892,6580684,6663853,6553207,6652938,6593691,6507016,6618988,6593235,6520535,6559801,6516103,6539917,6418011
8,31,0,0,6717924,6692982,6569040,6614788,6544508,6596511,6591258,6568273,6650930,6541355,6638964,6581345,6494917,6606733,6579278,6507451,6546457,6503184,6527501,6405436
9,0,0,0,6730019,6705909,6581577,6627017,6556528,6608532,6604279,6580748,6663344,6554097,6652018,6593737,6507389,6618919,6592423,6520877,6558628,6515901,6540219,6418226
10,31,0,0,6719009,6694315,6570256,6615734,6545230,6596930,6593199,6569013,6652105,6542099,6640388,6582063,6496090,6606625,6580144,6508531,6546203,6504293,6528399,6406295
11,0,0,0,6730897,6706985,6581907,6627088,6557624,6609141,6605570,6581135,6664610,6555213,6652647,6594429,6507933,6619362,6593620,6521616,6559788,6516147,6540630,6418891
12,31,0,0,6719175,6694792,6570793,6615399,6545286,6596881,6593666,6569356,6652265,6542541,6640836,6582874,6496325,6607952,6580971,6509368,6547910,6504222,6528900,6407077
13,0,0,0,6731386,6706318,6582349,6626897,6557297,6609026,6605515,6581228,6664553,6555934,6653028,6594795,6507966,6619811,6592559,6521689,6560890,6515997,6541624,6419164
14,31,0,0,6718662,6694517,6570113,6616381,6545525,6597593,6594757,6569212,6652605,6543393,6640524,6582885,6496279,6608462,6580128,6508817,6547808,6504108,6528912,6407364
15,0,0,0,6731133,6706390,6582191,6628290,6557797,6609970,6606620,6581700,6664787,6555476,6653268,6595437,6508105,6620936,6593063,6522173,6560826,6517078,6540796,6420147
16,31,0,0,6718199,6693994,6569705,6614897,6544802,6596912,6593503,6569286,6651715,6542355,6639588,6582122,6495346,6607808,6579773,6508686,6547440,6504420,6528351,6407143
17,0,0,0,6730414,6706048,6581524,6627252,6557781,6609645,6605685,6581950,6664828,6554631,6652587,6594892,6508361,6620402,6593010,6521533,6560483,6517198,6540709,6419714
18,31,0,0,6718200,6694023,6569750,6615593,6545382,6597530,6594240,6569798,6652409,6542553,6639564,6582003,6496120,6607852,6580809,6508668,6547279,6504327,6527836,6407554
19,0,0,0,6731056,6705566,6582342,6627986,6558728,6609993,6606983,6582924,6665936,6555061,6652820,6594792,6509102,6620110,6593968,6521726,6560422,6517709,6540823,6420027
20,31,0,0,6718125,6692840,6569852,6615405,6545093,6597107,6594114,6570168,6652192,6541536,6639680,6581906,6495831,6607487,6580713,6507977,6547042,6504367,6528690,6407390
21,0,0,0,6729728,6704406,6581219,6626806,6556965,6608383,6605593,6581709,6664432,6553576,6651827,6594235,6507353,6619056,6593006,6520651,6558462,6516043,6541037,6419276
22,31,0,0,6717892,6692057,6569282,6615068,6545352,6596889,6593403,6569966,6651970,6542298,6639907,6582203,6495218,6607099,6580470,6508218,6545993,6504034,6528429,6407253
23,0,0,0,6729909,6704494,6581521,6626932,6557770,6608835,6605806,6582099,6665521,6554991,6652379,6595226,6507904,6619699,6593843,6520458,6559644,6517601,6541326,6419318
24,31,0,0,6718279,6692552,6569296,6614994,6545555,6596545,6593736,6569679,6652671,6542303,6639539,6582596,6495295,6607945,6580725,6507338,6546727,6504523,6528317,6407580
25,0,0,0,6731488,6704845,6581895,6627483,6558610,6609310,6607184,6582241,6665322,6555903,6652870,6595392,6507642,6620851,6593793,6521074,6560509,6517571,6540997,6420537
26,31,0,0,6717750,6691425,6568544,6614153,6545155,6596584,6594275,6569123,6651747,6542934,6639097,6581644,6495124,6607871,6580264,6507661,6546833,6503974,6526930,6407806
27,0,0,0,6730973,6704433,6582064,6627301,6558646,6609681,6607272,6582324,6665260,6556240,6652536,6594866,6508354,6620779,6594211,6521252,6559898,6517481,6540265,6420597
28,31,0,0,6718561,6692142,6569358,6615382,6546100,6596914,6595270,6569607,6652422,6543185,6640060,6581888,6495587,6607775,6580912,6507723,6546931,6504688,6527873,6407631
29,0,0,0,6731072,6705073,6581575,6627124,6558661,6609921,6607504,6582515,6665267,6556841,6653406,6594993,6508327,6620662,6594286,6520982,6560851,6518010,6540945,6419813
30,31,0,0,6718001,6693106,6570034,6615433,6546750,6597647,6595764,6570252,6653503,6543291,6640830,6582737,6496142,6607898,6581431,6508818,6547989,6505641,6528323,6407060
31,0,0,0,6730797,6704733,6582452,6627845,6558357,6610367,6608214,6583019,6666127,6555411,6653865,6595387,6508248,6620288,6594042,6521628,6561304,6518087,6541326,6420284
32,31,0,0,6717864,6691732,6569535,6615407,6545725,6596925,6594766,6569268,6652389,6542722,6640625,6581829,6495484,6607059,6580685,6508789,6548243,6505170,6527640,6407284
33,0,0,0,6729981,6703414,6581058,6627388,6557491,6609129,6606206,6581396,6664692,6555132,6652939,6594308,6507311,6619141,6592848,6521452,6559739,6516906,6540078,6419299
34,31,0,0,6718883,6692488,6570193,6615334,6546214,6598113,6594907,6569651,6653620,6542972,6640669,6582584,6496185,6607872,6581562,6509588,6548387,6505541,6528600,6407168
35,0,0,0,6730550,6703465,6582041,6627201,6557948,6609695,6607072,6581337,6665277,6555215,6652390,6594589,6507676,6618633,6593531,6521682,6560706,6517745,6540370,6419996
36,31,0,0,6719047,6691221,6569735,6615557,6546062,6597351,6594278,6569241,6652733,6542614,6639539,6581652,6495979,6606522,6580706,6508686,6547397,6505056,6527790,6407813
37,0,0,0,6730570,6703790,6581928,6627513,6558696,6610049,6606337,6582168,6664897,6555219,6652703,6594253,6507790,6619077,6593129,6521603,6560217,6518014,6540642,6419211
38,31,0,0,6718178,6691472,6569945,6615066,6546154,6597268,6594506,6569101,6652718,6542667,6639966,6581758,6495671,6607313,6580388,6508337,6547887,6505304,6527800,6406873
39,0,0,0,6730754,6703613,6582044,6627646,6557291,6609685,6606714,6581651,6664769,6554700,6652826,6594531,6508035,6618301,6593991,6521064,6560565,6517947,6540465,6419789
40,31,0,0,6718319,6691892,6570249,6615224,6545352,6597517,6594272,6569749,6652423,6542887,6640096,6581979,6496070,6606734,6581562,6508397,6548203,6505164,6527901,6407508
41,0,0,0,6730601,6704264,6581624,6627523,6557073,6610168,6605532,6581854,6665807,6555656,6653198,6594410,6508507,6619228,6593580,6521548,6561179,6517650,6540768,6420235
42,31,0,0,6718356,6691800,6569163,6614928,6545398,6597460,6593535,6569046,6652610,6542274,6639714,6581412,6495619,6606657,6580436,6508657,6548065,6504835,6527713,6406942
43,0,0,0,6730397,6704141,6581288,6627194,6557552,6610153,6606558,6581686,6665411,6554910,6652195,6593352,6508095,6619995,6592516,6521531,6560973,6517911,6540615,6419211
44,31,0,0,6718820,6692369,6569849,6616039,6545839,6598198,6594807,6570200,6653197,6543324,6640098,6581687,6496256,6607884,6581248,6508842,6547819,6505920,6528181,6407637
45,0,0,0,6731001,6704369,6582021,6628170,6558248,6610149,6607173,6583176,6665743,6555694,6653268,6594953,6508998,6619842,6593352,6521779,6561413,6518802,6541085,6420163
46,31,0,0,6718842,6691819,6569195,6614584,6545142,6596890,6593692,6569683,6652700,6541959,6639422,6581828,6496080,6606524,6579865,6508673,6547376,6504640,6527818,6407397
47,0,0,0,6731321,6704592,6581732,6628116,6558744,6610270,6606588,6582571,6666126,6555305,6652972,6594864,6508487,6620037,6593525,6522351,6561152,6517996,6540937,6420193
48,31,0,0,6718432,6691931,6569239,6615072,6546162,6597649,6594362,6569704,6652675,6543243,6639979,6582045,6495803,6607166,6579941,6509369,6548619,6505485,6527875,6407595
49,0,0,0,6729490,6703498,6580784,6626491,6557294,6608674,6605522,6581262,6664431,6555067,6652318,6594113,6507306,6618142,6591218,6521044,6560391,6516802,6539923,6418710
50,31,0,0,6718289,6692254,6569504,6615077,6546123,6596880,6593824,6569740,6652712,6543034,6640886,6582170,6495949,6606521,6580211,6509263,6548510,6504856,6528146,6406672
51,0,0,0,6730195,6705003,6581924,6627888,6558411,6609425,6606365,6581983,6665319,6556045,6653348,6594466,6508674,6620119,6593957,6522239,6561424,6517751,6540267,6418979
52,31,0,0,6718105,6692729,6569166,6615219,6545623,6596867,6594315,6569503,6652792,6542812,6640182,6581267,6495819,6607320,6580736,6508559,6548209,6505026,6527455,6407156
53,0,0,0,6730316,6704922,6581180,6627354,6557996,6609418,6606863,6581693,6665251,6555600,6652725,6593727,6508150,6619929,6592656,6521410,6560929,6518323,6540452,6419766
54,31,0,0,6717189,6691713,6568926,6614663,6545134,6596592,6594335,6569227,6652379,6542683,6640103,6581212,6495656,6605807,6579665,6508227,6547977,6504493,6527171,6406355
55,0,0,0,6730344,6705173,6581052,6627992,6557617,6609690,6606758,6582562,6665439,6555849,6653758,6594418,6508966,6619579,6593240,6521257,6561600,6517721,6540185,6419302
56,31,0,0,6718041,6693254,6569698,6616301,6545832,6597885,6594122,6570201,6652920,6543549,6640660,6582410,6496178,6606819,6580532,6508935,6548334,6504734,6527106,6407049
57,0,0,0,6730169,6705129,6581396,6628374,6558383,6610366,6606907,6582325,6665266,6556111,6653436,6594709,6508816,6619501,6593335,6521747,6561401,6517725,6540733,6419380
58,31,0,0,6716922,6691577,6568671,6615354,6544978,6596397,6593768,6568695,6652161,6542762,6639163,6581799,6495766,6606642,6579257,6508004,6546828,6504525,6527497,6406161
59,0,0,0,6730497,6704415,6581590,6628494,6558077,6609813,6606042,6581912,6665174,6556140,6652684,6594815,6508821,6619434,6592700,6521527,6560275,6517600,6540521,6418781
60,31,0,0,6717022,6691274,6568621,6615240,6545338,6596198,6593013,6568389,6651553,6542069,6639488,6580679,6494880,6605588,6579194,6507455,6546650,6503859,6526623,6404774
61,0,0,0,6730599,6703492,6581864,6628791,6558271,6609237,6605944,6581709,6665249,6555421,6653371,6593674,6508362,6618750,6593951,6520471,6560267,6517217,6540196,6418676
62,31,0,0,6718014,6691017,6568793,6615248,6545387,6596555,6593035,6568629,6652190,6542387,6639263,6581062,6495743,6606064,6580645,6507199,6546832,6504186,6526603,6405656
63,0,0,0,6730978,6705066,6582154,6628958,6558144,6610044,6606436,6582108,6666124,6556136,6652974,6594683,6508746,6619654,6594037,6521391,6560717,6517587,6540754,6419068
64,31,0,0,6717267,6691661,6568875,6615229,6544349,6596645,6592503,6568216,6651371,6542303,6638795,6580643,6495118,6605440,6579769,6507167,6545717,6503566,6526613,6405663
65,0,0,0,6730812,6705677,6582003,6628625,6557735,6610247,6605952,6581950,6665388,6556305,6653008,6594394,6509012,6619311,6593715,6521305,6560312,6517696,6540817,6419697
66,31,0,0,6718404,6692341,6569486,6615996,6545347,6596735,6593901,6568926,6652590,6543007,6640035,6581637,6496008,6606241,6579917,6507771,6546993,6505335,6527827,6406626
67,0,0,0,6730642,6704651,6581466,6628446,6557949,6608931,6605578,6581812,6665791,6554872,6652349,6593860,6508113,6618775,6592441,6520784,6559957,6517588,6540276,6418765
68,31,0,0,6717738,6691650,6568787,6615939,6545085,6595578,6592469,6568500,6652254,6542427,6638899,6580609,6494788,6604870,6579743,6506829,6545613,6503718,6526619,6405800
69,0,0,0,6729912,6703407,6580759,6628172,6557206,6607601,6605205,6581062,6664792,6554745,6652234,6592881,6507927,6617088,6592143,6519548,6559209,6517527,6539395,6418254
70,31,0,0,6717622,6690575,6568122,6615454,6544906,6595358,6592869,6568597,6651524,6542042,6638708,6580866,6495109,6605671,6579848,6506680,6545840,6503173,6526155,6405761
71,0,0,0,6730291,6702828,6580633,6627686,6556644,6607902,6605112,6581106,6664271,6555052,6651529,6593875,6507377,6618088,6592576,6520373,6559490,6516821,6539377,6417439
72,31,0,0,6717635,6691455,6569339,6615539,6545222,6596333,6593147,6569153,6652241,6542747,6639524,6581379,6495266,6605938,6580069,6507835,6546365,6504612,6527491,6406222
73,0,0,0,6729761,6703211,6580632,6627438,6557574,6608420,6605096,6581298,6664659,6555038,6652896,6594242,6507420,6618592,6592801,6520667,6558938,6517123,6540596,6418402
74,31,0,0,6717987,6691337,6569686,6615277,6546223,6596531,6592953,6569429,6652357,6542728,6639732,6582199,6495702,6606285,6580725,6508455,6546934,6505348,6528043,6406447
75,0,0,0,6730933,6703812,6581144,6627885,6557885,6608429,6605213,6581223,6664796,6555494,6652499,6594824,6507663,6618438,6593195,6521264,6560579,6517138,6541343,6418448
76,31,0,0,6718662,6692096,6568746,6615460,6545144,6596352,6593094,6569794,6652015,6543501,6640255,6582122,6496132,6606529,6580151,6508217,6546907,6504784,6528521,6406138
77,0,0,0,6730991,6704500,6580955,6628186,6557924,6608554,6604779,6581909,6665410,6555727,6653149,6594652,6508681,6619957,6593067,6521053,6559622,6517748,6540720,6418795
78,31,0,0,6718643,6692308,6569377,6615711,6545749,6596842,6592668,6569447,6652717,6542725,6640503,6582075,6496601,6607638,6580225,6509166,6547080,6505159,6527876,6406840
79,0,0,0,6730639,6704720,6581234,6627905,6558287,6609036,6605396,6581790,6665062,6556062,6653095,6594332,6508632,6620400,6592697,6521490,6559581,6517373,6540878,6418891
80,31,0,0,6718651,6692076,6569147,6614668,6545424,6596626,6592538,6568556,6652834,6543557,6640542,6581277,6495955,6607793,6579405,6508007,6546370,6504677,6527818,6405192
81,0,0,0,6730519,6704883,6581003,6627198,6557242,6608930,6604990,6581772,6665085,6555528,6652892,6594115,6507777,6620028,6592560,6520183,6559589,6516163,6540728,6418272
82,31,0,0,6717801,6693190,6569412,6614581,6544877,6596627,6592648,6569737,6652461,6543160,6640156,6582129,6495125,6607322,6580244,6507461,6547192,6504727,6527829,6405346
83,0,0,0,6730230,6704830,6581716,6627002,6556900,6608318,6604535,6581545,6664930,6555097,6652676,6593970,6507376,6619043,6592391,6520630,6559437,6517402,6540506,6418053
84,31,0,0,6718947,6693215,6570175,6615374,6545359,6596798,6592564,6569097,6652465,6543154,6639693,6581792,6495381,6607503,6580104,6507955,6547174,6504891,6527903,6406410
85,0,0,0,6730982,6705117,6581970,6628225,6557734,6609224,6604035,6581872,6664709,6555952,6652369,6593936,6507151,6619771,6593276,6520581,6559908,6517461,6540389,6418663
86,31,0,0,6717973,6692171,6569425,6615510,6546679,6596896,6592273,6569787,6652162,6542315,6639717,6581247,6494742,6606754,6579760,6506888,6546594,6504212,6526576,6405798
87,0,0,0,6730312,6705141,6581917,6627866,6558050,6608990,6604896,6581956,6664455,6555369,6653168,6593615,6506999,6618562,6591924,6520120,6560090,6518230,6539579,6419019
88,31,0,0,6718318,6692867,6570863,6614854,6545509,6596420,6592557,6569833,6652142,6542721,6640763,6581733,6494868,6607413,6580448,6507909,6547738,6505793,6527419,6407054
89,0,0,0,6730922,6705841,6583206,6628309,6557493,6609561,6605229,6582707,6664912,6556050,6653532,6595084,6508200,6620930,6594190,6521623,6560811,6518989,6540862,6420195
90,31,0,0,6717647,6692756,6570172,6615813,6544936,6596700,6592359,6569599,6651649,6543814,6639846,6581162,6494884,6607075,6579775,6508088,6546812,6505923,6527635,6406264
91,0,0,0,6729830,6704962,6582292,6627389,6556984,6608581,6604598,6582110,6664089,6556348,6652639,6593433,6507630,6619427,6591845,6520489,6559393,6517796,6540452,6418860
92,31,0,0,6717173,6692465,6569249,6614867,6545097,6595461,6592328,6569426,6651534,6542951,6639191,6580714,6494992,6605691,6579950,6506974,6545813,6505188,6526569,6406122
93,0,0,0,6728415,6704129,6580611,6626269,6556688,6607941,6604381,6581269,6663982,6554746,6651849,6593287,6506495,6617938,6592184,6520031,6559187,6516631,6538995,6417910
94,31,0,0,6717176,6692399,6569443,6615041,6544893,6596832,6593045,6569158,6651947,6542795,6639924,6581522,6494662,6605961,6580099,6507912,6546748,6505037,6526266,6406373
95,0,0,0,6729535,6704979,6581508,6627553,6557660,6608758,6604889,6581986,6664500,6555464,6652714,6593593,6507863,6618006,6593192,6520188,6560215,6517996,6539315,6419816
96,31,0,0,6716889,6692668,6569580,6615355,6545461,6595745,6592725,6569012,6651659,6542620,6639242,6581235,6495331,6605551,6580640,6507370,6546812,6504226,6527065,6406338
97,0,0,0,6729882,6705558,6582465,6628063,6558342,6609208,6605907,6581939,6665010,6556055,6653165,6594255,6507176,6618459,6593939,6520981,6560221,6518146,6540237,6419625
98,31,0,0,6717328,6693371,6569472,6615491,6545762,6596177,6592696,6569254,6651746,6542952,6639944,6581700,6495021,6605928,6580739,6508151,6547263,6504876,6527183,6407171
99,0,0,0,6730558,6705757,6581686,6626691,6558292,6608669,6605662,6581896,6664724,6556140,6653293,6594375,6507534,6618948,6593231,6521628,6560211,6518181,6540321,6419581
100,31,0,0,6716833,6692229,6569397,6614371,6545787,6596033,6592869,6569204,6652328,6542633,6640259,6581874,6494588,6606181,6579666,6508631,6547320,6505541,6527822,6406506
101,0,0,0,6729911,6704555,6581593,6627179,6558185,6608492,6605291,6581695,6665218,6555306,6652830,6594356,6507115,6619259,6593185,6520676,6560287,6518041,6540459,6418670
102,31,0,0,6718443,6693198,6570113,6615632,6546428,6596527,6593329,6570276,6653275,6543457,6640760,6582335,6495510,6607059,6580946,6508650,6547545,6505725,6528008,6407193
103,0,0,0,6729868,6704897,6581655,6627201,6558075,6608570,6605546,6581645,6664987,6555559,6652228,6593833,6507784,6617967,6591580,6521141,6559637,6517459,6539379,6418550
104,31,0,0,6716986,6692938,6569055,6614697,6545499,6596024,6592931,6568817,6652679,6542825,6639780,6581218,6495147,6605349,6578962,6507988,6546698,6504664,6526984,6405735
105,0,0,0,6729884,6705151,6581297,6627172,6556931,6608195,6605737,6581253,6664683,6554299,6652511,6593256,6506896,6617294,6591969,6520582,6559955,6517253,6539243,6418740
106,31,0,0,6717338,6692710,6568985,6614600,6544526,6595942,6592727,6568524,6651783,6541457,6638967,6580357,6494213,6605663,6578752,6507169,6546132,6504387,6526002,6406105
107,0,0,0,6730385,6706303,6581996,6627520,6557860,6609654,6606283,6581758,6665167,6554612,6653307,6593951,6507858,6618984,6593518,6520837,6560215,6518011,6540217,6419435
108,31,0,0,6718106,6692816,6569929,6615440,6545333,6597599,6594120,6569897,6652371,6543297,6640232,6581585,6495177,6605772,6580989,6508330,6547201,6505396,6527177,6406913
109,0,0,0,6730089,6703842,6581679,6627096,6557599,6609202,6605815,6581122,6664318,6556102,6652590,6593245,6507803,6618295,6592979,6520575,6559594,6517277,6539897,6419041
110,31,0,0,6718379,6692768,6569995,6614569,6546312,6596967,6593573,6569717,6652521,6542847,6640385,6581237,6495186,6606626,6580533,6508187,6547330,6505482,6527994,6406648
111,0,0,0,6729555,6704945,6581020,6626468,6557727,6608503,6605118,6581075,6664423,6555211,6652919,6593674,6506583,6618504,6592864,6519746,6559981,6517717,6539652,6418237
112,31,0,0,6718695,6693674,6570436,6615390,6546520,6597417,6593444,6570247,6653273,6543405,6641541,6582691,6495603,6607218,6580982,6508461,6548281,6506198,6527846,6407224
113,0,0,0,6730485,6705067,6582261,6626830,6557559,6609188,6605563,6581910,6665406,6555923,6653292,6594528,6507479,6618877,6593147,6520583,6560188,6518810,6540112,6418120
114,31,0,0,6718997,6693053,6570700,6614919,6546285,6596930,6593413,6570192,6653623,6542999,6641178,6581940,6495428,6607137,6581312,6508084,6547270,6505698,6527834,6407172
115,0,0,0,6730192,6704349,6581375,6625944,6557717,6608414,6605357,6581623,6664794,6554906,6652818,6592893,6506554,6617838,6592073,6519557,6558513,6517349,6539476,6418406
116,31,0,0,6716757,6691819,6569325,6613834,6545639,6595775,6592997,6568793,6652321,6542581,6639629,6580836,6494407,6605135,6580156,6507094,6546202,6504450,6526485,6405823
117,0,0,0,6729552,6704489,6582234,6627018,6558218,6608793,6605190,6581490,6665316,6556022,6653167,6593850,6507373,6618993,6593410,6520498,6559397,6518024,6539926,6418754
118,31,0,0,6716808,6692018,6569433,6614062,6546302,6596113,6593259,6568265,6652774,6542987,6639742,6581070,6494802,6606426,6579603,6506828,6546665,6504614,6527108,6405737
119,0,0,0,6729248,6703929,6581754,6626585,6557641,6608221,6605172,6581066,6665502,6555157,6652867,6593524,6506666,6618588,6592507,6519888,6559519,6517111,6539940,6417821
120,31,0,0,6717268,6691735,6569859,6614805,6545469,6596482,6592673,6568683,6652969,6542220,6640600,6581487,6494235,6606108,6579852,6507387,6546824,6504702,6527418,6406617
121,0,0,0,6729166,6703652,6581068,6626812,6557188,6608434,6605063,6581094,6665778,6554978,6653102,6593448,6505712,6617989,6592148,6519555,6559186,6517090,6539926,6418342
122,31,0,0,6718242,6692581,6569707,6615127,6545472,6596453,6593126,6569349,6654004,6542889,6640214,6581515,6494071,6607043,6580711,6507117,6546658,6505105,6527302,6406443
123,0,0,0,6730440,6704795,6582019,6627154,6557419,6608912,6605690,6581440,6665850,6555908,6652654,6593980,6506168,6619361,6592957,6519074,6560160,6518368,6540186,6418356
124,31,0,0,6718322,6693096,6570003,6615032,6545568,6596587,6593306,6569146,6652828,6543456,6639804,6581449,6493863,6607186,6580387,6506420,6546530,6505402,6527398,6405849
125,0,0,0,6730366,6705623,6582030,6627778,6557836,6609645,6605737,6581512,6665439,6556271,6653899,6594354,6506634,6619106,6593408,6519757,6560072,6517539,6540376,6418692
126,31,0,0,6717107,6692080,6569610,6614509,6545051,6596816,6591727,6568729,6652259,6542922,6639273,6580707,6493473,6605299,6580582,6506460,6546512,6505052,6527144,6405509
127,0,0,0,6729237,6704067,6581890,6626868,6557113,6609167,6603858,6581101,6664494,6555255,6652029,6593150,6505423,6617903,6592506,6519112,6559066,6517698,6539651,6417999
128,31,0,0,6717021,6693057,6570206,6615013,6545053,6596884,6592240,6569241,6652123,6543266,6639905,6581109,6493603,6604804,6580232,6506764,6546442,6505226,6527229,6405668
129,0,0,0,6729625,6705827,6581960,6627323,6556997,6608811,6605466,6581463,6665331,6556157,6653012,6593279,6505935,6617907,6592980,6520654,6559024,6517919,6540081,6418476
130,31,0,0,6716412,6692601,6569343,6614275,6544103,6595983,6591634,6568286,6651967,6542899,6639286,6579718,6493142,6604709,6579357,6506173,6545140,6504358,6526645,6405243
131,0,0,0,6729693,6706175,6582455,6628147,6556889,6610142,6605348,6582442,6666183,6557069,6653936,6594285,6506967,6618714,6593858,6520247,6559778,6518781,6541033,6419743
132,31,0,0,6717749,6693026,6569545,6615048,6544466,6597323,6591806,6569130,6652540,6543164,6640289,6581100,6493294,6605391,6580446,6506305,6545744,6504465,6527279,6406775
133,0,0,0,6730228,6706058,6582090,6628037,6557435,6609756,6604793,6581792,6665572,6556232,6653442,6593934,6506630,6618751,6594036,6519982,6559636,6518008,6540029,6419616
134,31,0,0,6717016,6692829,6569023,6614728,6544423,6596609,6591506,6568437,6652319,6543044,6640737,6580418,6493760,6605905,6580220,6506487,6545687,6504341,6526096,6405995
135,0,0,0,6729575,6704580,6581939,6627216,6557622,6609420,6604261,6581723,6664665,6555469,6653608,6593818,6506603,6619193,6593277,6519992,6559484,6517240,6539686,6418526
136,31,0,0,6716184,6691877,6568106,6613801,6543919,6595915,6591057,6568293,6651082,6541407,6639886,6580081,6492895,6604944,6579854,6506135,6545381,6503642,6526262,6405365
137,0,0,0,6729585,6705458,6581140,6626469,6557411,6609457,6604785,6581978,6664892,6555006,6654113,6594208,6506795,6618156,6593858,6520690,6560167,6517495,6539464,6419401
138,31,0,0,6717525,6692432,6569577,6614244,6545693,6596636,6592215,6569249,6652046,6542669,6640541,6581177,6494005,6605815,6580573,6507711,6547525,6504545,6527612,6406642
139,0,0,0,6729711,6703860,6580605,6626598,6557248,6608695,6603568,6581176,6664262,6554717,6652205,6592884,6505620,6618213,6592198,6519634,6558880,6516237,6539530,6417644
140,31,0,0,6718208,6692287,6569028,6614976,6544609,6596481,6591685,6568937,6652279,6543382,6639959,6580474,6493345,6606122,6579408,6507483,6546891,6504290,6527181,6405276
141,0,0,0,6730259,6704384,6580872,6626888,6556232,6608714,6604155,6581091,6664467,6556094,6652290,6592999,6506209,6617850,6591772,6519670,6559979,6516595,6539594,6417614
142,31,0,0,6718095,6692161,6568743,6614526,6544030,6596440,6591735,6569412,6651811,6542924,6639392,6580913,6493852,6605032,6578979,6506919,6546849,6503629,6526895,6405728
143,0,0,0,6729718,6703561,6580336,6626530,6556881,6608576,6604114,6581684,6663984,6555683,6651610,6593120,6505844,6617234,6593285,6519309,6559558,6517169,6539704,6417865
144,31,0,0,6717371,6692036,6569310,6614669,6544656,6596298,6591823,6569252,6651969,6543663,6639762,6580865,6494299,6605580,6580295,6506387,6547034,6504416,6527284,6405681
145,0,0,0,6729549,6705117,6581913,6627513,6557001,6609649,6604240,6582027,6665056,6556315,6653403,6594095,6506679,6618579,6592849,6519561,6560185,6517018,6540669,6417829
146,31,0,0,6717509,6693202,6570118,6615679,6545765,6597102,6592366,6570108,6652874,6544235,6640736,6581898,6495111,6605895,6580708,6507387,6547690,6505309,6528275,6405320
147,0,0,0,6729435,6704120,6581232,6627309,6556062,6608942,6603783,6581750,6664740,6555396,6652208,6593405,6506654,6617253,6592263,6519236,6559951,6516850,6539998,6417373
148,31,0,0,6717267,6692005,6569416,6615137,6544290,6596417,6591355,6568815,6652414,6542696,6639220,6580332,6494179,6605427,6579450,6506190,6546731,6504104,6526624,6405269
149,0,0,0,6729785,6704332,6581776,6627734,6557079,6609249,6604481,6581970,6665467,6556555,6652379,6594290,6506275,6618310,6592664,6519678,6559672,6517334,6539900,6418216
150,31,0,0,6717668,6692793,6569811,6615082,6545260,6597177,6592332,6569335,6653463,6543713,6640402,6581605,6494004,6606004,6580980,6507073,6547404,6505014,6526667,6406762
151,0,0,0,6730126,6704192,6581291,6627100,6557117,6608802,6604507,6581669,6665285,6555760,6652341,6593671,6506156,6618614,6592508,6519483,6559523,6517518,6539877,6418011
152,31,0,0,6717747,6692192,6569343,6614565,6545531,6596395,6591766,6568992,6652778,6543232,6640074,6581319,6493531,6605603,6579370,6506534,6546317,6504135,6527203,6405912
153,0,0,0,6730384,6705208,6582129,6627828,6558609,6609505,6604976,6582043,6666048,6556160,6652792,6593962,6506311,6619084,6593201,6519461,6559486,6516965,6540227,6419662
154,31,0,0,6717676,6692851,6569613,6615823,6545804,6596994,6593033,6569383,6653205,6543299,6639837,6581611,6494391,6606659,6580769,6506515,6546996,6504398,6527854,6406776
155,0,0,0,6728986,6704570,6581747,6628191,6556792,6608389,6604901,6581902,6665722,6555813,6652099,6593312,6506355,6618146,6593349,6519216,6559162,6516704,6539645,6418744
156,31,0,0,6716881,6691904,6570333,6615869,6544712,6596185,6592145,6569392,6652824,6543095,6640088,6581262,6493848,6605909,6580348,6506345,6546901,6503911,6527397,6406475
157,0,0,0,6729461,6704457,6582859,6628651,6557619,6609163,6605469,6582973,6666112,6557143,6653566,6594673,6507048,6618824,6593912,6521276,6560089,6517575,6541255,6420025
158,31,0,0,6717140,6691836,6569742,6615207,6544040,6596566,6592292,6569599,6652769,6543500,6639582,6581510,6494005,6605466,6579768,6506983,6547101,6504608,6527583,6407061
159,0,0,0,6729562,6703996,6581626,6626621,6556025,6608649,6604139,6581971,6664766,6555784,6651598,6593428,6506114,6617455,6592381,6519237,6558832,6517304,6539547,6418519
160,31,0,0,6717460,6692564,6570687,6615754,6544964,6597489,6593244,6570443,6652556,6543567,6640117,6581426,6495125,6606569,6580585,6507789,6547202,6504882,6527807,6407343
161,0,0,0,6730160,6704533,6581651,6627846,6557040,6609333,6605381,6582345,6664618,6555877,6652418,6593431,6506728,6617818,6593033,6520003,6560069,6517445,6539897,6419768
162,31,0,0,6717792,6691794,6569640,6615865,6544760,6596700,6592759,6569320,6652339,6543466,6639047,6580618,6494121,6605244,6580465,6506765,6547423,6504598,6526624,6405722
163,0,0,0,6729101,6703011,6581319,6627467,6556171,6607373,6604438,6580960,6663551,6555298,6650973,6592527,6505571,6617502,6592684,6518772,6559301,6515798,6538680,6417888
164,31,0,0,6717829,6691499,6570229,6616078,6544312,6596084,6592668,6569631,6652524,6543924,6639070,6581232,6493719,6605977,6581075,6506752,6546756,6503903,6526749,6406420
165,0,0,0,6730489,6703841,6582697,6628061,6557016,6608323,6605671,6582156,6664658,6556299,6652012,6593298,6506418,6618255,6592080,6519536,6559779,6516459,6539434,6418252
166,31,0,0,6717782,6691218,6570321,6615221,6544648,6596233,6593125,6569565,6652225,6542858,6639113,6580905,6494311,6605899,6579174,6506162,6547108,6503511,6526381,6405415
167,0,0,0,6729700,6703330,6582288,6627386,6556743,6608642,6604881,6581195,6664471,6555805,6651868,6593592,6505812,6618033,6592129,6519255,6559440,6516743,6539746,6417474
168,31,0,0,6718191,6692285,6570566,6615444,6544941,6597571,6593315,6569933,6652934,6544240,6639750,6581788,6494049,6605973,6580855,6507466,6547263,6504616,6527166,6406096
169,0,0,0,6730038,6704963,6582374,6627951,6557340,6609458,6605807,6581985,6665223,6556836,6653017,6594211,6506494,6619335,6593187,6520325,6560599,6517548,6540202,6418330
170,31,0,0,6716710,6691644,6569316,6614264,6544398,6595951,6591892,6567648,6651587,6542580,6638989,6580693,6493032,6605221,6579276,6506097,6545894,6503779,6526304,6405789
171,0,0,0,6729577,6704163,6582049,6626924,6556583,6609011,6604331,6580566,6664887,6555743,6652091,6593213,6505616,6617655,6592889,6520025,6558704,6517104,6540204,6419021
172,31,0,0,6716629,6691124,6569150,6613908,6544491,6596230,6591572,6568043,6651970,6542910,6638157,6579822,6492595,6604450,6578774,6506007,6545087,6503389,6527326,6406253
173,0,0,0,6728771,6702952,6580644,6625922,6556121,6607668,6603488,6580179,6664046,6555692,6651553,6592312,6505092,6617321,6591035,6519492,6557848,6515524,6539775,6417971
174,31,0,0,6716906,6691073,6568924,6614122,6543799,6595469,6591381,6568104,6651922,6542906,6639033,6579876,6492580,6604906,6578459,6506541,6544895,6503406,6526607,6405174
175,0,0,0,6729175,6703199,6580486,6626219,6555264,6607550,6603227,6580427,6663618,6554965,6651193,6592063,6504686,6616796,6591121,6519516,6557530,6515432,6539084,6417684
176,31,0,0,6716077,6691684,6568477,6613403,6542919,6595448,6591628,6567900,6651312,6542828,6638447,6579590,6492318,6604614,6579759,6506452,6545333,6504041,6526835,6405237
177,0,0,0,6729047,6704214,6581349,6626427,6555011,6608107,6603966,6580827,6663784,6555568,6651464,6592582,6505383,6618105,6592770,6519287,6558967,6517302,6540150,6418213
178,31,0,0,6716077,6691022,6569035,6613182,6543186,6595129,6591294,6567553,6650933,6542802,6638403,6579442,6491958,6605637,6578656,6506005,6545357,6503861,6526499,6405289
179,0,0,0,6728796,6703525,6581595,6625350,6555725,6607953,6604490,6580349,6663906,6555164,6650874,6592726,6504387,6617724,6591540,6519105,6558458,6517479,6539756,6418168
180,31,0,0,6717191,6691936,6569961,6613962,6544258,6596371,6592539,6568410,6652179,6542803,6638842,6580311,6492532,6605612,6579715,6506253,6545784,6505005,6527385,6406310
181,0,0,0,6729056,6703447,6581098,6626093,6556371,6608035,6603807,6580280,6664753,6554863,6651403,6592781,6504172,6617774,6592153,6518445,6558851,6517174,6539644,6418433
182,31,0,0,6716804,6691597,6568755,6614121,6543537,6595611,6591943,6568077,6651718,6543071,6638240,6580081,6492805,6605511,6579730,6506221,6546336,6504857,6526760,6406414
183,0,0,0,6728513,6703313,6580698,6625549,6556163,6607965,6603333,6579917,6663657,6555413,6650551,6592723,6505090,6617483,6592266,6518787,6558640,6517080,6539453,6418224
184,31,0,0,6716263,6691107,6568344,6613106,6543779,6595270,6591244,6567295,6651353,6542590,6637960,6580039,6492147,6604469,6579412,6506311,6545336,6505051,6527113,6405607
185,0,0,0,6729212,6704300,6580710,6626162,6556636,6607953,6603544,6579991,6664499,6555744,6650783,6593276,6505213,6618241,6591412,6519300,6558280,6517737,6540233,6417786
186,31,0,0,6716170,6691110,6567536,6613558,6543690,6594959,6590743,6567778,6651248,6542794,6637674,6580102,6492125,6605426,6578287,6506251,6544686,6504633,6526527,6404751
187,0,0,0,6729625,6704331,6580463,6626791,6556487,6608531,6603884,6581159,6664595,6555794,6651443,6593121,6505540,6618601,6591893,6520133,6558480,6518240,6540294,6417970
188,31,0,0,6718159,6692654,6569407,6614648,6544741,6596732,6591961,6569294,6652049,6543362,6638755,6581243,6492889,6606158,6580389,6508280,6546537,6505189,6527359,6405671
189,0,0,0,6730254,6704180,6581651,6627092,6557042,6608633,6604584,6581538,6664471,6555910,6651486,6593908,6505824,6618659,6592972,6521163,6559952,6517569,6540323,6418663
190,31,0,0,6718135,6692625,6569240,6614569,6545097,6596820,6592520,6568729,6651891,6543288,6639286,6581360,6493392,6606371,6580827,6508847,6547203,6505990,6527620,6406295
191,0,0,0,6729489,6705086,6581744,6626968,6556683,6609374,6604200,6581248,6664207,6555871,6652174,6593641,6505832,6618804,6592790,6520728,6559856,6517934,6539736,6418975
192,31,0,0,6716813,6692347,6569470,6614740,6544958,6597002,6591477,6568490,6652176,6543020,6638710,6580165,6492957,6606001,6580363,6506668,6546164,6504623,6527196,6405919
193,0,0,0,6729917,6705191,6582162,6626943,6557651,6609397,6605445,6581844,6665586,6556509,6652622,6593742,6506290,6618728,6593285,6520357,6560014,6517953,6540388,6418601
194,31,0,0,6716564,6692064,6569082,6613219,6544841,6595914,6591770,6567916,6651964,6542995,6638042,6580401,6493141,6605663,6579840,6506648,6545772,6504453,6527112,6405402
195,0,0,0,6729503,6704410,6581560,6625953,6556530,6608040,6604814,6580927,6664361,6556032,6651057,6593515,6506282,6618675,6592186,6519931,6558873,6518203,6539964,6418592
196,31,0,0,6717211,6691617,6568987,6613858,6544288,6595613,6591863,6568400,6651502,6543516,6638433,6580550,6493284,6605734,6578847,6507158,6546282,6505652,6526216,6405719
197,0,0,0,6729693,6703739,6581091,6626460,6557111,6607906,6604281,6580828,6663884,6555137,6651382,6592583,6505770,6617622,6591464,6519363,6559351,6518103,6538803,6417992
198,31,0,0,6717176,6691463,6568336,6614367,6544485,6595970,6592026,6567976,6651384,6542685,6637475,6580090,6493420,6605643,6579271,6506243,6546151,6504834,6526229,6405332
199,0,0,0,6729175,6702885,6580129,6626293,6556227,6608152,6603709,6580338,6663938,6554768,6650239,6592757,6504828,6617337,6591424,6519197,6558706,6517751,6538348,6417023
200,31,0,0,6717126,6691215,6569328,6614477,6543795,6596319,6591796,6568178,6651850,6542893,6638314,6580768,6493092,6605445,6578741,6507658,6546414,6504856,6526057,6405704
201,0,0,0,6730039,6704874,6582286,6627703,6557102,6610043,6604336,6581153,6664772,6556386,6651912,6594417,6507577,6618950,6592973,6520688,6560828,6518205,6539795,6419041
202,31,0,0,6717127,6691403,6568746,6614691,6543994,6596103,6590965,6567376,6651073,6542098,6638270,6580609,6494234,6605328,6579781,6506590,6545972,6504914,6526535,6404944
203,0,0,0,6730424,6703883,6581684,6626892,6556628,6609151,6604066,6580063,6664661,6555347,6652364,6593555,6506975,6618517,6592901,6520015,6558798,6518585,6539649,6418241
204,31,0,0,6717100,6690939,6569245,6613756,6543823,6596298,6590971,6567438,6651884,6542618,6638778,6580172,6494338,6604835,6579730,6507105,6545494,6504805,6526476,6405932
205,0,0,0,6729051,6703097,6581346,6626950,6556471,6608362,6603640,6580081,6664867,6554885,6651411,6592066,6506157,6617087,6592180,6519763,6558933,6517551,6538929,6418403
206,31,0,0,6717611,6691571,6569153,6614790,6544046,6596774,6591105,6568047,6652932,6542865,6638108,6580557,6494181,6605311,6579762,6507654,6546214,6505231,6526712,6406504
207,0,0,0,6728956,6702846,6580801,6626475,6555631,6608737,6602867,6579951,6664590,6554628,6650743,6592531,6506298,6617212,6591962,6519826,6559280,6517282,6539294,6417936
208,31,0,0,6717624,6691715,6569583,6615167,6544304,6597329,6592320,6568679,6652639,6543187,6638557,6580725,6494731,6605680,6580020,6508225,6547369,6505230,6527782,6406568
209,0,0,0,6730014,6704435,6581600,6627470,6556682,6609964,6604240,6581307,6665196,6555563,6651699,6593258,6506901,6617895,6592671,6520912,6559584,6517855,6540531,6419351
210,31,0,0,6717397,6692426,6568880,6615017,6544141,6597001,6591856,6568730,6652011,6542177,6638520,6580039,6494194,6605364,6579373,6507138,6546336,6504942,6526606,6406017
211,0,0,0,6729862,6704937,6581265,6627652,6556738,6609711,6604143,6581140,6665037,6555103,6651284,6593116,6507111,6618104,6592291,6520050,6559483,6517795,6538849,6419288
212,31,0,0,6716690,6691733,6568657,6614477,6543590,6596325,6591078,6568415,6652231,6541932,6637734,6579810,6494445,6604348,6578769,6507052,6545721,6504586,6525426,6405635
213,0,0,0,6729643,6704479,6581459,6627704,6556364,6609838,6604988,6581312,6665313,6555063,6652045,6593198,6507926,6617681,6591646,6520562,6559967,6518174,6538960,6418398
214,31,0,0,6717265,6691538,6568256,6614493,6543582,6595887,6592057,6568616,6652585,6542165,6637968,6580063,6494110,6604714,6578639,6506831,6546125,6504523,6525906,6404948
215,0,0,0,6729889,6704190,6580750,6626656,6556137,6608743,6604052,6581749,6665286,6554591,6650741,6593125,6506348,6617748,6592377,6520240,6559041,6517450,6539407,6417560
216,31,0,0,6717368,6691647,6568453,6614568,6544421,6596378,6591803,6568800,6652052,6542520,6638036,6580018,6493473,6604245,6579879,6507439,6545822,6504686,6526223,6405266
217,0,0,0,6729031,6703568,6579969,6626458,6555608,6607602,6603921,6580969,6664460,6554148,6650400,6591401,6505814,6616885,6592173,6519606,6558478,6516769,6539128,6416971
218,31,0,0,6717187,6691148,6568575,6614559,6544096,6596166,6592239,6569479,6652135,6541644,6637805,6579199,6493245,6605277,6579236,6507041,6545716,6504468,6527287,6405007
219,0,0,0,6728730,6703784,6580483,6627438,6556506,6608824,6604087,6582240,6665134,6555235,6650935,6592861,6506126,6618570,6592108,6520772,6558823,6517413,6539768,6417691
220,31,0,0,6716526,6691359,6568910,6615744,6544751,6596474,6592504,6569703,6652559,6541926,6638613,6580391,6494345,6605250,6580190,6508116,6546184,6505185,6528154,6404851
221,0,0,0,6728891,6703841,6581304,6627912,6556746,6608960,6604942,6582440,6665339,6554170,6651289,6593132,6506626,6617681,6592666,6520739,6559071,6517320,6540409,6417375
222,31,0,0,6715901,6691843,6568349,6614182,6544178,6596020,6591395,6569486,6652094,6541546,6638091,6580065,6494138,6605449,6579605,6507436,6544903,6503689,6527217,6405196
223,0,0,0,6728863,6705579,6581576,6627003,6557753,6609434,6604816,6582077,6665322,6555626,6651860,6593887,6507131,6619172,6593244,6520621,6558878,6517400,6540739,6418609
224,31,0,0,6716704,6692284,6568682,6615395,6545716,6596540,6592185,6568996,6652714,6543144,6637985,6581306,6493629,6605512,6579783,6507777,6545755,6504536,6527811,6405821
225,0,0,0,6730055,6705706,6581393,6627942,6558499,6610205,6605349,6582542,6666200,6555689,6651919,6594304,6507408,6619309,6593138,6521278,6560001,6518210,6540884,6418601
226,31,0,0,6716682,6692380,6568736,6614972,6544614,6596561,6591934,6568949,6652365,6541995,6638608,6581118,6494626,6605704,6579598,6507518,6546255,6504300,6527649,6405585
227,0,0,0,6728626,6704869,6580665,6627045,6557174,6608378,6603871,6581271,6665005,6554143,6650870,6592878,6506505,6617948,6592335,6519829,6558906,6516888,6540074,6418320
228,31,0,0,6716983,6693483,6569251,6614563,6545828,6596670,6591824,6568989,6653081,6542097,6639158,6580859,6494510,6605926,6580304,6507397,6546761,6504611,6528097,6406382
229,0,0,0,6729981,6705109,6581000,6626616,6557889,6609634,6604080,6581660,6665579,6554559,6651688,6593691,6507505,6618448,6594180,6520394,6560136,6517469,6541160,6418769
230,31,0,0,6717512,6692726,6569037,6614196,6545827,6597490,6592443,6569465,6653464,6542415,6639727,6581165,6495926,6606673,6581409,6507910,6547333,6505384,6528241,6407054
231,0,0,0,6728745,6704136,6580409,6625326,6557453,6609089,6604159,6580710,6665528,6554572,6652339,6592607,6507197,6618224,6593016,6520025,6559887,6517559,6540299,6418606
232,31,0,0,6715777,6692265,6567979,6612548,6544796,6595987,6591905,6567729,6652538,6542213,6638343,6580620,6495189,6604593,6580106,6507073,6546627,6504179,6527445,6405789
233,0,0,0,6728136,6704513,6580311,6625192,6556862,6609085,6604101,6580832,6664819,6554901,6651665,6593389,6507973,6617677,6592492,6520564,6559905,6516888,6540742,6418168
234,31,0,0,6716820,6692719,6568708,6613533,6545358,6596667,6592273,6568595,6652328,6542849,6639889,6581204,6495698,6605879,6579758,6507437,6547538,6504486,6527605,6406251
235,0,0,0,6728660,6704530,6580029,6625326,6556599,6607969,6603797,6580483,6664575,6555041,6651712,6593463,6507165,6617998,6591808,6519836,6559781,6516681,6539724,6418042
236,31,0,0,6715978,6692358,6567473,6612598,6544134,6594441,6591435,6567265,6651587,6542209,6637916,6580022,6494418,6605504,6578736,6506833,6546490,6503792,6526293,6405284
237,0,0,0,6729008,6704629,6581011,6625915,6556450,6608044,6603657,6580868,6664343,6555307,6652042,6593462,6507144,6618739,6592595,6520356,6560099,6517657,6540099,6418391
238,31,0,0,6716608,6691877,6568726,6612626,6544072,6595207,6590440,6568311,6651454,6541900,6638015,6580456,6493643,6605304,6579732,6506723,6545358,6504169,6526675,6405202
239,0,0,0,6727847,6704847,6581118,6624869,6557283,6608218,6603510,6580876,6664146,6554668,6651294,6593945,6507196,6617598,6592838,6520337,6559502,6517400,6540241,6418238
240,31,0,0,6716783,6691686,6568938,6613113,6545215,6595912,6591499,6568015,6651253,6541943,6638757,6581349,6494778,6605017,6579390,6506774,6546502,6504423,6526706,6405418
241,0,0,0,6729521,6703697,6580313,6625090,6556520,6607485,6603897,6580624,6663992,6553986,6652034,6593699,6507178,6618307,6592514,6519913,6559228,6516928,6539057,6417856
242,31,0,0,6716768,6691863,6567865,6612716,6544201,6594690,6591524,6567163,6651483,6541512,6638752,6581130,6494543,6604977,6580043,6507235,6546286,6504183,6526146,6405279
243,0,0,0,6729168,6704055,6580196,6625108,6556770,6606812,6603301,6579994,6663680,6554084,6651996,6592975,6506586,6617894,6592707,6519622,6558577,6516948,6538698,6417043
244,31,0,0,6717039,6692878,6568871,6613083,6544805,6595113,6591898,6568342,6651959,6542100,6639581,6581582,6494432,6605817,6580894,6507327,6546077,6504428,6526224,6404995
245,0,0,0,6730150,6705158,6581116,6626083,6556961,6607701,6604315,6581157,6664637,6555552,6652429,6593318,6507175,6618644,6594098,6520775,6558989,6517052,6539216,6416988
246,31,0,0,6717709,6692321,6568362,6613943,6544672,6595430,6591507,6568088,6652522,6542647,6640001,6580777,6494782,6605668,6580657,6507275,6546036,6504578,6526511,6405144
247,0,0,0,6729877,6703760,6580665,6625513,6556287,6607919,6603723,6580398,6665188,6555325,6651970,6593529,6506744,6618174,6592820,6520012,6559407,6517231,6539511,6417644
248,31,0,0,6717885,6691990,6568608,6613990,6544096,6595425,6591935,6568606,6652944,6542691,6639230,6581392,6495073,6606589,6581241,6507195,6546654,6505011,6527598,6405315
249,0,0,0,6728786,6703745,6578868,6624841,6555970,6606872,6603630,6580119,6664441,6553929,6651649,6593053,6505962,6618284,6592823,6519833,6558191,6516192,6538593,6416977
250,31,0,0,6716542,6691420,6566925,6612749,6543993,6594505,6591294,6568382,6650987,6541310,6638235,6580098,6492683,6604679,6579451,6506907,6545309,6502634,6525333,6404250
251,0,0,0,6729787,6704923,6580524,6626635,6557331,6608226,6604922,6581050,6664689,6555147,6652448,6593543,6506254,6619155,6592455,6520627,6559113,6516922,6539931,6418641
252,31,0,0,6717645,6692198,6569093,6613256,6544024,6595223,6591716,6568536,6651659,6542179,6639265,6580616,6494345,6606295,6579388,6506890,6545211,6503515,6526660,6405763
253,0,0,0,6729740,6704687,6580938,6625950,6555894,6608010,6604026,6580697,6664427,6554776,6652780,6593104,6506601,6618754,6593097,6520492,6559282,6516880,6540397,6418690
254,31,0,0,6718052,6693323,6569730,6613477,6544291,6596036,6592552,6568794,6653224,6542831,6640360,6580671,6494430,6606931,6581064,6508863,6546901,6504700,6528142,6406825
255,0,0,0,6729539,6704995,6581125,6625349,6556121,6608021,6604522,6581068,6665484,6554799,6653053,6593826,6506402,6619592,6593243,6521609,6559596,6517044,6540436,6419248
256,31,0,0,6716653,6691208,6567895,6612431,6543241,6594704,6591260,6568335,6651677,6541579,6639302,6580030,6493588,6605345,6580375,6508422,6545761,6503697,6527265,6405945
257,0,0,0,6728607,6703988,6580063,6624814,6556319,6607476,6603809,6580841,6664083,6553894,6652019,6592423,6506019,6616720,6592881,6520466,6558502,6516531,6539749,6418419
258,31,0,0,6717315,6692410,6568731,6614131,6544316,6596581,6592458,6569028,6652764,6541345,6639516,6580670,6493843,6605026,6580714,6507871,6545780,6504478,6527683,6406789
259,0,0,0,6729989,6704444,6581327,6626779,6556323,6608996,6604583,6580807,6665268,6554258,6653006,6593086,6506213,6618464,6593647,6520501,6558845,6516582,6540635,6419376
260,31,0,0,6717410,6692545,6568805,6614130,6544225,6596112,6592129,6568839,6652823,6541908,6639641,6580342,6493958,6606041,6580915,6507559,6545563,6504630,6528034,6407133
261,0,0,0,6729898,6704860,6581344,6626645,6556575,6608891,6603947,6581515,6665644,6555098,6653156,6592906,6507045,6619405,6593716,6520478,6559324,6517900,6540912,6419445
262,31,0,0,6718278,6693149,6568971,6614035,6543632,6596795,6591880,6569083,6652991,6542549,6640239,6580409,6494323,6606508,6580181,6507840,6546584,6504886,6527610,6406844
263,0,0,0,6730209,6705592,6581298,6626955,6556372,6609112,6604390,6581326,6665870,6555157,6652239,6593356,6507020,6619118,6592511,6520354,6560165,6517399,6540791,6419359
264,31,0,0,6717977,6692845,6568333,6614333,6543758,6596218,6592265,6568380,6652887,6542377,6638908,6580282,6494194,6606009,6580223,6506419,6546794,6504201,6528009,6406197
265,0,0,0,6730276,6704598,6580188,6626378,6555571,6608608,6604455,6580781,6665161,6554882,6651250,6592645,6506252,6618705,6593107,6519495,6559460,6517076,6540751,6418759
266,31,0,0,6717385,6692605,6567672,6613203,6543587,6595918,6591933,6568605,6653206,6542422,6638113,6580122,6493838,6605135,6580572,6507011,6547152,6503920,6527705,6406256
267,0,0,0,6730199,6705682,6580882,6626988,6556598,6609115,6604340,6581155,6666038,6556201,6651922,6593510,6507009,6619170,6593790,6520682,6560198,6517187,6541430,6418765
268,31,0,0,6717652,6693812,6568313,6614272,6544315,6597075,6592098,6569378,6653273,6543854,6639032,6580416,6494913,6606285,6581030,6507712,6547039,6504716,6528813,6406432
269,0,0,0,6730004,6706339,6580609,6626335,6556396,6609621,6604905,6581423,6665809,6556698,6652230,6593379,6507460,6619068,6593915,6521071,6560320,6517286,6542153,6419522
270,31,0,0,6718016,6692728,6568600,6613965,6543728,6597072,6591470,6568976,6653360,6543271,6638786,6581008,6494104,6606163,6581974,6507760,6545910,6505506,6528425,6407134
271,0,0,0,6730044,6705113,6580407,6626466,6555879,6609476,6604587,6582038,6665748,6556132,6651584,6593111,6506499,6618202,6593963,6520934,6558816,6518073,6540453,6419111
272,31,0,0,6717762,6692988,6568612,6614987,6544370,6596992,6593216,6569323,6653074,6543237,6639276,6581005,6494736,6606856,6581486,6507958,6546371,6505114,6528193,6406791
273,0,0,0,6729443,6705087,6580020,6626629,6556599,6609027,6604628,6581030,6665226,6555738,6651522,6592967,6506422,6617540,6593747,6520522,6558744,6517472,6540578,6419040
274,31,0,0,6717791,6693574,6568993,6614747,6544873,6597034,6592610,6569839,6653164,6543618,6639172,6580732,6495333,6605112,6582280,6508217,6546522,6505957,6528722,6406606
275,0,0,0,6729542,6705639,6580000,6626070,6556760,6608785,6604513,6581844,6665391,6555682,6651219,6592982,6506801,6617495,6593884,6520407,6558669,6517913,6540980,6418691
276,31,0,0,6717662,6693210,6568954,6614683,6544854,6596651,6592228,6570088,6652828,6543378,6639925,6581010,6494620,6606472,6581772,6507574,6545959,6505240,6528038,6406816
277,0,0,0,6729498,6704991,6580683,6627485,6557002,6608394,6604419,6581585,6664979,6555614,6652485,6593007,6506407,6618607,6593625,6520291,6559411,6518213,6540430,6419160
278,31,0,0,6717011,6692393,6568030,6614982,6544480,6596287,6591773,6568566,6652595,6542854,6639184,6580409,6493745,6606129,6581213,6506891,6545922,6504879,6527623,6406052
279,0,0,0,6731519,6705966,6581085,6628296,6557797,6609064,6605423,6581882,6666413,6556634,6652791,6594498,6507211,6619380,6594316,6522173,6560912,6518629,6541579,6419880
280,31,0,0,6717544,6692026,6567558,6614277,6544281,6595777,6591942,6568544,6652282,6542777,6638388,6580675,6492929,6605683,6580907,6507632,6546511,6504826,6527667,6406487
281,0,0,0,6729657,6705478,6580183,6627864,6557001,6608884,6604767,6581501,6664890,6555381,6651938,6593922,6505848,6618519,6593757,6521326,6560001,6518061,6540748,6419620
282,31,0,0,6716629,6692933,6568450,6616229,6544670,6596362,6592342,6568595,6652221,6542128,6639211,6581402,6494100,6605825,6580702,6507884,6546285,6505031,6526882,6406689
283,0,0,0,6728977,6704552,6580720,6628228,6556895,6608266,6604596,6580891,6665402,6554986,6652440,6593944,6506070,6618630,6593402,6521212,6559442,6518100,6539432,6419594
284,31,0,0,6717186,6692460,6568902,6616000,6544876,6595893,6592086,6569024,6652620,6542693,6639227,6581366,6493739,6606312,6579626,6508905,6546299,6505251,6527437,6407245
285,0,0,0,6729146,6704101,6580036,6627630,6556700,6607679,6603881,6580590,6663871,6554965,6651169,6593303,6505671,6618081,6591482,6521357,6559059,6517260,6540858,6419472
286,31,0,0,6716194,6691030,6566368,6613749,6543068,6595267,6591286,6567415,6651404,6541271,6637851,6579313,6492489,6604510,6578147,6507135,6545449,6503463,6527201,6405801
287,0,0,0,6729396,6703144,6579082,6626404,6555720,6609009,6603564,6580536,6664350,6554004,6651446,6592812,6505036,6616400,6591469,6519584,6559041,6517442,6540388,6418732
288,31,0,0,6717662,6690757,6566953,6614532,6544053,6597343,6591360,6568633,6651953,6542629,6639080,6580240,6493601,6605162,6580104,6507700,6546276,6504342,6526900,6406361
289,0,0,0,6729159,6704089,6579073,6626965,6556035,6609292,6604249,6580597,6664623,6555519,6651826,6592531,6505751,6617764,6593001,6520563,6559646,6517556,6540077,6419348
290,31,0,0,6716235,6691388,6566871,6614125,6543774,6596284,6590699,6568223,6651597,6542284,6638442,6579573,6492892,6604311,6579415,6506717,6546433,6504270,6526460,6406600
291,0,0,0,6729950,6704938,6580478,6628070,6556938,6609732,6604794,6581475,6665314,6556336,6653033,6593662,6506286,6618175,6593781,6520981,6560469,6517675,6540512,6419766
292,31,0,0,6716561,6692433,6567261,6614930,6543643,6596814,6592190,6568982,6651882,6542462,6638885,6579999,6492895,6605215,6579570,6507257,6546439,6504148,6527757,6406848
293,0,0,0,6729102,6703476,6579971,6626863,6556301,6609087,6604224,6581080,6664377,6555450,6651834,6592608,6505781,6618283,6592340,6520142,6559143,6517230,6540193,6419273
294,31,0,0,6717232,6691314,6567479,6614686,6545017,6597343,6591338,6568761,6652042,6542248,6638826,6580326,6493602,6605839,6579874,6507481,6546094,6504391,6527664,6406660
295,0,0,0,6729255,6703877,6579415,6627934,6557060,6609411,6604345,6581039,6664768,6554798,6651925,6593596,6505701,6618184,6592470,6520461,6559187,6517744,6540405,6419102
296,31,0,0,6717090,6691286,6567374,6615249,6543834,6596799,6591761,6568504,6651778,6542403,6638576,6580600,6492718,6605503,6580017,6507658,6545903,6504475,6527156,6406589
297,0,0,0,6730290,6704000,6580652,6627987,6556894,6609819,6604363,6581221,6665077,6554974,6651695,6593215,6505586,6618119,6592601,6521094,6558755,6517303,6540605,6418816
298,31,0,0,6717493,6692485,6568468,6616323,6545057,6597996,6592255,6569315,6653260,6542836,6639739,6580383,6493471,6606599,6579715,6508365,6546405,6505071,6528206,6407039
299,0,0,0,6728971,6704629,6580178,6627367,6556449,6609231,6603630,6580444,6664780,6554676,6652592,6592286,6505346,6617620,6591736,6520111,6558695,6517458,6539841,6419223
300,31,0,0,6717085,6693301,6568064,6615862,6544348,6597346,6592224,6568952,6652310,6543092,6639683,6580744,6493441,6605431,6580599,6507656,6546269,6504454,6527614,6406650
301,0,0,0,6729519,6705710,6580323,6627975,6555921,6609750,6605027,6581628,6664791,6555334,6652071,6593445,6506702,6618581,6593175,6520445,6558528,6517474,6540160,6419306
302,31,0,0,6716669,6692116,6567196,6615637,6543904,6596700,6591076,6568542,6652069,6542403,6638873,6580549,6493615,6604842,6579839,6506491,6544882,6503907,6526862,6406029
303,0,0,0,6729517,6704303,6579579,6628233,6556260,6609250,6604381,6581105,6665053,6554914,6652516,6593381,6506438,6617919,6593816,6519434,6558531,6517504,6540016,6418417
304,31,0,0,6717121,6691658,6567140,6615846,6543657,6596902,6592252,6568341,6652037,6542305,6638990,6580738,6492975,6605125,6580719,6506895,6545582,6504585,6527451,6406484
305,0,0,0,6729496,6703752,6579304,6627684,6555650,6609131,6604059,6581298,6665037,6554509,6651570,6592986,6505823,6617638,6592687,6520089,6558471,6516738,6539721,6418382
306,31,0,0,6718166,6692561,6568064,6616108,6544557,6597174,6592855,6569151,6652884,6542827,6639512,6581507,6494226,6605851,6580971,6507745,6546391,6504085,6527689,6407238
307,0,0,0,6729476,6704252,6579120,6628660,6556240,6608941,6604435,6580711,6664117,6555157,6651707,6593580,6507064,6617208,6592674,6520111,6558665,6516929,6540362,6418765
308,31,0,0,6717135,6692001,6566845,6615628,6544522,6596591,6592161,6568240,6651905,6542556,6639034,6580759,6494904,6604735,6580404,6506959,6545120,6504578,6527550,6406017
309,0,0,0,6729472,6704339,6578669,6627430,6556133,6608842,6603960,6580952,6664144,6554303,6651335,6592658,6506586,6617378,6593083,6519531,6558278,6516592,6539952,6417976
310,31,0,0,6716859,6691736,6567388,6615627,6544321,6597158,6591967,6568748,6652391,6541812,6639640,6580488,6494402,6605341,6580441,6506655,6546421,6504470,6527690,6406147
311,0,0,0,6730051,6704363,6579688,6628311,6556936,6609495,6604799,6580770,6665146,6554536,6652639,6593021,6507211,6617615,6593035,6519988,6559631,6517586,6540568,6419232
312,31,0,0,6716977,6691515,6566473,6615270,6543729,6596313,6591186,6567756,6651917,6541222,6639274,6579695,6493806,6604028,6579744,6506327,6545365,6503918,6526333,6405435
313,0,0,0,6730406,6704738,6579535,6628592,6556707,6608737,6604280,6581327,6665532,6554688,6652705,6593076,6507232,6617853,6593795,6520022,6559169,6516656,6540170,6418859
314,31,0,0,6717711,6692262,6567291,6615389,6543915,6596510,6591646,6569193,6652375,6541276,6639805,6580582,6494200,6605887,6580925,6506875,6546759,6504299,6526676,6405790
315,0,0,0,6730014,6704592,6578780,6626919,6555507,6608124,6603652,6580854,6664030,6553810,6651985,6592849,6506016,6617653,6592935,6519600,6559233,6516656,6539479,6417556
316,31,0,0,6717835,6692357,6566702,6613733,6543180,6595804,6591804,6568144,6651971,6541338,6639487,6579872,6493463,6605346,6579543,6506238,6546273,6504008,6526825,6405386
317,0,0,0,6730229,6704830,6579379,6626542,6556105,6608674,6604379,6581516,6665180,6554435,6652549,6592947,6506569,6617945,6592953,6519231,6559546,6516993,6539891,6418392
318,31,0,0,6718052,6693354,6567933,6614818,6543901,6596708,6592739,6568891,6652286,6542507,6639713,6580752,6494631,6606086,6581110,6507417,6547021,6503910,6528268,6406332
319,0,0,0,6729304,6704598,6579343,6627043,6555945,6608644,6605048,6581209,6664965,6553936,6651322,6592540,6506162,6617811,6593356,6520633,6559108,6516733,6540320,6418195
320,31,0,0,6717327,6693073,6567176,6615194,6544246,6596544,6592750,6568983,6652764,6540924,6639031,6579983,6494522,6605708,6580861,6507568,6545819,6504197,6527836,6406075
321,0,0,0,6729936,6704937,6579719,6627313,6557188,6608936,6605287,6581303,6665272,6554462,6651932,6592561,6506934,6618277,6593984,6520194,6559086,6516546,6540264,6418613
322,31,0,0,6717670,6692595,6567716,6615033,6544669,6596730,6592529,6569330,6652037,6542655,6639213,6580055,6494512,6605446,6581301,6506492,6546556,6504128,6527467,6405630
323,0,0,0,6731074,6705305,6581149,6628389,6557737,6609817,6605683,6582317,6664975,6556395,6652629,6593143,6506975,6618983,6594761,6520804,6559765,6517496,6540554,6418894
324,31,0,0,6719174,6693074,6569230,6615768,6545538,6597854,6593101,6569511,6652251,6543021,6639850,6580922,6495231,6606554,6582198,6507925,6546813,6504588,6528462,6405995
325,0,0,0,6730149,6704871,6580512,6627317,6556350,6609606,6604544,6581023,6663989,6554399,6651697,6592874,6506065,6618365,6593788,6518703,6558261,6516414,6539694,6417820
326,31,0,0,6718547,6692810,6569935,6615750,6544560,6597695,6593303,6569158,6652501,6542442,6640105,6581154,6494873,6606689,6581666,6507598,6546418,6504829,6527415,6405816
327,0,0,0,6730717,6704680,6581062,6627819,6556360,6610085,6605010,6581365,6664396,6554198,6652680,6593452,6506989,6618822,6593944,6519956,6558522,6516821,6539687,6417790
328,31,0,0,6718395,6692322,6568275,6615305,6544221,6597598,6592499,6569188,6651054,6542119,6639049,6581175,6494840,6606415,6580981,6506802,6544909,6504102,6526367,6405105
329,0,0,0,6730319,6704434,6580022,6627364,6556425,6609650,6604798,6582004,6664656,6554614,6651912,6593233,6506320,6618625,6593681,6519851,6558399,6516467,6539244,6417592
330,31,0,0,6718563,6692629,6569032,6615358,6545303,6598041,6592639,6570441,6652462,6542595,6639702,6581198,6495128,6606427,6581740,6508143,6545772,6504656,6527511,6405487
331,0,0,0,6730976,6704611,6581339,6627912,6557146,6610731,6605485,6582661,6665355,6555548,6652402,6593992,6507631,6619045,6594054,6520974,6558963,6517119,6540737,6418177
332,31,0,0,6718286,6692299,6568810,6615058,6544214,6597668,6592098,6569064,6652097,6542748,6639058,6580765,6494020,6606395,6581182,6507258,6545837,6503456,6527529,6405338
333,0,0,0,6730495,6704828,6580829,6628365,6557159,6610211,6604330,6582297,6665219,6555382,6651728,6593634,6506901,6618913,6594281,6520597,6558443,6516971,6540613,6417860
334,31,0,0,6716682,6691160,6567494,6613739,6543575,6596611,6590995,6568382,6651248,6541250,6637652,6580146,6493640,6604637,6579745,6505772,6544584,6502727,6526108,6404026
335,0,0,0,6729717,6703859,6580123,6626727,6556240,6609475,6603862,6581647,6664136,6554943,6651054,6592784,6506679,6617716,6593432,6518959,6558241,6516280,6539756,6418465
336,31,0,0,6717976,6691744,6568205,6614582,6544485,6597512,6591614,6569175,6652089,6542628,6638250,6580386,6494234,6605897,6580948,6506729,6544820,6503576,6527097,6405965
337,0,0,0,6729776,6704307,6580499,6627348,6556817,6610058,6604600,6581763,6664942,6554942,6651977,6593345,6506472,6618800,6593902,6519922,6558470,6516922,6540626,6418479
338,31,0,0,6718472,6692723,6568677,6615319,6544779,6597541,6592428,6569515,6652440,6543188,6639520,6581494,6495200,6606677,6580741,6507065,6545223,6503750,6528119,6406308
339,0,0,0,6730968,6705768,6580971,6628560,6557751,6609992,6604795,6581383,6664984,6556232,6652763,6593850,6508405,6619616,6593878,6520393,6559656,6518104,6540768,6418817
340,31,0,0,6717482,6692803,6567896,6614836,6544039,6596370,6591858,6568603,6651418,6542490,6638599,6580049,6494748,6605148,6579967,6506159,6545183,6503739,6526707,6404578
341,0,0,0,6731525,6705718,6580770,6628294,6557673,6610203,6604889,6582101,6665408,6556568,6652628,6594006,6507763,6618983,6594286,6520509,6559507,6517929,6540797,6418916
342,31,0,0,6717998,6692320,6568334,6615248,6544703,6597095,6592318,6569195,6651994,6542743,6638743,6580595,6494381,6605753,6581113,6506757,6546061,6504653,6527551,6405525
343,0,0,0,6729348,6704532,6580639,6627713,6556356,6609633,6604189,6581428,6663776,6554321,6651014,6593053,6506099,6616923,6593125,6519133,6559582,6516410,6539482,6417666
344,31,0,0,6718000,6692428,6568642,6616082,6544263,6597516,6591842,6569215,6652108,6542535,6638893,6581044,6494333,6604789,6580961,6507018,6546593,6504149,6526790,6406522
345,0,0,0,6729296,6703963,6579915,6627947,6556257,6608327,6603598,6581101,6664497,6554732,6651669,6592482,6506479,6616953,6593256,6519106,6558908,6516437,6539168,6418771
346,31,0,0,6717617,6692438,6568790,6616274,6544801,6596266,6591914,6569147,6652556,6542662,6638851,6580053,6494506,6604657,6580568,6506712,6546925,6503873,6527219,6406429
347,0,0,0,6729332,6704329,6579810,6627939,6555884,6607449,6603358,6580738,6664136,6553602,6651103,6592431,6505738,6617346,6593417,6518859,6559105,6515387,6539191,6417620
348,31,0,0,6718090,6691691,6568121,6615880,6544314,6596561,6591961,6568492,6651881,6542016,6637809,6580344,6493536,6604865,6581321,6506199,6546141,6503729,6527152,6405278
349,0,0,0,6730941,6705190,6581005,6628520,6557162,6609749,6604862,6582463,6665742,6555536,6652231,6594338,6506551,6617560,6593557,6519992,6560512,6517999,6540692,6418770
350,31,0,0,6718994,6693123,6568710,6616333,6544816,6597654,6592436,6569974,6653195,6542855,6639067,6581408,6494736,6605676,6580974,6506957,6547180,6504603,6528698,6406193
351,0,0,0,6730849,6705403,6581053,6628329,6557015,6609270,6604608,6581386,6665535,6555077,6651624,6594327,6506546,6618654,6593660,6519114,6559933,6517618,6540910,6418554
352,31,0,0,6718972,6692592,6568159,6615767,6544076,6596497,6592173,6568607,6652762,6542001,6637732,6580905,6493303,6605257,6580598,6506215,6546373,6504232,6527594,6405141
353,0,0,0,6730189,6705200,6580469,6627716,6556927,6608289,6603932,6580881,6664405,6554957,6650532,6593498,6505893,6616642,6592582,6518571,6558712,6516835,6540542,6416940
354,31,0,0,6717750,6692502,6567331,6615644,6544647,6596023,6591179,6568239,6650961,6541539,6636878,6580626,6493547,6604598,6579474,6505648,6544809,6504110,6526863,6404271
355,0,0,0,6730216,6704241,6579263,6627215,6556818,6608499,6603371,6580700,6664424,6554492,6649758,6593322,6506318,6616853,6592497,6518469,6558241,6516526,6539720,6417644
356,31,0,0,6717681,6692482,6568182,6615339,6545257,6596659,6591597,6568863,6652642,6542222,6637495,6581226,6493697,6605256,6580008,6506230,6546038,6504319,6527403,6405863
357,0,0,0,6729716,6704567,6580020,6627299,6556706,6608504,6604194,6580866,6664183,6554660,6650331,6592774,6505715,6616852,6592791,6518984,6558718,6516676,6540129,6417113
358,31,0,0,6718289,6692641,6567711,6614511,6544230,6596256,6592091,6568611,6652276,6542270,6638048,6580964,6494122,6604233,6580102,6506445,6546204,6504158,6527306,6405073
359,0,0,0,6730045,6705137,6579819,6627298,6556378,6608594,6605008,6580636,6663769,6554325,6649651,6592572,6505770,6617591,6593185,6519058,6558424,6516319,6539541,6417109
360,31,0,0,6717849,6693763,6568564,6615547,6544046,6596546,6592757,6568830,6651854,6542234,6637569,6580917,6493955,6605587,6580384,6506984,6545225,6503764,6527156,6404827
361,0,0,0,6730187,6706094,6581150,6627660,6557265,6609194,6605443,6581668,6664931,6554547,6651222,6594221,6507027,6618491,6594091,6519775,6559094,6516944,6540145,6417564
362,31,0,0,6716918,6692996,6568001,6614908,6544819,6596782,6592604,6569425,6651510,6542188,6638229,6581026,6494106,6605208,6580506,6506576,6545740,6504051,6526811,6404623
363,0,0,0,6728560,6704511,6579766,6626605,6557142,6608445,6604203,6580811,6663731,6553901,6651205,6592405,6505734,6617034,6593266,6518787,6558003,6516285,6538855,6416621
364,31,0,0,6717015,6692043,6567206,6613993,6544590,6595957,6591781,6568178,6651777,6540501,6637533,6580047,6493202,6604497,6580180,6505662,6544496,6503358,6526514,6404141
365,0,0,0,6729901,6705786,6580443,6627115,6557103,6608980,6605745,6581698,6665237,6554146,6651464,6593452,6506412,6618923,6592881,6519478,6559252,6516928,6540374,6418125
366,31,0,0,6717080,6692701,6567171,6613427,6544268,6596211,6592521,6568719,6651923,6541134,6637286,6580004,6493034,6605048,6579187,6505700,6544940,6502946,6526445,6404345
367,0,0,0,6729708,6705214,6579447,6627173,6556875,6609289,6605798,6580999,6664568,6553979,6650824,6593716,6505813,6617425,6593334,6519750,6558074,6517084,6539437,6417261
368,31,0,0,6717014,6692242,6566801,6614203,6544693,6596065,6593223,6568459,6651537,6541396,6637780,6580904,6492762,6604531,6579848,6506717,6544775,6504003,6526872,6404234
369,0,0,0,6729288,6704896,6579963,6625715,6557023,6608253,6604730,6581417,6664596,6554147,6650746,6593095,6506376,6618258,6592774,6519745,6558164,6516501,6540106,6416682
370,31,0,0,6718159,6694184,6568613,6615302,6545863,6596982,6592177,6569547,6653152,6542263,6638998,6581180,6493951,6606812,6581213,6506745,6546921,6504830,6528154,6405449
371,0,0,0,6729738,6705381,6580295,6627414,6557198,6609111,6603905,6581189,6664656,6554620,6651301,6593265,6506157,6618168,6593184,6519137,6559095,6516672,6539380,6417524
372,31,0,0,6716820,6693351,6567973,6614939,6544523,6596640,6591881,6568869,6651877,6541365,6638535,6580945,6493140,6605279,6580170,6506384,6545579,6503855,6526750,6405061
373,0,0,0,6728751,6705105,6579063,6627056,6555622,6608117,6603763,6581025,6664375,6553705,6650958,6593213,6504982,6616966,6592358,6519107,6558878,6516606,6539198,6416645
374,31,0,0,6717005,6692720,6566964,6614529,6544330,6596133,6591708,6568558,6651516,6541145,6638422,6580889,6493013,6603767,6579434,6506481,6545841,6503888,6526463,6404491
375,0,0,0,6730231,6705943,6581069,6627270,6557528,6609323,6605533,6582135,6665062,6554771,6652405,6594863,6506811,6617406,6592648,6520260,6559827,6516993,6540303,6418620
376,31,0,0,6717048,6693119,6568764,6614620,6544533,6596422,6592287,6568778,6651505,6541507,6638483,6581272,6493556,6603899,6579503,6506410,6545890,6503578,6527008,6404846
377,0,0,0,6729387,6705464,6580971,6627361,6556376,6609325,6604439,6581088,6663978,6554393,6651355,6594010,6505661,6617242,6592379,6519500,6559347,6516650,6540243,6417233
378,31,0,0,6716907,6693526,6568759,6615131,6544812,6596581,6591769,6568847,6651190,6541634,6637936,6580759,6493694,6605746,6579104,6506635,6546085,6503819,6526769,6404987
379,0,0,0,6730673,6705343,6580844,6627995,6557723,6609211,6604523,6581435,6663731,6555472,6651129,6593677,6506611,6617637,6593918,6519127,6559560,6517010,6539962,6418029
380,31,0,0,6718010,6692285,6568454,6615456,6545581,6597112,6592348,6569192,6651295,6543229,6638927,6581548,6494375,6605558,6581251,6505899,6546682,6504598,6527116,6405545
381,0,0,0,6730314,6703344,6579845,6627145,6556765,6608659,6604147,6580521,6663502,6555640,6650532,6593540,6505629,6616979,6593374,6519113,6558895,6517108,6539542,6418136
382,31,0,0,6718420,6691256,6568245,6615126,6545488,6596661,6591720,6568332,6651348,6543457,6637876,6581292,6493935,6603817,6581429,6507303,6546142,6505088,6526832,6406164
383,0,0,0,6729955,6704144,6580428,6627057,6557261,6609305,6604489,6580649,6663501,6555107,6650818,6593695,6506058,6616687,6593434,6519857,6558905,6517632,6540188,6418687
384,31,0,0,6717362,6691833,6567658,6614208,6544534,6596863,6591949,6568447,6650401,6542032,6637553,6580974,6493330,6603911,6580379,6506028,6546152,6504377,6526830,6404812
385,0,0,0,6730627,6704827,6580359,6626318,6557072,6609297,6604501,6581744,6663637,6555053,6651170,6594295,6506426,6617456,6593895,6519084,6559337,6517058,6539244,6417791
386,31,0,0,6718882,6693863,6568494,6615941,6545779,6598346,6593054,6570608,6651813,6543431,6639153,6582181,6494560,6605151,6581319,6507146,6546989,6504814,6527830,6405724
387,0,0,0,6730337,6704942,6579907,6627323,6557014,6609535,6604027,6581897,6663972,6555194,6651112,6593720,6505640,6617232,6593395,6519324,6559531,6516908,6540362,6417148
388,31,0,0,6717960,6692142,6567837,6614006,6544844,6596951,6591951,6569179,6650910,6543050,6638387,6580765,6493575,6604666,6580677,6506117,6545806,6503934,6526858,6404171
389,0,0,0,6729531,6704105,6579812,6626274,6556493,6609187,6603991,6581260,6663256,6555448,6650797,6593387,6505627,6617271,6593167,6518694,6559528,6516171,6539320,6416540
390,31,0,0,6717057,6692537,6567705,6614347,6544705,6596513,6592079,6568734,6650564,6543445,6638311,6580696,6493856,6605122,6581137,6506808,6546877,6504909,6526978,6404762
391,0,0,0,6728876,6704188,6579832,6626336,6556439,6608667,6604187,6580413,6663174,6556002,6650982,6593093,6506072,6617150,6594060,6519166,6558933,6516089,6539440,6416457
392,31,0,0,6717411,6693020,6568258,6615435,6544781,6597268,6592143,6568739,6651384,6544267,6638920,6581067,6494217,6605262,6581165,6506959,6546416,6504844,6526594,6404855
393,0,0,0,6728711,6704733,6578955,6626979,6556185,6609065,6604059,6580384,6663217,6556254,6650813,6593026,6506069,6617259,6593229,6519105,6558676,6516616,6538841,6416775
394,31,0,0,6716956,6692157,6567214,6614423,6544339,6595704,6591885,6567931,6651074,6542938,6637586,6580591,6493861,6604643,6580580,6506133,6546081,6504187,6526089,6404756
395,0,0,0,6729649,6704841,6579699,6627417,6557350,6608744,6604698,6581055,6664072,6556569,6651468,6594065,6506670,6617457,6593370,6519524,6559544,6517792,6539850,6417613
396,31,0,0,6717961,6692661,6568358,6615368,6545588,6597311,6592867,6569026,6651927,6544193,6638242,6581143,6494124,6604670,6581233,6505961,6546548,6504736,6526825,6405623
397,0,0,0,6729575,6704575,6579295,6626736,6557935,6608942,6604353,6581049,6663764,6556359,6650523,6593240,6506743,6616306,6593716,6518575,6559171,6517017,6539168,6417267
398,31,0,0,6716428,6692103,6566662,6614434,6545244,6596643,6591169,6568164,6650899,6543347,6637264,6580504,6493691,6603966,6581363,6505247,6546109,6503574,6526066,6404669
399,0,0,0,6729685,6704960,6579223,6627848,6558165,6609857,6603934,6581064,6663895,6556600,6651292,6593394,6506460,6616969,6593493,6519288,6558941,6517639,6540117,6417618
400,31,0,0,6718480,6693510,6568255,6615769,6546591,6597693,6592410,6569184,6651708,6543905,6638578,6581055,6494763,6605090,6580807,6506676,6546094,6504831,6527798,6405456
401,0,0,0,6730016,6705563,6579947,6628038,6558695,6609180,6604327,6581250,6664050,6556335,6651257,6593341,6506362,6617860,6594443,6519545,6558974,6516955,6540036,6417148
402,31,0,0,6717560,6693035,6567795,6614753,6545316,6596627,6592458,6568373,6651238,6543457,6638116,6581181,6493414,6605832,6581227,6505976,6545368,6504101,6526274,6404488
403,0,0,0,6729625,6705606,6580099,6627071,6558064,6608932,6604846,6581310,6664541,6556659,6651795,6593771,6505784,6617869,6594366,6519508,6559345,6517182,6539754,6417109
404,31,0,0,6717879,6693764,6567868,6615257,6545200,6596199,6592467,6568713,6651651,6543721,6638702,6580658,6493525,6604531,6581266,6506705,6545882,6504456,6526816,6404488
405,0,0,0,6730001,6705743,6580096,6627697,6557447,6609114,6605293,6580758,6664633,6556653,6652254,6593938,6506063,6617237,6594397,6519638,6559344,6516922,6539958,6417070
406,31,0,0,6716354,6692099,6567145,6614687,6544826,6595965,6591615,6568075,6652090,6543000,6638218,6580426,6493413,6604087,6580942,6506231,6545541,6504359,6526337,6403853
407,0,0,0,6729790,6705182,6581027,6627662,6558023,6609390,6605000,6581018,6665606,6556515,6652037,6593846,6506775,6617869,6594572,6520162,6559431,6517908,6539440,6417502
408,31,0,0,6716344,6692807,6567211,6614192,6544801,6595447,6591414,6567654,6651821,6542143,6638007,6580927,6493439,6604479,6581503,6506466,6545628,6504173,6525996,6404141
409,0,0,0,6729024,6705659,6579551,6627097,6557546,6608167,6604522,6580604,6664285,6555544,6651224,6593865,6506044,6616933,6593470,6519697,6559733,6517240,6539668,6417559
410,31,0,0,6717342,6694190,6567964,6615172,6545025,6596215,6591748,6568681,6652978,6543761,6639228,6581632,6493718,6604602,6581330,6507073,6546531,6503866,6526733,6404982
411,0,0,0,6729067,6705024,6579895,6626885,6556454,6607354,6604245,6581243,6664468,6555948,6650650,6593226,6504957,6616454,6593764,6518913,6558896,6516862,6539780,6416664
412,31,0,0,6716801,6692685,6567261,6614958,6544294,6595151,6592139,6568673,6652084,6543158,6638410,6580456,6493473,6604612,6581272,6505749,6546369,6504274,6527004,6404469
413,0,0,0,6729721,6705797,6579499,6628319,6557638,6608346,6604992,6581569,6664734,6556265,6651795,6593700,6506480,6617849,6594043,6519680,6559948,6517563,6539836,6417200
414,31,0,0,6716633,6693009,6567993,6615108,6545279,6595841,6592671,6568853,6651889,6543635,6638859,6581019,6493746,6605791,6581271,6507300,6546629,6504838,6527601,6404486
415,0,0,0,6729830,6705859,6580488,6627097,6558085,6608340,6605712,6581582,6665626,6557464,6652402,6594107,6506325,6619148,6594703,6520948,6559923,6517526,6540877,6417606
416,31,0,0,6717234,6693261,6567655,6614147,6545654,6595450,6592823,6568907,6652301,6543784,6638575,6581728,6492980,6605920,6581435,6507296,6546782,6504856,6527424,6404730
417,0,0,0,6728842,6704985,6579197,6625720,6557735,6607600,6604537,6580950,6664159,6555470,6650394,6593024,6505530,6617671,6592912,6518950,6558919,6516004,6539712,6416779
418,31,0,0,6716174,6693068,6567320,6613489,6545026,6595409,6592022,6568487,6651926,6542763,6637827,6580815,6493245,6605546,6580866,6506359,6545887,6503829,6526778,6403719
419,0,0,0,6728156,6704395,6579590,6626033,6556597,6607305,6604116,6580619,6664030,6554464,6651250,6593265,6505081,6616786,6592587,6519207,6559045,6516698,6539415,6415789
420,31,0,0,6715877,6692461,6567826,6613381,6545189,6595503,6592145,6568558,6652254,6542823,6638986,6580452,6493056,6604988,6580878,6506232,6545940,6503753,6526894,6404630
421,0,0,0,6728890,6704964,6580357,6625594,6557316,6607461,6604847,6580759,6664584,6555425,6651912,6593327,6504780,6618129,6592882,6518813,6558421,6516687,6539753,6417565
422,31,0,0,6717669,6692271,6567920,6613482,6544738,6594833,6591986,6568122,6651957,6543302,6638910,6580411,6493117,6604716,6580732,6506382,6545346,6503905,6526778,6405536
423,0,0,0,6729863,6704738,6579835,6626491,6557094,6607484,6604835,6580679,6664103,6555534,6651328,6592632,6505516,6618195,6593106,6518957,6558249,6515762,6538976,6418058
424,31,0,0,6717707,6692117,6567658,6614694,6544847,6595119,6592623,6568336,6651979,6542723,6638941,6580480,6493258,6605758,6580852,6505934,6546142,6503176,6526853,6405971
425,0,0,0,6729473,6704713,6579024,6626867,6557308,6607610,6604633,6581013,6664405,6556056,6651449,6592929,6505706,6618079,6593198,6519257,6559464,6516001,6539173,6417656
426,31,0,0,6717035,6691805,6566462,6614048,6544710,6594455,6592018,6568374,6651670,6542670,6637473,6580319,6492697,6605131,6579850,6505913,6546131,6503443,6526789,6404901
427,0,0,0,6729651,6704871,6578800,6626417,6557349,6607164,6604736,6581421,6664467,6555627,6651206,6592918,6505761,6617551,6593186,6519369,6559408,6516903,6539490,6417074
428,31,0,0,6718105,6692870,6567007,6614472,6545370,6595483,6591897,6569503,6652860,6543436,6638677,6581329,6494333,6605879,6582056,6507359,6547125,6504223,6527165,6405693
429,0,0,0,6729969,6704723,6579871,6626465,6557683,6607320,6604522,6581730,6664629,6556118,6651503,6593590,6506657,6618481,6594758,6519869,6560140,6516711,6539758,6418055
430,31,0,0,6716859,6692182,6567060,6613714,6545041,6595667,6591831,6569346,6652507,6542806,6638218,6580413,6493286,6605544,6580851,6506463,6546727,6502564,6527013,6404412
431,0,0,0,6729642,6704184,6579313,6625840,6556812,6608074,6604345,6581537,6664377,6555405,6651145,6593097,6506169,6617145,6593456,6519745,6559755,6515895,6539371,6416557
432,31,0,0,6717530,6692270,6567394,6613494,6544696,6595833,6592260,6569247,6652086,6543574,6638549,6580615,6493964,6605867,6580865,6507714,6546069,6503904,6525593,6404603
433,0,0,0,6730759,6705747,6580113,6626866,6558326,6609261,6605438,6582461,6665465,6556238,6652873,6594073,6506846,6618687,6594040,6520751,6559776,6517154,6539578,6418336
434,31,0,0,6717626,6692584,6567215,6614299,6545291,6596018,6591944,6568604,6651633,6542403,6638509,6581022,6494061,6605572,6580523,6506952,6546556,6503696,6526646,6404239
435,0,0,0,6730251,6704964,6579848,6627161,6557402,6608801,6604845,6581404,6664953,6555320,6652479,6593671,6507037,6618606,6593156,6520169,6560136,6517291,6539729,6417461
436,31,0,0,6718293,6693177,6568299,6615176,6545946,6597191,6593203,6569237,6652902,6543625,6639303,6581747,6495307,6606214,6581349,6508030,6547457,6504905,6526853,6405740
437,0,0,0,6731177,6705933,6581244,6627686,6559310,6610089,6606355,6582456,6666751,6556972,6653080,6595411,6507929,6619327,6595730,6521100,6561448,6518222,6540529,6419011
438,31,0,0,6717762,6692736,6568150,6614011,6545245,6596074,6592475,6569223,6653135,6542616,6638862,6581351,6494452,6606003,6581143,6507214,6547486,6504816,6526683,6405010
439,0,0,0,6729278,6705238,6580015,6626772,6557333,6609242,6605171,6582053,6665381,6555876,6651922,6593797,6507695,6618808,6594748,6520598,6559982,6517467,6539930,6418352
440,31,0,0,6716618,6692280,6567639,6614376,6544943,6596288,6592596,6569108,6651891,6542635,6638836,6580574,6494632,6605416,6581784,6506675,6546770,6503586,6526529,6405863
441,0,0,0,6730265,6705739,6580401,6627932,6557971,6609318,6605764,6581982,6665980,6556089,6652275,6593813,6507193,6618532,6595186,6520459,6560737,6517183,6540022,6418722
442,31,0,0,6717090,6692735,6567095,6614013,6544625,6596554,6592923,6568809,6652125,6542166,6637973,6580501,6493501,6605162,6580522,6506526,6546795,6503455,6526486,6404972
443,0,0,0,6729356,6704232,6578990,6625967,6556158,6608744,6603869,6580887,6664250,6554448,6650727,6593140,6506161,6617640,6592951,6519349,6559168,6516492,6539230,6417358
444,31,0,0,6718611,6692368,6567354,6614788,6545090,6596756,6592704,6568985,6652972,6543477,6639202,6581204,6494473,6604869,6581925,6507213,6546809,6504204,6526886,6405620
445,0,0,0,6730864,6704866,6580188,6627741,6558201,6609981,6605036,6581995,6665558,6555514,6651499,6593788,6507044,6618329,6594640,6520317,6559971,6517682,6540183,6418372
446,31,0,0,6718144,6693092,6567475,6614827,6545373,6597520,6592343,6569489,6652263,6542824,6638362,6581097,6494664,6605165,6581689,6507407,6546531,6504254,6527301,6405641
447,0,0,0,6729758,6705611,6579065,6626229,6556657,6608902,6604866,6580903,6665030,6555089,6650950,6593472,6506411,6617350,6593854,6519644,6559208,6516633,6539810,6417718
448,31,0,0,6717651,6693914,6567995,6614847,6545100,6597278,6592964,6569739,6652958,6544134,6639063,6581340,6494534,6606003,6581639,6507205,6547078,6505025,6527462,6406382
449,0,0,0,6729824,6705915,6579796,6627786,6556913,6609142,6605350,6581431,6665329,6556356,6651021,6593640,6506501,6617850,6593723,6519450,6559823,6517323,6540163,6417995
450,31,0,0,6717508,6693703,6567393,6615349,6544808,6596491,6592259,6569046,6652332,6543207,6638667,6581584,6494095,6605308,6581137,6506825,6546631,6504154,6526775,6406110
451,0,0,0,6729674,6705192,6579575,6625956,6556227,6608935,6604289,6580999,6664890,6556062,6652040,6593203,6506008,6617631,6593128,6518784,6559024,6516240,6538983,6419026
452,31,0,0,6717452,6693221,6567379,6614065,6544627,6596380,6592341,6569073,6652120,6543638,6639137,6581237,6494092,6605371,6581431,6506003,6546800,6504192,6526370,6406231
453,0,0,0,6729660,6705089,6579282,6626487,6557438,6609118,6604913,6581112,6665055,6555928,6652276,6593297,6506662,6617750,6593382,6519302,6558684,6516875,6539211,6418014
454,31,0,0,6717991,6693407,6568056,6614462,6546233,6596891,6593256,6569706,6653356,6543583,6640276,6581699,6495662,6605102,6581250,6507554,6546788,6504990,6527880,6406295
455,0,0,0,6730562,6705889,6580657,6627057,6558024,6609207,6605659,6582403,6665514,6556395,6652931,6594097,6507530,6617682,6595229,6520432,6559358,6517842,6540387,6419018
456,31,0,0,6718007,6693863,6568063,6614266,6545508,6596719,6593574,6569418,6652827,6543134,6639264,6580950,6494904,6605407,6582536,6507314,6546150,6504131,6526991,6406199
457,0,0,0,6729892,6706358,6580045,6627335,6557751,6609094,6605232,6582487,6665344,6556510,6652465,6593066,6507491,6617865,6594853,6519959,6559850,6517362,6540151,6418619
458,31,0,0,6716777,6693237,6567344,6613364,6545020,6595579,6592172,6569028,6651421,6542779,6638594,6580352,6494375,6604645,6581250,6505851,6545996,6503957,6526883,6405279
459,0,0,0,6729353,6705408,6579229,6625849,6556991,6608321,6604719,6581204,6664205,6555127,6651355,6592750,6506653,6617108,6593817,6519166,6558860,6516015,6539375,6417656
460,31,0,0,6716318,6693155,6566672,6613600,6543736,6595281,6591969,6568930,6651707,6542281,6638359,6579988,6494340,6604464,6581099,6506433,6545026,6503352,6526547,6404916
461,0,0,0,6729749,6706010,6580322,6626023,6557061,6609189,6605792,6582355,6664826,6555516,6651561,6593288,6506801,6618413,6593759,6520864,6558337,6517164,6540574,6417941
462,31,0,0,6717347,6693067,6567668,6613035,6544430,6596065,6593158,6569425,6652206,6542353,6638019,6579872,6494273,6605185,6581319,6507419,6545461,6504108,6526855,6405494
463,0,0,0,6729149,6705000,6579769,6625425,6556739,6608824,6606032,6581316,6665255,6555194,6651502,6592289,6506395,6618170,6593933,6519984,6558233,6516576,6539930,6418226
464,31,0,0,6717260,6693412,6568174,6614177,6545693,6596543,6593220,6569606,6652591,6542793,6638594,6580675,6494588,6605722,6582469,6507531,6545704,6504739,6527538,6406965
465,0,0,0,6729406,6705274,6580067,6626018,6557437,6608178,6604723,6582163,6665118,6555151,6651118,6592935,6506923,6618400,6594495,6519628,6558621,6516701,6539561,6418711
466,31,0,0,6717380,6693801,6568848,6614558,6545749,6597152,6593252,6570654,6653065,6543635,6639227,6581232,6495883,6606120,6583015,6507300,6546230,6505230,6527111,6407135
467,0,0,0,6728429,6705578,6579589,6625555,6556680,6608449,6605351,6581528,6664346,6555388,6651529,6592918,6507405,6618165,6594632,6519528,6558383,6516951,6539135,6418821
468,31,0,0,6716054,6692176,6566737,6611949,6544095,6595709,6591852,6568509,6651285,6542061,6637922,6579726,6494237,6604361,6579992,6506198,6544294,6503325,6525361,6405755
469,0,0,0,6729117,6705275,6579488,6625129,6557245,6608630,6605243,6581897,6664684,6555186,6651451,6593582,6507713,6618462,6593319,6519861,6558705,6516880,6539203,6418948
470,31,0,0,6715349,6691919,6567457,6612584,6544144,6596291,6592201,6568641,6651385,6541946,6637957,6579865,6494128,6605160,6580140,6505788,6545338,6503350,6525020,6405912
471,0,0,0,6729194,6704745,6579866,6625291,6556773,6608902,6604093,6581533,6664262,6555427,6651374,6592815,6507186,6617360,6593714,6519459,6559119,6516553,6539292,6418622
472,31,0,0,6717961,6693160,6568020,6614351,6545339,6596881,6593001,6569841,6651809,6542935,6639494,6581195,6495300,6605804,6582115,6507457,6546824,6505037,6527141,6406432
473,0,0,0,6729760,6705240,6580045,6625529,6557508,6608942,6605470,6581795,6664201,6555409,6652153,6593633,6507421,6618495,6593900,6519786,6558333,6517423,6539637,6418594
474,31,0,0,6718452,6693036,6568858,6614321,6544568,6596444,6593255,6569938,6652840,6542851,6640007,6581521,6495146,6607272,6580981,6507095,6545954,6505344,6527259,6406486
475,0,0,0,6730372,6705465,6581354,6626211,6556940,6609191,6605549,6582361,6664912,6555176,6653072,6593781,6507037,6618847,6594851,6520028,6559046,6517902,6540398,6418748
476,31,0,0,6717569,6692983,6568546,6613886,6544790,6596513,6593376,6569832,6652433,6542873,6640279,6581201,6494726,6606141,6581901,6507729,6545917,6504654,6526578,6406419
477,0,0,0,6729934,6705408,6580381,6626005,6557405,6608859,6605673,6581866,6665022,6555961,6652686,6593601,6507141,6618387,6594733,6520140,6559509,6517253,6539443,6418602
478,31,0,0,6717727,6692149,6568074,6612723,6544683,6596126,6593109,6569156,6652385,6542955,6639655,6581034,6494393,6605382,6581123,6506825,6545927,6504535,6526324,6405934
479,0,0,0,6730083,6704153,6579915,6624809,6557002,6608015,6605059,6581203,6664373,6555824,6652785,6593603,6506124,6617510,6593442,6519492,6558900,6516649,6539247,6418145
480,31,0,0,6717745,6692565,6568290,6612682,6544922,6596180,6592264,6569192,6651728,6542307,6639902,6580775,6493504,6604788,6580946,6507213,6545863,6503710,6527024,6406305
481,0,0,0,6729316,6704995,6580476,6624595,6556620,6607812,6605133,6580754,6663527,6554806,6651619,6593539,6506167,6616365,6593795,6519465,6558834,6516146,6538946,6418187
482,31,0,0,6717734,6692991,6569260,6613052,6545438,6596473,6593732,6568763,6652193,6542426,6639304,6581509,6494808,6606038,6581489,6507393,6547139,6504110,6527328,6405942
483,0,0,0,6730669,6704895,6581001,6625220,6557830,6608556,6605934,6581299,6664645,6555134,6651786,6593785,6506816,6618401,6593573,6520002,6559254,6516734,6539757,6419425
484,31,0,0,6717915,6692060,6568063,6612330,6545487,6596074,6593320,6568642,6652214,6542745,6638736,6580654,6494077,6605770,6579819,6506841,6545655,6503707,6526963,6405780
485,0,0,0,6730493,6705092,6580822,6625739,6558424,6608895,6605639,6581892,6665548,6555618,6652441,6593564,6507172,6618282,6594473,6519881,6558912,6517692,6540174,6419202
486,31,0,0,6717862,6692263,6567513,6612933,6545329,6596516,6592471,6568914,6651959,6542611,6638656,6580616,6493739,6604744,6580342,6506537,6546411,6504160,6526791,6406254
487,0,0,0,6731191,6705120,6580535,6625532,6558193,6608877,6605196,6581528,6664702,6555198,6651514,6593562,6506970,6618554,6593605,6519981,6559158,6516998,6539849,6418460
488,31,0,0,6718654,6693383,6568073,6612919,6545957,6596370,6592841,6569413,6652099,6542546,6639241,6581105,6494064,6605346,6581484,6507218,6546154,6503940,6527074,6406380
489,0,0,0,6730859,6705633,6580417,6625904,6558128,6609002,6605552,6581870,6664571,6555463,6651961,6593968,6506341,6618288,6594166,6520273,6559507,6517643,6540113,6419198
490,31,0,0,6717463,6692854,6568323,6612880,6545206,6595830,6592339,6568405,6651935,6542594,6637830,6581046,6493295,6605168,6580423,6506837,6546085,6503718,6526406,6406494
491,0,0,0,6729956,6704862,6579833,6625327,6557003,6607803,6604463,6581190,6664491,6554801,6651034,6593486,6506554,6617411,6593759,6519151,6558861,6516569,6539167,6418523
492,31,0,0,6717487,6693893,6567551,6614019,6545238,6596615,6592784,6568622,6652225,6543432,6638486,6581319,6494632,6605387,6581131,6506515,6546033,6504039,6527020,6406263
493,0,0,0,6729925,6705591,6579471,6626403,6557604,6608702,6605439,6580921,6664893,6556509,6651701,6594058,6507055,6618029,6593627,6519846,6559412,6516892,6539654,6417544
494,31,0,0,6717830,6693107,6567734,6614473,6544800,6596566,6592730,6568717,6652268,6543788,6638954,6581149,6494723,6605286,6580588,6507176,6546216,6503955,6526702,6405682
495,0,0,0,6729765,6704070,6578999,6625279,6556378,6608075,6604232,6580880,6664047,6555912,6651267,6593305,6506045,6618056,6592562,6519287,6558378,6516745,6538113,6417554
496,31,0,0,6717822,6692137,6567697,6613126,6544377,6595844,6591347,6568910,6651656,6542905,6638367,6579944,6493672,6605106,6579803,6506113,6545277,6503713,6524979,6404670
497,0,0,0,6729963,6704716,6579258,6625010,6556306,6607607,6603726,6581021,6663920,6555943,6650510,6592957,6506245,6617845,6593214,6519326,6557636,6516438,6537924,6417463
498,31,0,0,6718093,6692575,6567651,6613362,6544595,6596229,6592091,6569515,6652259,6543734,6638322,6581093,6494965,6605757,6581437,6506766,6545911,6504050,6526271,6405568
499,0,0,0,6730394,6704448,6579659,6624330,6557330,6607928,6604495,6581502,6664484,6556198,6650772,6593091,6506807,6617949,6594088,6519600,6557883,6516515,6538649,6417781
