rep,heat_enabled,transmitter_bit,transmitter_mask,ctrl_0_ro_0,ctrl_0_ro_1,ctrl_0_ro_2,ctrl_0_ro_3,ctrl_0_ro_4,ctrl_1_ro_0,ctrl_1_ro_1,ctrl_1_ro_2,ctrl_1_ro_3,ctrl_1_ro_4,ctrl_2_ro_0,ctrl_2_ro_1,ctrl_2_ro_2,ctrl_2_ro_3,ctrl_2_ro_4,ctrl_3_ro_0,ctrl_3_ro_1,ctrl_3_ro_2,ctrl_3_ro_3,ctrl_3_ro_4
0,31,1,18,836119,832597,817959,822602,814937,821168,820674,817405,827694,814089,826575,818814,808196,822131,818601,809901,814636,809695,812367,797305
1,0,1,18,843046,839408,824683,829402,821607,827933,827294,824127,834486,820835,833504,825627,814896,828982,825487,816700,821466,816454,819175,804012
2,31,1,18,836519,833078,818402,823080,815353,821623,821066,817934,828212,814620,826967,819278,808741,822697,819094,810476,815033,810102,812773,797681
3,0,1,18,842780,839371,824717,829445,821519,827884,827207,824106,834550,820957,833512,825612,814908,829037,825612,816828,821426,816514,819141,804046
4,31,1,18,836420,833178,818534,823248,815317,821712,820980,817899,828269,814689,827024,819382,808752,822769,819226,810554,815018,810201,812829,797852
5,0,1,18,842795,839297,824497,829493,821400,827838,827215,824086,834544,820972,833301,825601,814948,828969,825683,816686,821254,816475,819111,803941
6,31,1,18,836794,833375,818669,823458,815600,821904,821372,818079,828527,814985,827211,819547,809010,822880,819540,810702,815292,810447,813063,798110
7,0,1,18,842518,839080,824272,829165,821119,827647,827004,823722,834234,820679,833102,825247,814598,828689,825273,816394,821063,816053,818835,803865
8,31,1,18,836549,833239,818343,823273,815328,821695,821048,817874,828279,814683,826932,819240,808668,822732,819218,810455,815047,810164,812778,797908
9,0,1,18,843026,839620,824680,829694,821619,828116,827408,824254,834697,821058,833535,825732,815098,829202,825757,816911,821583,816661,819250,804219
10,31,1,18,836083,832714,817956,822939,815024,821345,820746,817656,827945,814378,826585,818983,808358,822385,818905,810187,814823,809801,812453,797385
11,0,1,18,842562,839182,824313,829356,821252,827749,826956,823937,834326,820677,833133,825315,814613,828699,825362,816609,821251,816207,818939,803776
12,31,1,18,836716,833503,818703,823692,815617,821961,821278,818290,828590,815023,827242,819633,809024,823040,819493,810908,815401,810531,813208,798086
13,0,1,18,842669,839389,824596,829534,821452,827764,827232,824079,834475,820899,833296,825578,814809,828978,825500,816685,821401,816448,819112,803958
14,31,1,18,836704,833331,818688,823539,815513,821780,821284,818157,828400,814846,827126,819526,808901,822951,819388,810704,815310,810400,813077,797993
15,0,1,18,842769,839427,824658,829596,821474,827805,827180,824148,834439,820839,833250,825593,814950,828992,825476,816737,821317,816411,819058,804021
16,31,1,18,836725,833293,818674,823504,815548,821878,821156,818175,828416,814762,827065,819571,808931,822903,819339,810631,815285,810346,812962,798018
17,0,1,18,842985,839599,824692,829705,821555,827987,827327,824298,834610,820854,833504,825837,815050,829103,825604,816820,821580,816495,819198,804149
18,31,1,18,836509,833125,818360,823327,815214,821578,820906,817928,828139,814519,826869,819437,808718,822775,819134,810435,815100,810108,812738,797711
19,0,1,18,842958,839715,824776,829827,821587,828094,827377,824330,834620,820838,833555,825901,815162,829269,825775,816924,821639,816607,819270,804214
20,31,1,18,836214,833041,818223,823122,815035,821390,820763,817773,827913,814159,826748,819116,808484,822524,819007,810322,814902,809918,812515,797591
21,0,1,18,843187,840013,825088,830072,821850,828315,827655,824626,834863,821088,833836,826029,815335,829493,826035,817123,821923,816839,819488,804468
22,31,1,18,836416,833249,818389,823416,815268,821683,821047,817884,828213,814462,826928,819355,808723,822780,819236,810456,815065,810145,812682,797789
23,0,1,18,842805,839599,824644,829785,821428,827949,827247,824117,834449,820736,833343,825639,814930,829109,825515,816782,821475,816488,819025,803979
24,31,1,18,836598,833384,818635,823558,815353,821934,821183,818149,828320,814598,827060,819516,808831,822963,819270,810669,815217,810357,812800,797845
25,0,1,18,843065,839803,824962,830018,821694,828329,827578,824524,834832,820988,833582,825929,815125,829372,825761,817088,821767,816727,819237,804275
26,31,1,18,836534,833271,818556,823586,815327,821913,821038,818028,828360,814577,826999,819387,808680,822830,819178,810543,815215,810149,812693,797739
27,0,1,18,842885,839672,824745,829917,821571,828190,827369,824348,834680,820842,833567,825822,815121,829176,825602,816819,821582,816557,819160,804026
28,31,1,18,836616,833219,818579,823533,815303,821768,821099,818050,828349,814622,827063,819382,808844,822794,819212,810603,815174,810282,812767,797741
29,0,1,18,842693,839314,824462,829609,821366,827785,827145,824071,834418,820575,833253,825519,814793,829040,825383,816725,821334,816326,818902,803770
30,31,1,18,836529,833212,818522,823535,815390,821746,821066,818057,828244,814484,826927,819394,808834,822897,819160,810568,815138,810262,812703,797704
31,0,1,18,842920,839670,824785,829856,821622,828052,827313,824359,834473,820803,833420,825678,815093,829119,825670,816833,821474,816614,819130,803948
32,31,1,18,836286,833007,818288,823286,815089,821518,820788,817797,827887,814232,826650,819096,808621,822553,818971,810324,814940,810012,812466,797457
33,0,1,18,842951,839591,824678,829869,821609,828113,827302,824320,834507,820839,833525,825720,815031,829211,825722,816926,821566,816665,819128,803978
34,31,1,18,836701,833343,818552,823548,815456,821940,821162,818183,828228,814627,827070,819416,808901,822942,819315,810694,815159,810420,812895,797848
35,0,1,18,843054,839642,824942,829761,821614,828180,827385,824388,834572,820902,833548,825746,815099,829155,825672,816983,821480,816691,819292,804105
36,31,1,18,836737,833478,818626,823608,815561,821963,821269,818256,828388,814762,827250,819509,808974,822968,819366,810845,815171,810494,813035,797947
37,0,1,18,842893,839583,824611,829708,821464,828079,827372,824343,834508,820858,833417,825606,814963,829104,825561,816959,821416,816577,819191,803960
38,31,1,18,836267,833170,818231,823408,815133,821623,820982,817912,828108,814495,826829,819171,808675,822652,818964,810546,814903,810150,812713,797583
39,0,1,18,842718,839548,824672,829850,821558,828014,827276,824313,834597,820954,833471,825639,815134,829125,825556,817071,821504,816602,819207,804037
40,31,1,18,836540,833261,818530,823631,815366,821731,821024,818084,828270,814766,827087,819444,808994,822795,819193,810738,815133,810318,812912,797803
41,0,1,18,842947,839639,824740,829924,821673,828062,827419,824386,834687,821018,833572,825862,815192,829174,825571,817057,821586,816647,819321,804117
42,31,1,18,836567,833331,818492,823711,815486,821825,821250,818187,828357,814758,827114,819562,808885,822937,819083,810749,815205,810373,812960,797810
43,0,1,18,842781,839495,824542,829857,821538,828000,827373,824303,834531,820895,833424,825699,814992,829179,825373,816987,821389,816516,819123,803909
44,31,1,18,836238,833023,818148,823335,815073,821555,820880,817898,828053,814467,826774,819216,808615,822744,818816,810466,814937,810031,812648,797466
45,0,1,18,842880,839478,824530,829733,821477,828075,827326,824232,834596,820821,833385,825716,814981,829228,825389,817009,821450,816487,819164,803890
46,31,1,18,836653,833284,818471,823620,815381,821937,821226,818100,828445,814688,827087,819498,808930,823089,819197,810763,815252,810408,812946,797813
47,0,1,18,842862,839420,824548,829749,821526,827983,827335,824270,834633,820765,833457,825647,814920,829253,825468,816919,821432,816555,819142,803982
48,31,1,18,836468,833112,818264,823427,815307,821727,821072,818001,828260,814525,826941,819323,808633,822948,819032,810612,815155,810235,812807,797729
49,0,1,18,842791,839333,824397,829685,821406,827830,827171,824107,834481,820688,833282,825530,814793,829090,825334,816709,821302,816371,819056,803799
50,31,1,18,836387,832871,818109,823421,815149,821530,820915,817784,828124,814328,826760,819092,808602,822668,818800,810352,814855,809964,812564,797492
51,0,1,18,842982,839374,824640,829957,821660,828119,827342,824288,834755,820982,833511,825766,815169,829385,825458,816934,821551,816584,819282,804087
52,31,1,18,836455,832815,818306,823394,815265,821612,820891,817952,828205,814530,826891,819325,808635,822951,818961,810444,814997,810087,812727,797659
53,0,1,18,843055,839431,824656,829931,821618,828120,827316,824442,834660,820963,833612,825824,815112,829402,825566,816967,821635,816701,819261,804115
54,31,1,18,836863,833302,818706,823890,815615,822074,821309,818382,828573,814839,827277,819705,808993,823321,819353,810902,815394,810543,813082,797997
55,0,1,18,842941,839347,824534,829813,821527,828082,827185,824330,834626,820929,833471,825724,815020,829293,825461,816942,821507,816512,819213,803919
56,31,1,18,836284,832843,818262,823368,815159,821575,820773,817842,828110,814453,826844,819258,808590,822730,819029,810483,814934,810061,812723,797559
57,0,1,18,842962,839431,824777,829981,821583,828138,827303,824371,834691,821012,833567,825835,815173,829375,825703,817024,821515,816664,819335,804147
58,31,1,18,836584,833069,818410,823524,815270,821658,821081,818019,828167,814610,826976,819401,808811,822976,819134,810666,815065,810241,812875,797801
59,0,1,18,843199,839531,824802,829961,821648,828068,827358,824322,834592,821086,833562,825822,815111,829302,825694,817132,821580,816738,819299,804132
60,31,1,18,836643,833109,818456,823669,815323,821784,821031,817986,828215,814689,827056,819445,808809,822953,819151,810738,814997,810307,812793,797779
61,0,1,18,842661,839175,824410,829725,821368,827806,827088,824048,834342,820727,833310,825493,814856,829052,825294,816823,821215,816433,818968,803797
62,31,1,18,836743,833322,818592,823917,815622,821991,821274,818255,828453,814866,827313,819619,809006,823175,819309,810943,815302,810551,813073,797934
63,0,1,18,842963,839413,824664,830090,821564,828032,827410,824350,834597,821020,833592,825792,815138,829272,825485,817123,821506,816627,819263,803984
64,31,1,18,836258,832837,818056,823463,815051,821461,820819,817786,828006,814374,826877,819097,808630,822700,818831,810532,814821,809992,812549,797454
65,0,1,18,842604,839110,824353,829792,821335,827716,827133,824081,834339,820673,833349,825471,814934,829028,825297,816853,821200,816263,818915,803741
66,31,1,18,836485,832919,818303,823563,815232,821558,821062,817922,828158,814533,827030,819230,808717,822760,819003,810680,814970,810098,812669,797626
67,0,1,18,842943,839280,824547,829870,821519,827968,827366,824224,834573,820840,833586,825660,815004,829316,825497,817007,821423,816493,819092,803992
68,31,1,18,836578,833127,818336,823548,815343,821699,821124,818052,828352,814597,827128,819379,808750,823038,819119,810762,815016,810312,812787,797758
69,0,1,18,843017,839659,824681,830049,821793,828182,827534,824501,834778,821067,833669,825922,815260,829504,825667,817241,821599,816799,819336,804234
70,31,1,18,836539,833189,818360,823537,815426,821796,821106,818111,828365,814761,827158,819411,808809,823071,819161,810795,815184,810302,812889,797813
71,0,1,18,842556,839141,824329,829573,821239,827699,826991,824013,834388,820601,833227,825412,814592,829104,825170,816753,821169,816238,818899,803753
72,31,1,18,836476,833081,818422,823550,815300,821715,821070,818038,828283,814657,826954,819399,808804,823005,819122,810723,815092,810213,812793,797777
73,0,1,18,842648,839245,824387,829589,821398,827781,827164,824134,834405,820695,833262,825503,814782,829037,825356,816779,821282,816385,818945,803873
74,31,1,18,836306,832961,818262,823391,815286,821639,821028,817962,828162,814468,826993,819361,808708,822881,819037,810628,815053,810214,812748,797705
75,0,1,18,842996,839617,824714,830089,821749,828173,827574,824546,834821,821028,833771,825907,815103,829509,825728,817298,821714,816682,819407,804288
76,31,1,18,836415,833029,818426,823527,815326,821704,821062,817976,828281,814457,827034,819384,808611,822946,819040,810697,815142,810127,812706,797770
77,0,1,18,842735,839260,824437,829741,821381,827894,827188,824097,834448,820800,833393,825601,814826,829153,825389,816916,821426,816396,819001,803932
78,31,1,18,836485,833265,818481,823600,815428,821798,821120,818143,828336,814693,827100,819483,808852,823065,819265,810835,815331,810212,812917,797894
79,0,1,18,842768,839376,824448,829700,821582,827869,827293,824256,834511,820865,833286,825594,814955,829221,825462,816924,821606,816407,819095,803918
80,31,1,18,836421,833090,818269,823407,815419,821635,821052,818037,828220,814596,826939,819322,808749,822869,819056,810670,815196,810225,812750,797724
81,0,1,18,842632,839252,824371,829629,821406,827769,827183,824168,834392,820720,833282,825532,814697,829080,825272,816785,821414,816392,818923,803850
82,31,1,18,836675,833350,818515,823736,815624,821957,821394,818247,828498,814820,827207,819643,808972,823168,819314,810923,815433,810410,813054,798014
83,0,1,18,842766,839262,824394,829744,821448,827841,827258,824174,834428,820730,833282,825609,814835,829157,825396,816899,821287,816472,819055,803913
84,31,1,18,836554,833171,818320,823602,815467,821758,821127,818050,828313,814696,827021,819463,808874,822978,819186,810751,815152,810271,812868,797816
85,0,1,18,842904,839494,824685,829874,821640,827970,827442,824249,834632,820919,833473,825729,815072,829323,825644,817046,821573,816534,819225,804025
86,31,1,18,836257,832811,818125,823250,815170,821352,820876,817710,828010,814294,826734,819091,808503,822673,818955,810401,814810,809911,812622,797493
87,0,1,18,842886,839474,824625,829827,821700,827885,827402,824318,834659,820877,833428,825726,815022,829163,825667,816932,821473,816597,819256,804049
88,31,1,18,836245,833005,818113,823381,815301,821412,821011,817794,828171,814381,826727,819263,808635,822654,819087,810440,814824,810087,812626,797556
89,0,1,18,842685,839342,824395,829707,821525,827674,827252,824121,834464,820715,833184,825609,814922,828932,825517,816788,821256,816421,819021,803804
90,31,1,18,836208,832931,818017,823317,815199,821328,820881,817758,828055,814338,826598,819171,808562,822613,819003,810387,814783,810050,812606,797501
91,0,1,18,842843,839529,824667,829965,821730,827938,827495,824341,834659,820920,833429,825854,815142,829239,825682,816983,821481,816630,819299,804050
92,31,1,18,836621,833380,818598,823882,815783,821923,821377,818297,828494,814856,827069,819720,809056,823080,819490,811004,815294,810452,813114,797923
93,0,1,18,842696,839454,824388,829823,821635,827843,827291,824219,834544,820783,833191,825721,814873,829098,825470,816952,821414,816467,819158,803845
94,31,1,18,836263,833126,818137,823424,815393,821542,821022,817901,828168,814438,826726,819350,808618,822702,819023,810627,814999,810172,812747,797617
95,0,1,18,842665,839377,824326,829717,821538,827748,827153,824081,834446,820647,833176,825570,814800,829013,825323,816896,821277,816424,819079,803840
96,31,1,18,836462,833203,818236,823606,815510,821618,821128,818072,828293,814655,826926,819402,808812,822949,819125,810804,815118,810322,812859,797816
97,0,1,18,842791,839333,824343,829712,821594,827757,827244,824181,834486,820855,833155,825654,814935,829085,825475,816960,821439,816436,819106,803925
98,31,1,18,836620,833237,818263,823613,815529,821750,821197,818132,828420,814711,826877,819556,808937,823052,819307,810865,815205,810342,813010,797919
99,0,1,18,842594,839197,824290,829600,821531,827788,827205,824029,834433,820693,833146,825597,814811,829007,825383,816890,821284,816362,819035,803886
100,31,1,18,836614,833319,818498,823730,815655,821785,821298,818179,828548,814719,827033,819599,808941,823117,819384,810914,815243,810323,813035,797945
101,0,1,18,842785,839413,824479,829835,821708,827874,827387,824303,834638,820820,833308,825750,815029,829177,825564,817045,821490,816571,819238,803980
102,31,1,18,836466,833237,818253,823556,815471,821637,821166,818101,828385,814685,826871,819510,808841,822929,819334,810771,815140,810249,812896,797769
103,0,1,18,842917,839670,824573,829990,821832,828005,827602,824518,834791,820943,833517,825952,815228,829380,825812,817183,821712,816722,819466,804196
104,31,1,18,836739,833584,818551,823805,815812,821896,821481,818461,828589,814898,827218,819788,809001,823231,819567,811032,815489,810561,813299,798082
105,0,1,18,842665,839343,824372,829706,821418,827719,827276,824157,834355,820700,833234,825638,814769,829082,825425,816789,821394,816329,819115,803876
106,31,1,18,836556,833253,818327,823603,815433,821702,821201,818127,828263,814590,827082,819556,808792,822897,819311,810781,815209,810327,812983,797873
107,0,1,18,842864,839537,824525,829901,821598,827974,827434,824308,834563,820804,833499,825793,815023,829153,825549,816971,821529,816621,819271,804148
108,31,1,18,836311,833013,818186,823310,815163,821469,820954,817803,828129,814372,826800,819267,808566,822702,819028,810518,814962,810102,812725,797634
109,0,1,18,842777,839378,824395,829775,821599,827791,827354,824206,834545,820753,833387,825715,815017,829150,825425,816942,821489,816548,819167,803968
110,31,1,18,836466,833189,818241,823602,815431,821630,821172,818042,828353,814602,827074,819577,808915,823015,819118,810708,815126,810395,812911,797824
111,0,1,18,842785,839470,824349,829826,821589,827817,827281,824154,834497,820844,833349,825750,814918,829240,825502,816841,821387,816515,819128,804022
112,31,1,18,836293,832954,817993,823407,815282,821468,820852,817829,828094,814391,826587,819294,808631,822734,818968,810459,814882,810064,812680,797657
113,0,1,18,842934,839626,824595,829981,821716,828072,827424,824373,834674,820930,833462,825856,815153,829394,825644,817061,821574,816603,819384,804212
114,31,1,18,836445,833190,818247,823608,815362,821717,821075,817991,828311,814574,826944,819461,808738,822990,819056,810666,815171,810112,812912,797860
115,0,1,18,842861,839579,824646,829963,821706,828088,827491,824236,834668,821047,833522,825897,815048,829396,825571,817064,821616,816531,819313,804142
116,31,1,18,836590,833325,818339,823676,815528,821828,821237,818072,828353,814790,827050,819690,808923,823164,819169,810889,815240,810233,813028,797975
117,0,1,18,842916,839570,824588,829910,821661,827980,827441,824277,834623,821072,833424,825990,815096,829417,825568,817078,821630,816528,819338,804188
118,31,1,18,836495,833283,818441,823617,815440,821701,821251,818062,828349,814771,826989,819629,808834,823175,819273,810850,815292,810356,813013,798010
119,0,1,18,842766,839487,824429,829782,821563,827886,827303,824202,834544,820967,833352,825820,814956,829323,825471,816991,821521,816597,819256,804127
120,31,1,18,836218,833026,818108,823371,815229,821491,820902,817821,828083,814581,826718,819323,808668,822856,818887,810518,814933,810047,812665,797728
121,0,1,18,842656,839285,824321,829693,821495,827757,827211,824064,834370,820888,833254,825693,814918,829168,825326,816924,821364,816438,819040,803977
122,31,1,18,836381,833137,818165,823516,815341,821540,821082,818011,828192,814633,827002,819412,808791,823008,819064,810746,815082,810155,812843,797728
123,0,1,18,842911,839598,824642,830009,821685,827988,827569,824423,834670,821059,833686,825868,815086,829392,825680,817172,821685,816534,819333,804191
124,31,1,18,836523,833274,818381,823673,815472,821717,821169,818123,828380,814658,827131,819573,808822,823055,819272,810811,815345,810173,812935,797857
125,0,1,18,842961,839561,824755,830049,821704,828102,827433,824490,834754,821050,833598,826020,815144,829342,825795,817131,821732,816702,819484,804281
126,31,1,18,836256,832913,818252,823419,815224,821568,820899,817952,828196,814499,826864,819412,808639,822714,819064,810555,815073,810113,812783,797632
127,0,1,18,842697,839408,824644,829820,821594,827984,827330,824334,834605,820868,833416,825864,814966,829203,825603,817010,821638,816535,819245,804034
128,31,1,18,836569,833264,818464,823711,815558,821808,821208,818189,828431,814669,827171,819675,808958,823007,819303,810846,815407,810360,812992,797960
129,0,1,18,842816,839499,824529,829902,821620,827976,827415,824304,834643,820885,833556,825845,814982,829177,825629,817072,821592,816545,819171,804187
130,31,1,18,836411,833095,818232,823528,815322,821685,821022,817949,828247,814606,827051,819504,808722,822765,819027,810659,815159,810150,812790,797790
131,0,1,18,842843,839379,824545,829851,821593,827912,827308,824220,834585,820901,833582,825878,815063,829099,825534,817028,821567,816525,819241,804041
132,31,1,18,836563,833299,818456,823701,815546,821813,821258,818186,828431,814837,827239,819717,808965,822945,819320,810885,815387,810342,813001,798040
133,0,1,18,842867,839499,824490,829935,821691,828009,827401,824293,834575,820999,833588,825888,815055,829045,825512,817082,821709,816508,819251,804231
134,31,1,18,836349,833032,818186,823485,815302,821594,821015,817943,828091,814467,826988,819496,808581,822769,819073,810655,815200,810091,812694,797817
135,0,1,18,842958,839580,824502,830026,821787,828051,827528,824364,834648,820898,833587,825968,815084,829325,825696,817109,821730,816610,819240,804256
136,31,1,18,836603,833234,818357,823783,815615,821770,821320,818063,828313,814680,827176,819661,808829,823044,819382,810789,815326,810342,812871,797995
137,0,1,18,842765,839382,824393,829927,821597,827922,827341,824204,834455,820872,833449,825855,814940,829116,825547,816926,821587,816534,819032,804077
138,31,1,18,836546,833250,818384,823686,815528,821808,821258,818037,828221,814732,827148,819703,808879,822953,819215,810799,815332,810349,812878,797975
139,0,1,18,842802,839381,824618,829801,821745,827992,827495,824177,834469,820797,833469,825923,814973,829122,825553,817069,821625,816600,819176,804113
140,31,1,18,836520,833196,818538,823663,815607,821822,821392,818033,828238,814647,827122,819604,808867,822961,819310,810859,815355,810394,812945,797938
141,0,1,18,842577,839363,824537,829771,821532,827828,827385,824087,834396,820711,833403,825770,814870,829103,825460,816942,821534,816554,818973,804052
142,31,1,18,836713,833554,818817,823923,815841,822081,821585,818271,828665,815017,827460,820038,809116,823345,819602,811121,815660,810672,813166,798354
143,0,1,18,842953,839527,824725,829973,821665,827926,827551,824274,834686,820991,833562,826066,814985,829388,825697,817119,821755,816631,819250,804230
144,31,1,18,836479,833090,818409,823572,815398,821596,821208,817912,828197,814479,826967,819523,808641,822883,819193,810692,815165,810265,812766,797789
145,0,1,18,842539,839238,824336,829624,821416,827721,827253,823977,834301,820472,833254,825665,814745,828925,825455,816718,821347,816300,818901,803797
146,31,1,18,836243,832966,818160,823394,815233,821513,820948,817816,828093,814291,826811,819501,808538,822664,819123,810473,815051,810042,812628,797657
147,0,1,18,842649,839294,824480,829771,821437,827830,827212,824091,834450,820628,833331,825864,814780,829106,825494,816851,821452,816437,819039,803994
148,31,1,18,836599,833216,818519,823783,815556,821843,821233,818105,828352,814696,827197,819752,808926,823023,819459,810786,815371,810349,812998,798034
149,0,1,18,842841,839474,824501,829957,821669,827922,827379,824239,834553,820881,833505,825981,814984,829149,825719,816908,821637,816557,819253,804187
150,31,1,18,836489,833056,818186,823588,815386,821547,821083,818009,828159,814501,826976,819622,808751,822725,819258,810595,815127,810172,812843,797838
151,0,1,18,842868,839425,824518,829930,821595,827905,827513,824361,834510,820850,833537,826072,815005,829151,825770,816914,821621,816577,819288,804147
152,31,1,18,836450,833138,818305,823690,815377,821655,821209,818153,828240,814636,827115,819823,808848,822806,819424,810711,815306,810336,812971,797907
153,0,1,18,842876,839541,824713,829991,821708,827987,827490,824387,834648,820980,833588,826244,815159,829172,825834,817125,821743,816665,819410,804264
154,31,1,18,836289,832975,818147,823366,815165,821404,820892,817805,828011,814372,826894,819533,808682,822781,819129,810543,815035,810044,812742,797741
155,0,1,18,842751,839412,824519,829874,821542,827797,827361,824254,834438,820840,833454,825943,814925,829185,825599,816863,821482,816450,819277,804129
156,31,1,18,836510,833058,818324,823518,815365,821540,821110,817949,828146,814531,826966,819647,808657,822912,819216,810594,815047,810138,812860,797873
157,0,1,18,842905,839431,824570,829866,821651,827935,827446,824228,834472,820883,833558,826004,815035,829243,825695,816942,821451,816500,819306,804211
158,31,1,18,836492,833116,818295,823574,815435,821612,821237,818004,828203,814625,827111,819674,808740,822944,819235,810662,815168,810235,812963,797947
159,0,1,18,842691,839380,824431,829757,821525,827828,827361,824019,834404,820721,833496,825826,814964,829122,825514,816833,821444,816415,819202,804072
160,31,1,18,836305,832955,818066,823351,815203,821442,820995,817813,828047,814392,826863,819455,808597,822734,819050,810477,815093,809983,812684,797691
161,0,1,18,842910,839351,824502,829811,821543,827961,827412,824208,834495,820998,833570,826045,815006,829279,825719,816905,821654,816575,819239,804242
162,31,1,18,836399,832956,818196,823412,815174,821619,821055,817770,828056,814556,826928,819553,808636,822823,819129,810487,814974,810129,812719,797778
163,0,1,18,842942,839446,824504,829791,821554,827920,827462,824148,834551,820894,833545,826039,815004,829229,825564,816951,821436,816533,819207,804188
164,31,1,18,836601,833165,818430,823669,815493,821763,821279,818084,828346,814716,827185,819779,808886,823016,819345,810742,815248,810230,812967,797990
165,0,1,18,842912,839381,824542,829842,821572,827891,827382,824252,834590,820888,833523,825969,815004,829248,825612,816960,821563,816445,819203,804170
166,31,1,18,836727,833245,818445,823775,815526,821794,821269,818145,828414,814829,827197,819845,808903,823065,819430,810861,815430,810350,813000,798034
167,0,1,18,842938,839428,824574,829967,821614,828018,827409,824313,834605,820929,833518,826041,815112,829204,825677,817047,821697,816526,819210,804163
168,31,1,18,836557,833120,818348,823585,815436,821769,821228,818001,828364,814610,827087,819731,808805,822936,819292,810679,815269,810358,812928,797928
169,0,1,18,842767,839318,824483,829862,821552,827922,827341,824118,834523,820742,833468,825887,814870,829120,825567,816765,821504,816554,819158,804064
170,31,1,18,836425,833040,818249,823502,815322,821692,821106,817941,828267,814504,827063,819637,808625,822782,819119,810588,815099,810220,812815,797798
171,0,1,18,842837,839405,824517,829948,821552,827986,827482,824196,834583,820842,833457,825940,814879,829153,825520,816907,821496,816666,819148,803990
172,31,1,18,836366,833087,818271,823578,815296,821547,821077,817886,828252,814478,826893,819577,808541,822781,819157,810476,815131,810183,812709,797725
173,0,1,18,842771,839553,824554,829926,821652,827955,827433,824221,834673,820902,833522,826059,814930,829205,825707,816894,821609,816569,819171,804105
174,31,1,18,836600,833324,818364,823686,815504,821745,821298,818080,828422,814676,827126,819764,808740,822868,819402,810729,815295,810331,812881,797934
175,0,1,18,842798,839538,824488,829872,821538,827932,827354,824206,834612,820801,833501,825949,814780,828993,825642,816908,821538,816470,819037,803961
176,31,1,18,836477,833256,818321,823588,815380,821753,821237,818026,828358,814572,827056,819699,808704,822719,819285,810622,815238,810257,812810,797865
177,0,1,18,842796,839436,824493,829854,821524,827995,827409,824232,834586,820785,833458,826037,814916,828958,825553,816864,821548,816430,819127,803997
178,31,1,18,836646,833371,818490,823798,815514,821937,821465,818123,828518,814742,827279,819957,808914,822915,819404,810852,815422,810378,812994,798040
179,0,1,18,842645,839411,824532,829783,821449,827870,827338,824008,834513,820773,833348,825934,814791,828831,825570,816800,821417,816415,819010,803982
180,31,1,18,836395,833240,818479,823628,815462,821705,821140,817948,828394,814618,827015,819769,808677,822580,819264,810645,815184,810342,812810,797821
181,0,1,18,842936,839536,824652,830084,821599,828002,827513,824212,834802,820939,833549,826019,814922,828951,825612,817005,821483,816560,819220,804050
182,31,1,18,836357,832972,818121,823488,815135,821531,821023,817748,828143,814367,826857,819443,808473,822388,818918,810423,814923,809883,812623,797540
183,0,1,18,842944,839592,824631,830090,821721,828154,827522,824373,834722,820985,833754,826056,814995,829089,825619,817086,821676,816604,819340,804126
184,31,1,18,836809,833485,818681,824049,815757,821983,821449,818298,828581,814976,827476,819946,808984,823162,819407,810953,815552,810544,813183,798070
185,0,1,18,842970,839642,824646,830073,821759,827977,827536,824292,834696,820948,833594,826008,815046,829215,825590,817071,821715,816652,819329,804120
186,31,1,18,836384,833075,818173,823551,815233,821498,821059,817774,828224,814484,826857,819570,808594,822700,819001,810531,815078,810157,812674,797674
187,0,1,18,843174,839789,824844,830155,821934,828237,827786,824435,834940,821276,833748,826196,815197,829400,826003,817234,821821,816825,819365,804329
188,31,1,18,836786,833438,818565,823715,815575,821842,821398,818150,828501,814899,827186,819842,808938,822913,819511,810824,815363,810436,812945,798005
189,0,1,18,842878,839537,824494,829846,821640,827887,827370,824177,834543,821007,833439,825977,814929,829005,825624,816913,821536,816478,819113,804060
190,31,1,18,836342,832956,818137,823366,815168,821347,820829,817711,828016,814521,826750,819347,808478,822400,818992,810367,814918,809955,812588,797588
191,0,1,18,843041,839677,824678,830063,821777,827977,827469,824420,834708,821126,833600,826040,815073,829142,825766,817074,821661,816697,819287,804198
192,31,1,18,836535,833198,818326,823598,815375,821605,821058,817988,828227,814577,826941,819674,808714,822737,819147,810559,815116,810194,812717,797742
193,0,1,18,842846,839553,824546,829904,821665,827950,827332,824219,834607,820825,833441,826088,814928,829187,825503,816907,821520,816549,819129,804019
194,31,1,18,836595,833249,818341,823655,815512,821751,821180,817972,828354,814642,827090,819767,808688,822867,819257,810721,815137,810340,812856,797811
195,0,1,18,842993,839503,824593,829978,821718,828116,827423,824207,834682,820936,833509,826064,814915,829252,825647,817007,821628,816633,819203,804107
196,31,1,18,836525,833103,818244,823549,815399,821736,821168,817952,828260,814603,826911,819707,808614,822812,819157,810626,815223,810186,812768,797840
197,0,1,18,843098,839683,824726,830097,821963,828262,827588,824420,834758,821139,833678,826263,815084,829377,825783,817072,821767,816810,819341,804354
198,31,1,18,836578,833175,818361,823629,815495,821785,821124,818042,828299,814702,827049,819771,808743,822887,819207,810678,815205,810272,812788,797952
199,0,1,18,843016,839653,824608,830018,821770,828215,827568,824401,834760,821091,833650,826133,815088,829281,825667,817090,821701,816727,819277,804265
200,31,1,18,836441,833200,818310,823575,815334,821706,821077,818020,828271,814611,826990,819703,808672,822785,819194,810566,815142,810220,812782,797843
201,0,1,18,842902,839556,824541,829899,821634,828010,827433,824345,834600,821003,833501,826092,814929,829111,825842,816873,821519,816528,819160,804132
202,31,1,18,836650,833341,818538,823812,815596,821873,821334,818167,828424,814867,827160,819867,808885,822949,819526,810708,815256,810317,812951,797983
203,0,1,18,842864,839465,824642,829879,821613,827972,827376,824228,834550,820949,833438,826001,814855,829010,825631,816891,821442,816502,819129,804029
204,31,1,18,836347,833071,818261,823456,815339,821534,821022,817907,828106,814574,826838,819551,808636,822584,819109,810523,814977,810111,812713,797682
205,0,1,18,843019,839680,824668,830189,821898,828191,827633,824443,834788,821136,833710,826292,815114,829309,825873,817205,821750,816701,819432,804292
206,31,1,18,836696,833308,818422,823835,815695,821847,821323,818141,828525,814820,827264,819959,808796,822968,819441,810830,815290,810402,813053,797988
207,0,1,18,842929,839493,824535,829838,821645,827930,827350,824201,834608,820883,833534,826040,814917,829111,825599,816880,821400,816486,819210,803958
208,31,1,18,836658,833227,818420,823660,815563,821749,821252,817934,828359,814671,827156,819752,808793,822916,819193,810718,815133,810215,812984,797854
209,0,1,18,843006,839522,824588,829911,821733,828006,827389,824199,834623,820956,833586,826033,814980,829149,825617,816876,821391,816549,819302,803972
210,31,1,18,836763,833339,818525,823708,815727,821850,821221,818156,828471,814833,827237,819822,808864,823028,819353,810741,815226,810490,813037,797909
211,0,1,18,842898,839452,824582,829932,821721,827997,827366,824236,834704,820946,833505,826059,815034,829136,825628,816999,821457,816466,819254,804072
212,31,1,18,836819,833489,818609,823894,815798,821982,821378,818184,828637,814887,827305,819975,808998,823078,819427,811044,815321,810392,813180,798131
213,0,1,18,842983,839517,824620,830005,821799,828104,827539,824327,834787,821033,833655,826101,815111,829258,825673,817114,821568,816675,819431,804218
214,31,1,18,836506,833099,818262,823603,815428,821725,821122,817906,828302,814525,827062,819652,808730,822843,819178,810624,815160,810261,812949,797857
215,0,1,18,843042,839577,824613,830072,821749,828117,827484,824280,834669,821030,833710,826093,815125,829292,825804,816957,821581,816698,819352,804258
216,31,1,18,836211,832876,818046,823345,815241,821402,820883,817682,827978,814396,826868,819404,808467,822590,818960,810319,814905,810012,812541,797614
217,0,1,18,842799,839427,824412,829782,821651,827882,827355,824042,834443,820750,833511,825883,814834,829064,825503,816840,821470,816461,819025,804059
218,31,1,18,836357,833076,818112,823455,815429,821548,821058,817791,828120,814523,827013,819522,808495,822742,819052,810529,814994,810095,812663,797721
219,0,1,18,842881,839570,824598,829999,821799,828054,827589,824229,834634,820985,833689,825977,815027,829248,825659,817017,821602,816542,819256,804099
220,31,1,18,836524,833214,818371,823652,815549,821715,821268,818002,828335,814744,827150,819657,808750,822865,819231,810702,815126,810165,812827,797794
221,0,1,18,842928,839563,824670,829967,821739,828147,827500,824294,834751,821034,833657,826016,814997,829271,825733,817025,821631,816582,819222,804183
222,31,1,18,836135,832850,818078,823220,815063,821351,820836,817700,828027,814322,826765,819331,808266,822561,818925,810355,814779,809902,812433,797461
223,0,1,18,842789,839297,824421,829745,821492,827696,827315,824097,834529,820858,833433,825799,814769,829050,825505,816850,821315,816342,818980,803876
224,31,1,18,836379,832986,818117,823386,815330,821469,820968,817858,828208,814458,826898,819505,808595,822715,819070,810526,814985,810079,812639,797712
225,0,1,18,842678,839354,824422,829758,821601,827755,827342,824177,834577,820883,833377,825966,814836,829037,825516,816894,821424,816388,819042,804043
226,31,1,18,836383,833090,818256,823561,815415,821511,821129,817978,828262,814612,827008,819675,808661,822771,819146,810634,815121,810177,812781,797863
227,0,1,18,842780,839432,824420,829897,821656,827848,827450,824237,834568,820894,833480,825956,814881,829086,825618,816914,821460,816502,819127,804148
228,31,1,18,836487,833023,818236,823526,815356,821586,821126,817895,828202,814572,826925,819606,808608,822803,819136,810549,815107,810099,812730,797834
229,0,1,18,842919,839439,824543,829979,821595,827853,827419,824202,834522,820808,833455,825918,814897,829145,825624,816912,821507,816397,819130,804121
230,31,1,18,836659,833313,818448,823816,815661,821770,821351,818103,828458,814724,827184,819814,808782,822923,819369,810794,815292,810275,812953,798041
231,0,1,18,842795,839443,824486,829997,821653,827910,827465,824175,834641,820886,833483,825933,814891,829127,825588,817015,821522,816410,819076,804120
232,31,1,18,836408,833071,818191,823686,815380,821601,821059,817904,828250,814433,827095,819663,808577,822781,819148,810659,815054,810049,812702,797796
233,0,1,18,842751,839524,824550,830008,821617,827942,827385,824220,834547,820812,833544,825885,814919,829239,825621,816927,821481,816441,819113,804153
234,31,1,18,836388,833269,818364,823763,815466,821722,821237,818068,828321,814619,827035,819684,808723,822997,819390,810618,815208,810247,812874,797826
235,0,1,18,842823,839562,824600,830030,821658,827910,827454,824318,834627,820901,833448,825940,815005,829220,825758,816916,821517,816518,819220,804060
236,31,1,18,836227,833153,818079,823443,815257,821507,821018,817853,828107,814459,826766,819424,808483,822701,819038,810480,814915,809968,812621,797642
237,0,1,18,842591,839405,824351,829810,821489,827681,827197,824083,834401,820752,833230,825724,814677,828960,825407,816653,821267,816155,818932,803866
238,31,1,18,836430,833329,818350,823717,815509,821673,821224,818079,828320,814771,827035,819686,808656,822905,819234,810509,815181,810105,812831,797775
239,0,1,18,842689,839466,824425,829925,821587,827793,827314,824201,834498,820860,833377,825952,814747,829043,825586,816829,821485,816247,819077,803942
240,31,1,18,836501,833248,818284,823639,815465,821643,821201,818081,828377,814715,826990,819771,808623,822948,819399,810718,815253,810217,812811,797826
241,0,1,18,842655,839307,824283,829764,821490,827708,827223,824087,834488,820700,833231,825793,814513,829035,825445,816729,821377,816251,818893,803821
242,31,1,18,836298,833033,818082,823538,815289,821439,821032,817862,828166,814534,826831,819497,808458,822715,819131,810455,815047,810019,812642,797701
243,0,1,18,842829,839525,824419,829957,821589,827822,827424,824201,834564,820924,833426,825943,814794,829154,825539,816887,821455,816451,819137,804059
244,31,1,18,836850,833648,818752,824025,815862,822042,821636,818444,828654,815094,827331,820073,808972,823334,819625,811073,815486,810613,813238,798227
245,0,1,18,842613,839408,824470,829796,821441,827733,827229,824093,834354,820815,833176,825786,814609,829043,825335,816744,821326,816321,818984,803905
246,31,1,18,836461,833178,818297,823617,815379,821590,821139,818037,828287,814714,827031,819710,808610,822927,819125,810648,815048,810123,812793,797819
247,0,1,18,842863,839524,824556,829982,821654,827986,827468,824330,834593,821092,833493,825987,814893,829281,825543,816975,821525,816623,819204,804230
248,31,1,18,836542,833097,818227,823548,815377,821550,821056,818037,828184,814683,826977,819615,808660,822842,819048,810533,815049,810223,812771,797764
249,0,1,18,843348,839862,824967,830208,821902,828256,827701,824661,834921,821337,833786,826266,815242,829554,825877,817210,821828,816801,819519,804458
250,31,1,18,836786,833445,818499,823748,815598,821696,821293,818217,828508,814874,827220,819825,808906,823058,819414,810755,815327,810286,813031,798044
251,0,1,18,842954,839466,824432,829924,821500,827807,827309,824173,834491,820949,833467,825869,814835,829114,825558,816860,821498,816489,819126,804043
252,31,1,18,836827,833462,818526,824035,815671,821930,821438,818284,828586,814939,827385,819839,809023,823083,819496,810888,815400,810382,813114,798089
253,0,1,18,842850,839447,824490,829958,821560,827850,827423,824190,834553,821002,833476,825864,814948,829142,825504,816808,821469,816427,819166,804106
254,31,1,18,836918,833526,818635,824022,815852,821966,821541,818283,828647,815091,827375,819917,809045,823232,819558,810950,815545,810502,813177,798282
255,0,1,18,842786,839403,824442,829938,821653,827912,827387,824163,834541,820971,833523,825832,814934,829189,825600,816962,821590,816469,819135,804164
256,31,1,18,836636,833201,818330,823847,815567,821747,821281,818100,828349,814892,827172,819676,808839,823074,819390,810805,815299,810343,812978,798092
257,0,1,18,843056,839625,824504,830041,821755,828005,827494,824268,834626,821122,833598,826021,814975,829334,825744,817050,821569,816633,819292,804322
258,31,1,18,836995,833618,818747,824116,815902,822098,821508,818406,828752,815169,827467,820179,809122,823360,819676,811123,815520,810623,813316,798425
259,0,1,18,842987,839415,824464,829748,821631,827865,827300,824202,834602,820933,833482,825985,814846,829104,825487,816862,821451,816434,819160,804158
260,31,1,18,836874,833506,818528,823827,815724,821801,821341,818259,828568,814999,827365,819923,808931,823046,819388,810983,815383,810474,813137,798205
261,0,1,18,842847,839496,824399,829817,821667,827697,827287,824154,834489,820855,833573,825876,814940,829136,825476,816926,821364,816498,819103,804031
262,31,1,18,836636,833376,818440,823707,815508,821563,821288,818105,828403,814787,827227,819687,808702,823054,819286,810667,815070,810213,812847,797988
263,0,1,18,842769,839519,824477,829834,821534,827789,827322,824199,834534,820787,833463,825822,814709,829150,825477,816902,821343,816398,819014,804104
264,31,1,18,836338,832984,818100,823374,815214,821400,820986,817947,828110,814428,826869,819417,808518,822792,818992,810439,814848,810037,812652,797765
265,0,1,18,842888,839622,824686,829988,821741,827878,827500,824405,834696,820968,833561,825991,814957,829360,825616,817002,821492,816694,819281,804271
266,31,1,18,836263,833004,818146,823325,815076,821219,820978,817770,828100,814439,826881,819317,808458,822690,818957,810387,814746,810039,812494,797680
267,0,1,18,842881,839515,824508,829915,821577,827837,827425,824221,834601,820864,833644,825924,814919,829191,825622,816940,821388,816530,819034,804217
268,31,1,18,836627,833380,818609,823743,815566,821707,821312,818099,828423,814779,827264,819787,808792,822997,819377,810906,815194,810444,812874,798144
269,0,1,18,842683,839405,824372,829664,821440,827705,827296,824072,834456,820801,833485,825794,814709,828989,825531,816865,821241,816475,818968,804054
270,31,1,18,836619,833302,818466,823545,815553,821723,821246,818148,828376,814708,827374,819833,808738,823024,819389,810845,815222,810401,812897,798066
271,0,1,18,842828,839581,824472,829723,821655,827838,827311,824287,834629,820952,833544,825945,814808,829180,825590,816974,821507,816500,819085,804109
272,31,1,18,836293,833084,818142,823381,815291,821450,820971,817867,828120,814443,826961,819504,808587,822658,818999,810508,814944,809996,812593,797695
273,0,1,18,842643,839495,824389,829613,821492,827745,827287,824056,834439,820755,833309,825842,814744,828896,825386,816834,821258,816374,818976,804012
274,31,1,18,836253,832999,818125,823287,815211,821385,820923,817772,828050,814345,826778,819450,808500,822575,818849,810454,814782,809951,812557,797784
275,0,1,18,842728,839392,824446,829740,821628,827753,827280,824172,834479,820808,833408,825807,814842,828911,825409,816833,821316,816465,819019,804165
276,31,1,18,836413,833203,818374,823482,815464,821627,821125,817997,828190,814594,826954,819556,808712,822711,819239,810594,815030,810171,812753,797989
277,0,1,18,842704,839458,824598,829795,821631,827773,827319,824241,834513,820831,833450,825884,814777,828966,825601,816914,821333,816455,819101,804252
278,31,1,18,836363,833123,818315,823471,815460,821526,821120,817904,828153,814495,827014,819559,808547,822716,819256,810507,814923,810086,812685,797890
279,0,1,18,842613,839267,824368,829673,821468,827616,827247,824021,834258,820621,833339,825750,814562,828949,825526,816698,821187,816271,818869,803954
280,31,1,18,836242,832911,818133,823365,815208,821311,820937,817764,827920,814330,826836,819340,808371,822580,819084,810386,814779,809861,812507,797736
281,0,1,18,842914,839612,824760,830015,821754,827996,827478,824393,834544,820932,833639,825960,814942,829181,825788,816961,821446,816536,819184,804308
282,31,1,18,836796,833645,818844,824040,815848,822026,821583,818424,828615,814962,827546,819959,809060,823168,819673,810984,815490,810564,813209,798399
283,0,1,18,842803,839601,824605,829930,821651,827908,827489,824211,834535,820927,833587,825906,814857,829062,825700,816935,821461,816469,819096,804261
284,31,1,18,836618,833356,818513,823782,815654,821844,821331,818132,828402,814828,827252,819669,808794,822895,819407,810801,815270,810322,812928,798188
285,0,1,18,842756,839355,824427,829800,821550,827855,827416,824143,834421,820796,833456,825715,814779,829019,825502,816841,821341,816361,819013,804094
286,31,1,18,836617,833340,818490,823793,815597,821755,821375,818235,828344,814712,827297,819703,808875,823011,819354,810846,815153,810343,812905,798140
287,0,1,18,842864,839493,824550,829836,821676,827879,827422,824211,834484,820825,833561,825775,814856,829115,825610,816931,821379,816441,819101,804183
288,31,1,18,836470,833193,818352,823547,815418,821590,821198,817962,828161,814533,827063,819495,808705,822754,819229,810576,815085,810160,812715,797962
289,0,1,18,842813,839530,824613,829805,821589,827807,827402,824202,834528,820823,833538,825794,814859,829163,825595,816854,821498,816473,819116,804252
290,31,1,18,836279,833057,818291,823350,815318,821433,820992,817833,828100,814387,826913,819370,808427,822724,819020,810483,814983,810057,812699,797888
291,0,1,18,842745,839495,824609,829847,821710,827787,827314,824151,834437,820855,833475,825782,814833,829113,825580,816868,821447,816438,819144,804281
292,31,1,18,836491,833339,818498,823689,815643,821714,821166,818098,828314,814750,827157,819621,808740,822953,819251,810652,815161,810247,812898,798100
293,0,1,18,842974,839706,824837,830004,821843,828022,827514,824339,834686,821025,833699,825994,814984,829288,825613,817023,821617,816602,819344,804422
294,31,1,18,836590,833490,818629,823778,815753,821771,821280,818158,828474,814795,827274,819768,808792,822988,819463,810756,815377,810399,813079,798200
295,0,1,18,842677,839499,824500,829839,821614,827756,827296,824165,834495,820775,833512,825804,814744,829095,825535,816774,821502,816458,819069,804182
296,31,1,18,836370,833083,818346,823394,815369,821497,821146,817909,828128,814577,826977,819464,808583,822731,819136,810455,815058,810107,812744,797898
297,0,1,18,842899,839525,824750,829846,821732,827893,827439,824250,834598,820997,833540,826000,814968,829283,825696,816964,821635,816487,819304,804342
298,31,1,18,836373,833050,818282,823313,815359,821390,821008,817825,828085,814524,827006,819430,808465,822682,819113,810511,814996,809996,812688,797928
299,0,1,18,842823,839465,824550,829730,821524,827732,827329,824193,834435,820849,833397,825763,814693,828952,825418,816823,821317,816497,819106,804213
300,31,1,18,836663,833316,818570,823565,815609,821684,821241,818157,828275,814810,827208,819706,808619,822749,819237,810625,815156,810331,812901,798095
301,0,1,18,842857,839364,824567,829723,821624,827733,827237,824207,834448,820855,833528,825827,814742,828937,825509,816785,821390,816470,819099,804146
302,31,1,18,836426,833022,818209,823391,815358,821441,820898,817877,828113,814585,826949,819454,808491,822586,819024,810469,814977,810118,812662,797823
303,0,1,18,842965,839525,824613,829936,821757,827967,827448,824390,834678,821053,833586,826038,814843,829106,825737,816958,821568,816587,819227,804279
304,31,1,18,836365,833040,818196,823494,815322,821486,821005,817928,828198,814514,827012,819442,808351,822631,819209,810498,815048,810044,812703,797890
305,0,1,18,842830,839523,824535,829920,821600,827763,827413,824256,834547,820948,833512,825798,814816,829040,825738,816915,821524,816523,819158,804156
306,31,1,18,836353,833021,818135,823382,815254,821329,820892,817924,828052,814483,826913,819354,808425,822579,819137,810434,814991,809940,812660,797783
307,0,1,18,842819,839604,824563,829838,821592,827777,827365,824299,834538,820927,833611,825839,814847,829184,825650,816939,821545,816477,819199,804314
308,31,1,18,836182,833022,818093,823285,815201,821329,820828,817801,828008,814412,826902,819322,808361,822681,819037,810392,814885,809963,812546,797810
309,0,1,18,842712,839446,824457,829708,821489,827776,827250,824175,834417,820812,833426,825744,814831,829009,825424,816793,821441,816399,819066,804139
310,31,1,18,836609,833419,818524,823644,815474,821727,821307,818161,828411,814783,827242,819733,808840,822994,819358,810798,815287,810393,813032,798201
311,0,1,18,842911,839569,824632,829844,821608,827803,827441,824257,834587,820883,833516,825949,814873,829133,825663,816982,821602,816544,819195,804364
312,31,1,18,836195,832941,818069,823299,815084,821187,820874,817750,827966,814298,826709,819322,808346,822536,819003,810347,814779,810007,812455,797754
313,0,1,18,842640,839527,824626,829897,821481,827653,827259,824241,834395,820803,833440,825806,814736,828983,825578,816868,821362,816379,819084,804178
314,31,1,18,836493,833287,818401,823729,815469,821569,821266,818100,828302,814638,827166,819677,808700,822959,819272,810713,815191,810220,812879,798074
315,0,1,18,842938,839627,824663,830066,821695,827934,827458,824332,834637,820849,833614,825999,814963,829239,825602,817062,821554,816590,819219,804313
316,31,1,18,836409,833079,818189,823638,815367,821481,821081,817921,828114,814463,826998,819547,808673,822719,819028,810630,815030,810154,812662,797862
317,0,1,18,842801,839485,824441,829927,821559,827837,827386,824196,834404,820727,833525,825912,814861,829030,825411,816908,821439,816285,819004,804152
318,31,1,18,836432,833136,818231,823619,815331,821493,821114,817960,828133,814458,827064,819648,808647,822764,819071,810613,815038,810015,812702,797963
319,0,1,18,842773,839415,824530,829897,821611,827724,827433,824217,834485,820810,833479,825965,814888,829119,825462,816920,821430,816416,819063,804251
320,31,1,18,836350,833011,818175,823515,815361,821411,821142,817943,828148,814494,827040,819566,808506,822727,819076,810542,815023,810066,812668,797938
321,0,1,18,842794,839518,824482,829924,821656,827810,827496,824266,834550,820822,833603,825969,814924,829030,825555,816919,821478,816365,819154,804275
322,31,1,18,836286,833020,818145,823434,815240,821285,821091,817815,828004,814365,826894,819467,808438,822550,819045,810429,814910,809855,812578,797787
323,0,1,18,842801,839441,824432,829789,821497,827749,827403,824164,834478,820791,833488,825844,814777,828930,825464,816788,821426,816224,818985,804079
324,31,1,18,836580,833341,818419,823649,815475,821656,821370,818144,828327,814633,827236,819708,808759,822919,819303,810772,815250,810202,812874,798005
325,0,1,18,842845,839536,824545,829874,821604,827838,827512,824266,834602,820798,833598,825916,814854,829122,825597,817017,821477,816329,819125,804133
326,31,1,18,836506,833176,818288,823591,815424,821529,821235,818072,828247,814569,827129,819554,808637,822887,819326,810743,815063,810065,812783,797766
327,0,1,18,842861,839512,824612,829854,821730,827799,827529,824334,834563,820855,833544,825920,814807,829138,825632,816982,821430,816402,819151,804065
328,31,1,18,836643,833420,818538,823870,815713,821807,821474,818310,828521,814834,827291,819920,808876,823041,819448,810927,815279,810429,813063,798122
329,0,1,18,842710,839502,824465,829819,821726,827750,827424,824275,834610,820809,833435,825968,814832,829099,825625,816993,821411,816423,819141,804186
330,31,1,18,836543,833291,818397,823741,815503,821673,821300,818166,828372,814772,827135,819673,808707,822944,819306,810784,815166,810125,812828,798068
331,0,1,18,842968,839629,824534,830070,821737,827960,827646,824315,834652,820996,833588,825912,814930,829128,825700,817082,821586,816441,819199,804281
332,31,1,18,836487,833278,818271,823651,815523,821715,821217,818029,828299,814624,826992,819552,808647,822835,819194,810716,815127,810192,812762,797910
333,0,1,18,842988,839675,824536,830089,821802,828028,827520,824316,834686,820958,833635,826067,814945,829224,825716,817098,821597,816440,819203,804207
334,31,1,18,836585,833309,818349,823733,815530,821785,821195,818074,828327,814673,827133,819669,808750,822921,819307,810704,815091,810059,812815,797966
335,0,1,18,842717,839479,824449,829910,821633,827935,827421,824226,834579,820766,833477,825854,814844,829149,825574,816923,821491,816319,818984,804163
336,31,1,18,836451,833303,818384,823646,815537,821710,821215,818081,828289,814562,827147,819611,808710,822843,819177,810705,815197,810063,812772,797972
337,0,1,18,842685,839351,824457,829801,821554,827749,827262,824172,834427,820616,833404,825809,814706,828917,825348,816728,821384,816270,818930,803962
338,31,1,18,836419,833163,818227,823684,815458,821543,821048,818019,828235,814451,827029,819548,808517,822716,819021,810544,815054,810047,812678,797798
339,0,1,18,842928,839717,824599,830098,821766,828001,827496,824345,834688,821016,833628,825970,814908,829286,825654,817012,821631,816426,819278,804257
340,31,1,18,836444,833219,818285,823646,815395,821519,821170,817916,828208,814587,826917,819369,808623,822717,819098,810544,815056,810012,812746,797804
341,0,1,18,843021,839851,824783,830238,821826,828046,827593,824405,834772,821142,833654,826002,815024,829229,825756,817079,821633,816600,819350,804255
342,31,1,18,836520,833285,818327,823779,815478,821616,821236,817947,828298,814661,827100,819478,808564,822792,819099,810633,815092,810120,812789,797836
343,0,1,18,842822,839582,824548,829931,821623,827854,827446,824201,834633,820837,833491,825815,814730,829021,825524,816902,821378,816445,819127,804045
344,31,1,18,836403,833268,818202,823563,815319,821608,821156,817916,828293,814471,826832,819422,808539,822710,819117,810588,814994,809993,812742,797690
345,0,1,18,842742,839545,824478,829870,821509,827863,827333,824180,834570,820809,833435,825717,814748,829082,825614,816906,821378,816288,819043,803984
346,31,1,18,836507,833275,818344,823673,815439,821605,821143,818003,828311,814544,827101,819506,808702,822863,819262,810619,815106,810062,812679,797818
347,0,1,18,842800,839486,824517,829880,821563,827782,827379,824172,834489,820750,833382,825741,814849,829098,825526,816940,821484,816347,819059,804036
348,31,1,18,836381,833107,818269,823522,815262,821536,821068,817927,828195,814348,826808,819388,808598,822831,819058,810592,815099,809932,812620,797778
349,0,1,18,843197,839842,824782,830215,821879,828184,827648,824485,834905,821032,833700,825998,815071,829529,825875,817208,821798,816647,819378,804385
350,31,1,18,836459,833175,818201,823636,815347,821535,821060,817905,828169,814395,826881,819426,808561,822751,819086,810562,815042,809989,812724,797807
351,0,1,18,842703,839391,824462,829896,821380,827725,827196,824090,834415,820568,833280,825709,814740,828881,825370,816814,821331,816204,818951,803945
352,31,1,18,836480,833251,818327,823702,815306,821589,821156,818028,828319,814483,826931,819528,808573,822880,819131,810666,815075,809992,812813,797872
353,0,1,18,842755,839455,824465,829884,821533,827877,827419,824132,834467,820736,833302,825798,814777,829098,825508,816934,821423,816279,819014,804065
354,31,1,18,836573,833312,818413,823788,815372,821668,821309,818027,828325,814597,826912,819590,808577,822939,819275,810739,815186,810001,812749,797920
355,0,1,18,842855,839513,824579,829953,821576,827859,827421,824199,834569,820812,833300,825874,814748,829224,825534,816864,821488,816305,819063,804143
356,31,1,18,836369,833117,818200,823587,815240,821495,821055,817844,828201,814392,826791,819409,808441,822837,819000,810544,814910,809935,812606,797830
357,0,1,18,842734,839440,824333,829788,821466,827673,827266,824018,834437,820647,833257,825708,814647,828983,825420,816806,821259,816225,818908,804039
358,31,1,18,836413,833175,818194,823464,815176,821451,821034,817806,828187,814409,826913,819448,808473,822784,819116,810703,814917,809865,812615,797795
359,0,1,18,842989,839657,824574,830014,821682,827994,827571,824308,834698,820892,833551,825915,814967,829243,825714,817252,821567,816365,819175,804298
360,31,1,18,836726,833450,818476,823850,815554,821841,821319,818144,828395,814715,827183,819773,808785,823059,819402,811009,815279,810317,812940,798107
361,0,1,18,842772,839462,824468,829865,821479,827791,827272,824118,834391,820723,833294,825756,814755,829076,825602,816899,821412,816296,818990,803992
362,31,1,18,836720,833424,818471,823753,815534,821776,821257,818201,828453,814696,827151,819691,808655,823069,819426,810850,815356,810257,812883,798016
363,0,1,18,842771,839407,824413,829780,821464,827697,827154,824043,834370,820711,833284,825701,814662,828995,825430,816735,821359,816225,818841,804037
364,31,1,18,836431,833209,818238,823537,815416,821583,820979,817911,828154,814425,826846,819466,808375,822787,819082,810542,815091,810073,812522,797800
365,0,1,18,842881,839558,824522,829910,821593,827921,827427,824158,834459,820713,833472,825859,814795,829228,825556,816888,821502,816380,819053,804135
366,31,1,18,836687,833470,818469,823804,815582,821743,821443,818051,828374,814717,827195,819637,808762,823093,819217,810701,815279,810275,812848,798074
367,0,1,18,842879,839620,824547,829884,821660,827970,827494,824187,834509,820818,833515,825841,814866,829274,825474,816895,821512,816376,819103,804174
368,31,1,18,836359,833237,818220,823443,815340,821528,820990,817854,828115,814431,826983,819474,808546,822714,819036,810428,814998,809987,812626,797773
369,0,1,18,843015,839803,824635,830058,821776,828060,827517,824483,834662,820963,833634,826051,815101,829260,825685,817054,821628,816472,819238,804292
370,31,1,18,836472,833247,818238,823515,815340,821562,821084,818010,828150,814497,826956,819540,808657,822748,819068,810566,815031,810027,812693,797759
371,0,1,18,842784,839590,824427,829858,821617,827913,827322,824262,834448,820716,833416,825876,814772,828997,825523,816837,821426,816333,819090,804036
372,31,1,18,836293,833140,818218,823398,815196,821572,820989,817866,828047,814511,826856,819359,808368,822544,818909,810284,814672,809942,812494,797641
373,0,1,18,842891,839615,824658,829943,821597,827961,827459,824264,834497,820949,833469,825803,814688,829131,825446,816694,821223,816449,819020,804051
374,31,1,18,836206,832959,818229,823274,815020,821492,820836,817582,827859,814319,826569,819158,808273,822401,818749,810275,814768,809766,812489,797826
375,0,1,18,842895,839544,824639,829841,821469,827930,827356,824154,834486,820902,833353,825771,814687,828995,825535,816813,821418,816285,819115,804224
376,31,1,18,836393,833150,818384,823459,815291,821504,821202,817872,828105,814618,826910,819399,808443,822723,819008,810449,814996,810084,812799,797897
377,0,1,18,842891,839507,824662,829886,821591,827776,827482,824226,834494,820872,833366,825803,814845,829074,825460,816837,821506,816525,819259,804211
378,31,1,18,836002,832818,817998,823216,815047,821354,820829,817486,827896,814163,826673,819187,808212,822382,818566,810187,814699,809789,812451,797548
379,0,1,18,843170,839957,825015,830350,821973,828254,827810,824622,834944,821244,833879,826212,815193,829531,825817,817271,821896,816765,819568,804498
380,31,1,18,836618,833291,818555,823632,815431,821769,821274,818004,828322,814643,827042,819655,808611,822867,819193,810638,815079,810270,812859,797897
381,0,1,18,842769,839378,824666,829760,821475,827764,827351,824132,834467,820707,833323,825678,814687,829019,825439,816776,821211,816405,819048,804026
382,31,1,18,836367,833116,818354,823443,815261,821652,821028,817949,828131,814456,826917,819392,808512,822686,818880,810467,814852,810005,812669,797675
383,0,1,18,842918,839638,824753,829978,821662,828075,827476,824394,834645,821037,833591,825956,814876,829267,825533,816998,821546,816539,819321,804172
384,31,1,18,836010,832768,817931,822955,814898,821194,820781,817451,827662,814083,826444,818925,807975,822291,818451,810031,814555,809480,812137,797275
385,0,1,18,842870,839471,824611,829630,821570,827876,827504,824173,834421,820832,833292,825679,814614,828990,825331,816774,821366,816305,818897,804021
386,31,1,18,836401,833167,818320,823259,815298,821535,821095,817873,828008,814398,826730,819376,808423,822683,818808,810523,814925,809981,812715,797803
387,0,1,18,842970,839825,824756,829925,821822,828012,827656,824463,834727,820975,833433,826023,814970,829320,825592,817053,821577,816619,819351,804303
388,31,1,18,836047,832932,818038,823091,814970,821467,820877,817599,827996,814414,826550,819155,808128,822461,818617,810362,814790,809674,812483,797394
389,0,1,18,842778,839654,824742,829784,821535,828005,827368,824224,834645,821030,833254,825826,814697,829049,825479,816885,821514,816347,819214,803924
390,31,1,18,836451,833255,818446,823535,815331,821839,821142,817947,828259,814776,826969,819504,808342,822790,818956,810615,815112,810029,812807,797903
391,0,1,18,842683,839599,824629,829816,821369,827893,827394,824143,834536,820931,833360,825751,814511,829115,825283,816856,821387,816267,819119,804069
392,31,1,18,836256,833103,818196,823356,815111,821601,820970,817788,828010,814605,826525,819292,808249,822680,818782,810239,814761,809934,812474,797621
393,0,1,18,842478,839335,824363,829605,821251,827706,827102,823930,834268,820796,832865,825484,814461,828953,825110,816524,821042,816096,818846,803807
394,31,1,18,836274,833019,818239,823281,815142,821458,820926,817692,827965,814513,826684,819242,808231,822661,818723,810224,814767,809809,812460,797613
395,0,1,18,843112,839896,825102,830207,821888,828268,827746,824436,834818,821282,833712,826113,815108,829567,825763,817101,821769,816753,819417,804395
396,31,1,18,836577,833371,818553,823785,815545,821903,821301,818249,828351,814730,827052,819651,808635,823012,819117,810755,815208,810258,813003,798154
397,0,1,18,843092,839794,824946,830210,821852,828169,827597,824454,834771,821179,833630,825957,814961,829441,825609,817132,821629,816732,819495,804432
398,31,1,18,836228,832979,818264,823301,815152,821440,820738,817763,828019,814346,826695,819190,808184,822622,818744,810371,814772,809870,812580,797670
399,0,1,18,843010,839645,824774,830072,821633,827971,827377,824330,834613,820963,833496,825799,814894,829267,825473,816995,821450,816549,819308,804233
400,31,1,18,836300,833058,818165,823134,815182,821425,820625,817757,827927,814296,826644,819152,808120,822633,818783,810260,814650,809858,812480,797664
401,0,1,18,842868,839742,824856,829899,821859,828018,827372,824381,834648,821032,833528,825885,814882,829208,825578,816869,821416,816584,819285,804294
402,31,1,18,836306,833100,818105,823351,815253,821494,820797,817892,828097,814516,826734,819350,808327,822712,818935,810371,814702,809953,812660,797608
403,0,1,18,842863,839695,824629,829804,821659,827976,827333,824393,834640,820979,833420,825921,814776,829221,825568,816964,821373,816567,819204,803972
404,31,1,18,836401,833272,818285,823402,815320,821674,820956,817870,828069,814480,826867,819473,808311,822602,818953,810465,814794,810063,812734,797809
405,0,1,18,842647,839602,824503,829708,821586,827951,827163,824134,834321,820712,833255,825803,814573,828896,825349,816663,821166,816241,819058,804038
406,31,1,18,836491,833301,818372,823512,815382,821772,821114,818029,828047,814522,826923,819561,808274,822874,819073,810618,814837,810127,812800,797945
407,0,1,18,842933,839815,824811,830038,821764,828217,827576,824451,834584,821091,833579,826070,814666,829377,825775,817134,821442,816627,819372,804377
408,31,1,18,836369,833315,818456,823474,815444,821725,821052,817944,828197,814740,826916,819499,808427,822921,819044,810589,814938,810147,812674,797952
409,0,1,18,842876,839857,824767,829797,821736,828112,827511,824300,834700,821135,833419,825936,814850,829412,825466,817046,821430,816423,819191,804299
410,31,1,18,836078,832939,818122,823233,815081,821390,820826,817582,827860,814389,826676,819231,808087,822643,818840,810174,814819,809872,812449,797426
411,0,1,18,842969,839785,824869,830026,821789,828211,827633,824472,834678,821123,833560,826045,814794,829485,825727,817027,821695,816743,819341,804241
412,31,1,18,836410,833222,818400,823545,815297,821749,821028,817958,828187,814721,827031,819439,808460,822895,819113,810536,815065,810145,812756,797944
413,0,1,18,842652,839591,824677,829822,821453,827886,827260,824228,834453,820867,833375,825768,814647,829141,825447,816774,821415,816400,819095,804140
414,31,1,18,836034,832821,818008,823053,814872,821258,820628,817648,827757,814092,826515,819028,807943,822480,818726,810022,814476,809713,812316,797377
415,0,1,18,842856,839689,824843,829967,821703,828023,827509,824436,834715,821017,833560,825913,814731,829246,825703,816863,821527,816535,819273,804108
416,31,1,18,835990,832800,817900,823034,814953,821347,820683,817531,827702,814134,826315,819048,807992,822423,818612,809968,814725,809657,812301,797332
417,0,1,18,842835,839705,824684,829911,821751,828098,827487,824342,834639,820986,833442,825905,814762,829348,825665,816827,821713,816564,819195,804097
418,31,1,18,835881,832662,817819,822919,814920,821188,820542,817370,827570,814053,826340,818953,807974,822308,818576,809854,814631,809606,812191,797281
419,0,1,18,842773,839442,824651,829703,821696,827952,827278,824136,834437,820850,833339,825723,814792,829102,825685,816675,821479,816397,819109,804043
420,31,1,18,835975,832881,818014,823063,815054,821492,820625,817556,827661,814283,826462,819050,808055,822423,818826,810090,814842,809625,812367,797412
421,0,1,18,843034,839866,824869,830062,821887,828241,827416,824510,834661,821161,833469,825958,814885,829266,825900,817008,821867,816681,819370,804272
422,31,1,18,835996,833020,818135,823252,815241,821581,820816,817710,827978,814447,826632,819270,808305,822480,818926,810314,814775,809849,812486,797540
423,0,1,18,842799,839777,824750,829935,821760,828140,827446,824345,834650,821014,833547,825998,814930,829110,825749,816940,821601,816497,819275,804152
424,31,1,18,836394,833209,818324,823585,815486,821705,821022,817878,828004,814550,826926,819371,808362,822648,819196,810494,814885,810053,812593,797681
425,0,1,18,842677,839568,824603,829917,821742,828020,827341,824260,834456,820917,833464,825742,814710,829023,825651,816828,821320,816468,819085,804024
426,31,1,18,835857,832623,817853,822980,814866,821181,820411,817349,827641,814144,826246,818900,807894,822217,818691,809916,814421,809488,812162,797229
427,0,1,18,842624,839401,824500,829808,821504,827785,827004,823975,834431,820881,833194,825703,814568,828974,825463,816636,821217,816168,819033,803915
428,31,1,18,836196,833081,818242,823528,815248,821638,820998,817753,828097,814544,826810,819316,808360,822656,819000,810299,814792,809926,812582,797754
429,0,1,18,842684,839558,824716,830066,821692,828125,827391,824206,834689,821093,833442,825927,814762,829252,825707,816873,821352,816453,819127,804219
430,31,1,18,836356,833109,818346,823576,815457,821732,821084,817905,828179,814596,826947,819435,808458,822934,819045,810535,814994,810071,812673,797942
431,0,1,18,842939,839574,824755,830042,821831,828149,827456,824301,834724,821017,833501,826011,814925,829318,825627,817013,821481,816561,819174,804307
432,31,1,18,836501,833320,818565,823707,815559,821897,821217,818187,828346,814742,827118,819658,808702,822909,819334,810822,815180,810248,812833,797927
433,0,1,18,842771,839576,824843,830121,821756,828140,827595,824450,834678,821039,833596,825937,814890,829204,825816,817102,821600,816620,819221,804183
434,31,1,18,836257,833030,818275,823421,815279,821602,820975,817875,828043,814475,826905,819297,808389,822681,818995,810492,814946,809994,812564,797647
435,0,1,18,842580,839356,824590,829759,821542,827780,827277,824084,834394,820758,833446,825578,814735,829025,825392,816774,821337,816334,819029,803956
436,31,1,18,836164,832869,818313,823361,815217,821499,820948,817748,828023,814386,826797,819153,808272,822509,818852,810339,814878,809872,812515,797482
437,0,1,18,842795,839575,824907,830052,821920,828080,827599,824358,834759,820943,833624,825950,815029,829189,825658,817076,821714,816607,819312,804144
438,31,1,18,836463,833158,818368,823631,815506,821711,821166,818037,828350,814693,827089,819473,808624,822785,819174,810730,815134,810152,812889,797727
439,0,1,18,842878,839572,824729,829996,821783,828043,827518,824399,834774,820922,833604,825865,814921,829206,825732,817087,821573,816603,819344,804059
440,31,1,18,835927,832777,817818,823079,814926,821263,820629,817524,827888,814128,826569,818962,808044,822456,818620,810057,814537,809749,812316,797227
441,0,1,18,842941,839745,824800,829982,821752,828180,827430,824381,834825,821061,833663,825974,815009,829424,825754,817087,821584,816699,819447,804133
442,31,1,18,836468,833303,818435,823705,815434,821876,821228,818024,828311,814723,827053,819552,808630,822922,819296,810647,815137,810302,812949,797802
443,0,1,18,843051,839758,824820,830118,821845,828271,827578,824433,834803,821190,833597,825992,815018,829427,825851,817072,821656,816659,819445,804163
444,31,1,18,836347,833090,818158,823396,815345,821605,820877,817897,828064,814538,826768,819164,808493,822695,818929,810326,815086,809854,812711,797678
445,0,1,18,843051,839772,824852,830226,822003,828256,827599,824553,834851,821187,833676,825966,815156,829418,825842,817097,821813,816620,819459,804381
446,31,1,18,836338,833057,818248,823468,815292,821512,820998,817719,828047,814472,826744,819404,808543,822616,819036,810382,814913,810012,812807,797838
447,0,1,18,842848,839552,824661,829995,821721,827911,827489,824263,834589,820972,833455,825882,814957,829196,825598,816843,821446,816522,819357,804253
448,31,1,18,836204,833041,818263,823368,815298,821415,820937,817737,828043,814479,826811,819262,808354,822635,818938,810318,815006,809892,812650,797750
449,0,1,18,842837,839540,824667,829932,821788,827918,827364,824297,834669,821100,833602,825832,814897,829232,825652,816894,821627,816544,819247,804169
450,31,1,18,836355,833124,818299,823369,815433,821759,820956,818024,828182,814618,826845,819361,808572,822673,819094,810601,815052,810096,812724,797943
451,0,1,18,842963,839627,824748,829878,821863,828111,827432,824469,834744,821062,833550,825898,814947,829292,825767,817110,821669,816619,819347,804338
452,31,1,18,836348,833004,818327,823306,815344,821617,820908,817906,828108,814505,826738,819140,808343,822622,819016,810517,815070,810111,812579,797742
453,0,1,18,842903,839546,824722,829822,821711,827981,827390,824275,834678,821096,833404,825686,814861,829214,825674,817108,821656,816595,819184,804270
454,31,1,18,836188,832943,818147,823121,815167,821571,820849,817788,828001,814492,826592,819131,808321,822513,818889,810458,814720,809911,812435,797703
455,0,1,18,842995,839730,824784,829907,821817,828213,827532,824542,834745,821146,833476,825917,814978,829293,825781,817144,821672,816806,819263,804300
456,31,1,18,836435,833188,818368,823421,815549,821745,821122,818007,828263,814714,826907,819426,808527,822864,819092,810600,815277,810227,812681,797866
457,0,1,18,843001,839804,824836,829954,821969,828219,827618,824517,834753,821142,833574,825936,814952,829442,825844,817205,821913,816770,819328,804363
458,31,1,18,836339,833296,818455,823411,815580,821821,821114,817972,828289,814726,826863,819515,808644,822864,819104,810574,815251,810086,812846,797968
459,0,1,18,842913,839849,824908,829931,821980,828239,827691,824395,834852,821249,833599,825993,815075,829402,825715,817087,821841,816712,819414,804408
460,31,1,18,836374,833282,818359,823503,815563,821832,821110,818024,828373,814538,827014,819447,808655,822925,819122,810550,815233,809977,812820,798010
461,0,1,18,842838,839708,824712,829846,821896,828124,827491,824414,834771,820993,833574,825939,815120,829373,825733,817058,821739,816547,819402,804382
462,31,1,18,836318,833229,818307,823488,815466,821695,821013,817942,828237,814534,826936,819400,808592,822717,819080,810422,815129,810063,812772,797900
463,0,1,18,842745,839577,824690,829891,821767,827928,827395,824197,834690,820999,833389,825758,814891,829216,825512,816830,821630,816487,819218,804177
464,31,1,18,836467,833303,818600,823590,815581,821748,821185,818059,828367,814812,827080,819588,808648,822800,819136,810665,815237,810178,812815,798000
465,0,1,18,842792,839682,824736,829881,821796,828011,827446,824382,834740,821052,833436,825871,814968,829213,825656,816938,821690,816514,819253,804330
466,31,1,18,836267,833160,818253,823313,815438,821649,820923,817904,828242,814633,826804,819471,808523,822618,818920,810565,815101,810041,812748,797860
467,0,1,18,843043,839841,824890,830142,821940,828269,827569,824520,834952,821412,833728,826073,815116,829313,825798,817258,821882,816790,819509,804448
468,31,1,18,836030,832982,818002,823192,815264,821326,820796,817763,827816,814463,826654,819100,808173,822434,818750,810297,814707,809684,812425,797470
469,0,1,18,842869,839932,824763,829988,821902,828066,827498,824466,834688,821139,833636,825858,815031,829239,825646,817109,821655,816475,819323,804249
470,31,1,18,836331,833328,818327,823311,815446,821550,820930,817875,828188,814578,826866,819316,808414,822754,819009,810497,815035,809914,812643,797659
471,0,1,18,843225,840132,825112,830148,822150,828288,827706,824728,835039,821441,833864,826055,815210,829596,825944,817321,821956,816722,819518,804408
472,31,1,18,836420,833377,818386,823479,815550,821718,821110,818000,828202,814688,826911,819518,808523,822809,819114,810622,815080,810062,812698,797865
473,0,1,18,842860,839823,824887,830017,821903,828110,827607,824505,834800,821189,833486,826021,814900,829398,825653,817105,821656,816658,819312,804298
474,31,1,18,836238,833200,818414,823320,815384,821593,820870,817798,828124,814545,826876,819404,808492,822938,818970,810605,815170,810056,812773,797698
475,0,1,18,843024,839926,824919,830102,822046,828327,827568,824427,834869,821238,833694,826134,815092,829603,825826,817241,821946,816839,819586,804398
476,31,1,18,835901,832847,818131,823012,815217,821273,820635,817484,827865,814236,826524,819039,808137,822512,818576,810238,814654,809752,812407,797405
477,0,1,18,842974,839859,825045,830031,822033,828181,827539,824292,834805,821084,833616,826018,814950,829460,825650,817130,821687,816727,819376,804238
478,31,1,18,836521,833372,818507,823563,815405,821732,821115,817956,828180,814636,826941,819535,808481,822711,819013,810507,815175,810164,812826,797761
479,0,1,18,843078,839894,824998,830136,821892,828149,827564,824378,834641,820956,833645,826020,814985,829233,825736,816932,821742,816643,819381,804160
480,31,1,18,836339,833290,818397,823344,815483,821659,821035,817849,828036,814474,827033,819287,808252,822786,818940,810411,815034,810036,812573,797722
481,0,1,18,842878,839659,824849,829969,821806,828136,827382,824214,834558,820911,833649,825749,814588,829340,825590,816822,821581,816561,819209,804069
482,31,1,18,836414,833091,818336,823258,815485,821561,820785,817650,828030,814461,826819,819132,808394,822834,819048,810399,815037,810076,812704,797732
483,0,1,18,842991,839590,824788,829891,821903,828102,827296,824191,834529,820985,833567,825767,814864,829308,825702,816924,821685,816631,819305,804242
484,31,1,18,836078,832855,818054,823192,815186,821451,820597,817471,827701,814139,826506,818980,808163,822489,818863,810110,814751,809789,812450,797517
485,0,1,18,842931,839750,824804,829919,821966,828198,827410,824245,834559,820970,833490,825815,814895,829385,825864,816868,821595,816709,819371,804338
486,31,1,18,836412,832949,818277,823226,815399,821592,820881,817805,828101,814403,826908,819284,808502,822609,818986,810343,814937,810007,812692,797746
487,0,1,18,843182,839739,824770,829924,821972,828292,827476,824469,834730,821092,833733,825966,815084,829320,825795,816996,821719,816704,819455,804353
488,31,1,18,836501,833099,818334,823416,815388,821721,820928,817887,828087,814462,826930,819259,808400,822632,818968,810437,815088,810079,812716,797726
489,0,1,18,843118,839686,824895,830056,821935,828290,827562,824541,834737,821174,833763,825922,814920,829282,825647,817034,821759,816632,819389,804228
490,31,1,18,836374,833015,818265,823277,815334,821681,820917,817670,828092,814434,826838,819208,808390,822665,818949,810438,814859,809953,812655,797776
491,0,1,18,843028,839459,824652,829790,821751,828087,827385,824049,834521,820849,833417,825749,814799,829130,825497,816881,821466,816360,819207,804278
492,31,1,18,836633,833031,818524,823577,815478,821846,821134,817942,828286,814632,826966,819461,808467,822858,819093,810533,815096,810173,812766,797925
493,0,1,18,843339,839646,825033,830250,821898,828333,827527,824490,834953,821269,833745,826048,815008,829458,825888,817136,821749,816758,819434,804555
494,31,1,18,836486,833034,818501,823487,815346,821794,820938,817698,828184,814711,826807,819268,808461,822812,819062,810499,814949,810132,812734,797923
495,0,1,18,843141,839545,824854,829996,821762,828196,827361,824300,834746,821227,833494,825867,814913,829360,825654,816953,821524,816766,819386,804356
496,31,1,18,836514,833072,818512,823540,815359,821875,821028,817726,828189,814484,826977,819441,808387,822783,819118,810591,815035,810288,812788,797993
497,0,1,18,842831,839322,824574,829835,821599,827940,827171,823983,834463,820727,833382,825646,814604,829047,825451,816871,821321,816468,819146,804082
498,31,1,18,836309,832969,818352,823524,815342,821726,820900,817883,828107,814540,826724,819354,808393,822610,819005,810593,814923,810098,812676,797733
499,0,1,18,843096,839668,824957,830262,821801,828308,827530,824457,834838,821190,833529,826046,814902,829354,825837,817217,821640,816785,819410,804372
