138309.0
141560.0
138478.0
141623.0
138430.0
141699.0
138503.0
141649.0
138465.0
141731.0
138551.0
141745.0
138519.0
141719.0
138599.0
141894.0
138540.0
141782.0
138661.0
141962.0
138656.0
141883.0
138638.0
141825.0
138609.0
141974.0
138708.0
141829.0
138697.0
142055.0
138610.0
141798.0
138542.0
142014.0
138735.0
141988.0
138709.0
141894.0
138631.0
142034.0
138681.0
141966.0
138739.0
141949.0
138636.0
141813.0
138551.0
142001.0
138661.0
142071.0
138636.0
141947.0
138651.0
141978.0
138678.0
141857.0
138665.0
142055.0
138715.0
141961.0
138742.0
142058.0
138679.0
141888.0
138661.0
141887.0
138719.0
142023.0
138686.0
141937.0
138624.0
142012.0
138602.0
142168.0
138715.0
141960.0
138769.0
142104.0
138766.0
142121.0
138742.0
141863.0
138639.0
141940.0
138752.0
142051.0
138737.0
142196.0
138748.0
142004.0
138704.0
142039.0
138717.0
142092.0
138686.0
141918.0
138635.0
141764.0
138548.0
141912.0
138642.0
141963.0
138702.0
141997.0
138714.0
141908.0
138713.0
141952.0
138680.0
141863.0
138575.0
141921.0
138694.0
141984.0
138767.0
142079.0
138628.0
142021.0
138714.0
141924.0
138765.0
141937.0
138669.0
142091.0
138678.0
141959.0
138668.0
142046.0
138699.0
141937.0
138680.0
142007.0
138704.0
141989.0
138696.0
142096.0
138674.0
141878.0
138792.0
142018.0
138676.0
141951.0
138720.0
142231.0
138795.0
141983.0
138692.0
142020.0
138674.0
141888.0
138644.0
141869.0
138609.0
141955.0
138663.0
141911.0
138767.0
141940.0
138646.0
141883.0
138686.0
141912.0
138716.0
141839.0
138718.0
142121.0
138817.0
142073.0
138733.0
142094.0
138679.0
142086.0
138642.0
142225.0
138762.0
142144.0
138743.0
142072.0
138793.0
142131.0
138781.0
142019.0
138807.0
142029.0
138685.0
142155.0
138723.0
142083.0
138784.0
141952.0
138702.0
142115.0
138750.0
142156.0
138725.0
142058.0
138750.0
142014.0
138628.0
141977.0
138770.0
142112.0
138853.0
142263.0
138819.0
142036.0
138735.0
142183.0
138834.0
142085.0
138720.0
142071.0
138823.0
142111.0
138750.0
142048.0
138732.0
142042.0
138710.0
142123.0
138741.0
142052.0
138763.0
142083.0
138760.0
142056.0
138745.0
142201.0
138794.0
141952.0
138739.0
142104.0
138691.0
141970.0
138654.0
141897.0
138593.0
142058.0
138629.0
142004.0
138757.0
141944.0
138715.0
142173.0
138785.0
142009.0
138666.0
142129.0
138749.0
142183.0
138756.0
142100.0
138749.0
142074.0
138708.0
142118.0
138701.0
141740.0
138681.0
141865.0
138661.0
141932.0
138691.0
141987.0
138677.0
142066.0
138684.0
142037.0
138705.0
142089.0
138636.0
142029.0
138693.0
141991.0
138844.0
142149.0
138660.0
142051.0
138702.0
142067.0
138796.0
142235.0
138786.0
142182.0
138789.0
142123.0
138678.0
142066.0
138858.0
141998.0
138768.0
141896.0
138762.0
142195.0
138791.0
142155.0
138833.0
142181.0
138857.0
142068.0
138818.0
141956.0
138702.0
142082.0
138793.0
141978.0
138637.0
142034.0
138677.0
142090.0
138693.0
142019.0
138659.0
142072.0
138753.0
142124.0
138831.0
142184.0
138747.0
142119.0
138791.0
142230.0
138747.0
142213.0
138739.0
142085.0
138855.0
142066.0
138825.0
142199.0
138779.0
142030.0
138852.0
142204.0
138862.0
142259.0
138771.0
142267.0
138821.0
142192.0
138868.0
142257.0
138818.0
142175.0
138782.0
142098.0
138715.0
142178.0
138763.0
142053.0
138814.0
142095.0
138789.0
141967.0
138812.0
142264.0
138854.0
142153.0
138826.0
142103.0
138822.0
142197.0
138732.0
142242.0
138751.0
142204.0
138832.0
142242.0
138851.0
142076.0
138778.0
142031.0
138817.0
142215.0
138874.0
142175.0
138841.0
142214.0
138878.0
142180.0
138843.0
142214.0
138866.0
142129.0
138793.0
142207.0
138845.0
142148.0
138804.0
142263.0
138800.0
142113.0
138770.0
142190.0
138807.0
142020.0
138775.0
142052.0
138721.0
142217.0
138715.0
142171.0
138910.0
142291.0
138804.0
142300.0
138819.0
142334.0
138778.0
142248.0
138840.0
142112.0
138764.0
142206.0
138787.0
142148.0
138838.0
142045.0
138743.0
142151.0
138815.0
142103.0
138772.0
142113.0
138883.0
142079.0
138741.0
142011.0
138766.0
142103.0
138789.0
142144.0
138696.0
142144.0
138759.0
142045.0
138775.0
142224.0
138716.0
142053.0
138794.0
142247.0
138871.0
142135.0
138812.0
142053.0
138794.0
142036.0
138714.0
142079.0
138738.0
142348.0
138751.0
142077.0
138774.0
142164.0
138817.0
142081.0
138745.0
142184.0
138777.0
142164.0
138745.0
142086.0
138788.0
142188.0
138734.0
142093.0
138727.0
142373.0
138925.0
142286.0
138833.0
142211.0
138845.0
142233.0
138968.0
142283.0
138849.0
142131.0
138915.0
142307.0
138771.0
142104.0
138776.0
142240.0
138789.0
142111.0
138811.0
142241.0
138765.0
141978.0
138755.0
142203.0
138829.0
142015.0
138751.0
142123.0
138703.0
141992.0
138755.0
142076.0
138798.0
142237.0
138790.0
142210.0
138855.0
142170.0
138846.0
142130.0
138880.0
142409.0
138901.0
142241.0
138860.0
142209.0
138882.0
142329.0
138933.0
142288.0
138853.0
142380.0
138839.0
142289.0
138844.0
142251.0
138764.0
142103.0
138957.0
142344.0
138830.0
142237.0
138883.0
142212.0
138967.0
142223.0
138717.0
142162.0
138888.0
142245.0
138808.0
142272.0
138867.0
142127.0
138883.0
142083.0
138767.0
142109.0
138796.0
142316.0
138826.0
142252.0
138767.0
142162.0
138832.0
142222.0
138889.0
142253.0
138807.0
142339.0
138780.0
142243.0
138821.0
142121.0
138875.0
142256.0
138856.0
142226.0
138740.0
142223.0
138783.0
142328.0
138812.0
142361.0
138884.0
142157.0
138852.0
142277.0
138806.0
142269.0
138776.0
142107.0
138792.0
142264.0
138830.0
142254.0
138864.0
142243.0
138867.0
142236.0
138924.0
142281.0
138881.0
142392.0
138875.0
142055.0
138722.0
142271.0
138898.0
142258.0
138897.0
142250.0
138856.0
142414.0
138886.0
142341.0
138831.0
142324.0
138810.0
142127.0
138842.0
142229.0
138764.0
142143.0
138781.0
142352.0
138811.0
142211.0
138829.0
142355.0
138856.0
142343.0
138834.0
142314.0
138816.0
142249.0
138853.0
142364.0
138930.0
142271.0
138869.0
142440.0
138890.0
142385.0
138821.0
142265.0
138926.0
142387.0
138827.0
142335.0
138947.0
142286.0
138859.0
142313.0
138896.0
142428.0
138898.0
142372.0
138973.0
142383.0
139026.0
142550.0
139052.0
142460.0
138975.0
142360.0
139001.0
142399.0
138987.0
142363.0
138990.0
142357.0
138918.0
142410.0
138878.0
142457.0
138903.0
142385.0
138987.0
142232.0
138971.0
142389.0
138957.0
142319.0
138969.0
142453.0
138882.0
142323.0
138937.0
142287.0
139030.0
142409.0
138994.0
142281.0
138994.0
142361.0
138927.0
142093.0
138942.0
142272.0
138831.0
142341.0
138871.0
142236.0
138799.0
142235.0
138901.0
142455.0
138861.0
142248.0
138939.0
142257.0
138942.0
142314.0
138832.0
142323.0
138913.0
142306.0
138918.0
142205.0
138953.0
142363.0
138860.0
142359.0
138895.0
142216.0
138830.0
142333.0
138978.0
142392.0
138939.0
142379.0
138922.0
142451.0
138945.0
142407.0
139033.0
142507.0
138995.0
142500.0
139004.0
142236.0
139105.0
142505.0
138950.0
142390.0
138901.0
142334.0
138904.0
142164.0
138868.0
142385.0
138862.0
142305.0
138840.0
142273.0
138851.0
142289.0
138944.0
142283.0
138877.0
142325.0
138912.0
142369.0
138980.0
142346.0
138809.0
142335.0
138771.0
142327.0
138741.0
142251.0
138851.0
142107.0
138788.0
142363.0
138776.0
142159.0
138859.0
142245.0
138863.0
142271.0
138838.0
142191.0
138789.0
142139.0
138818.0
142215.0
138852.0
142372.0
138855.0
142257.0
138879.0
142202.0
138792.0
142271.0
138813.0
142259.0
138838.0
142353.0
138983.0
142344.0
138923.0
142221.0
138886.0
142268.0
138873.0
142289.0
138933.0
142303.0
138933.0
142439.0
138946.0
142318.0
139019.0
142327.0
139034.0
142408.0
138937.0
142360.0
138903.0
142340.0
138876.0
142320.0
138869.0
142431.0
138951.0
142214.0
138773.0
142095.0
138824.0
142296.0
138885.0
142298.0
138899.0
142239.0
138854.0
142197.0
138976.0
142205.0
138830.0
142490.0
138846.0
142340.0
139021.0
142242.0
138851.0
142164.0
138890.0
142365.0
138808.0
142139.0
138808.0
142268.0
138850.0
142328.0
138910.0
142299.0
138932.0
142163.0
138916.0
142210.0
138819.0
142356.0
138902.0
142267.0
138921.0
142221.0
138841.0
142365.0
138945.0
142278.0
138825.0
142307.0
138858.0
142444.0
138833.0
142198.0
138913.0
142314.0
138814.0
142214.0
138820.0
142359.0
138921.0
142303.0
138844.0
142213.0
138954.0
142206.0
138802.0
142254.0
138823.0
142312.0
138906.0
142196.0
138744.0
142234.0
138876.0
142150.0
138807.0
142195.0
138842.0
142258.0
138880.0
142273.0
138942.0
142193.0
138802.0
142174.0
138788.0
142138.0
138823.0
142218.0
138787.0
142203.0
138794.0
142148.0
138755.0
142122.0
138916.0
142265.0
138916.0
142260.0
138966.0
142202.0
138969.0
142300.0
138874.0
142307.0
138911.0
142162.0
138822.0
142304.0
138861.0
142181.0
138865.0
142208.0
138854.0
142192.0
138832.0
142290.0
138854.0
142194.0
138883.0
142369.0
138870.0
142230.0
138735.0
142263.0
138849.0
142151.0
138805.0
142356.0
138809.0
142122.0
138863.0
142235.0
138857.0
142352.0
138822.0
142081.0
138837.0
142247.0
138876.0
142203.0
138943.0
142331.0
138739.0
142178.0
138747.0
142111.0
138756.0
142119.0
138764.0
142122.0
138922.0
142316.0
138839.0
142384.0
138871.0
142164.0
138899.0
142229.0
138795.0
142265.0
138832.0
142333.0
138799.0
142283.0
138811.0
142332.0
138798.0
142292.0
138909.0
142330.0
138839.0
142294.0
138922.0
142225.0
138907.0
142201.0
138815.0
142201.0
138761.0
142201.0
138798.0
142160.0
138781.0
142269.0
138833.0
142315.0
138827.0
142202.0
138749.0
142205.0
138766.0
142175.0
138771.0
142206.0
138813.0
142272.0
138754.0
142246.0
138783.0
142255.0
138797.0
142296.0
138835.0
142198.0
138892.0
142248.0
138810.0
142180.0
138859.0
142192.0
138932.0
142194.0
138811.0
142277.0
138787.0
142306.0
138850.0
142201.0
138852.0
142334.0
138829.0
142336.0
138858.0
142106.0
138767.0
142367.0
138873.0
142140.0
138922.0
142195.0
138872.0
142400.0
138918.0
142170.0
138903.0
142324.0
138949.0
142338.0
138959.0
142407.0
138920.0
142304.0
138980.0
142346.0
138888.0
142346.0
138914.0
142330.0
138824.0
142209.0
138869.0
142230.0
138940.0
142377.0
138795.0
142132.0
138837.0
142325.0
138871.0
142423.0
138873.0
142324.0
138802.0
142344.0
138826.0
142166.0
138884.0
142154.0
138841.0
142292.0
138897.0
142413.0
138938.0
142395.0
138818.0
142304.0
138939.0
142308.0
138955.0
142326.0
138919.0
142579.0
138947.0
142297.0
138896.0
142143.0
138935.0
142335.0
138895.0
142291.0
138899.0
142336.0
138880.0
142389.0
138843.0
142254.0
138919.0
142446.0
138825.0
142347.0
138929.0
142294.0
138930.0
142422.0
138917.0
142402.0
138948.0
142423.0
139000.0
142550.0
139047.0
142387.0
138928.0
142407.0
138871.0
142481.0
138936.0
142339.0
138896.0
142406.0
138895.0
142228.0
138964.0
142237.0
138794.0
142188.0
138918.0
142444.0
138850.0
142280.0
138870.0
142241.0
138852.0
142188.0
138913.0
142267.0
138894.0
142220.0
138815.0
142268.0
138912.0
142258.0
138866.0
142240.0
138936.0
142186.0
138907.0
142203.0
138915.0
142343.0
138895.0
142269.0
138890.0
142189.0
138891.0
142339.0
138903.0
142210.0
138868.0
142192.0
138932.0
142293.0
138804.0
142315.0
138907.0
142218.0
138934.0
142370.0
138925.0
142196.0
138918.0
142323.0
138900.0
142206.0
138898.0
142163.0
138890.0
142239.0
138847.0
142256.0
138739.0
142106.0
138880.0
142317.0
138928.0
142355.0
138895.0
142225.0
138873.0
142306.0
138845.0
142371.0
138930.0
142311.0
138876.0
142263.0
138885.0
142417.0
138956.0
142412.0
138995.0
142274.0
138866.0
142294.0
138862.0
142241.0
138856.0
142335.0
138846.0
142264.0
138844.0
142243.0
138934.0
142309.0
138848.0
142322.0
138800.0
142474.0
138821.0
142421.0
138819.0
142319.0
138835.0
142325.0
138815.0
142234.0
138857.0
142209.0
138902.0
142268.0
138890.0
142278.0
138867.0
142274.0
138999.0
142266.0
138973.0
142290.0
138892.0
142358.0
138883.0
142347.0
138848.0
142442.0
138896.0
142435.0
138880.0
142319.0
138927.0
142462.0
138850.0
142331.0
138984.0
142351.0
138972.0
142458.0
138964.0
142366.0
139013.0
142223.0
138911.0
142395.0
138964.0
142429.0
138883.0
142367.0
138892.0
142316.0
138963.0
142411.0
139030.0
142331.0
138924.0
142409.0
138844.0
142362.0
138963.0
142405.0
138769.0
142355.0
138877.0
142252.0
138900.0
142313.0
138907.0
142162.0
138852.0
142093.0
138949.0
142259.0
138921.0
142292.0
138848.0
142448.0
138917.0
142228.0
138902.0
142180.0
138798.0
142377.0
138833.0
142290.0
138795.0
142147.0
138804.0
142321.0
138833.0
142338.0
138932.0
142381.0
138986.0
142432.0
138951.0
142364.0
138885.0
142409.0
138942.0
142271.0
138811.0
142313.0
138875.0
142292.0
138878.0
142287.0
138860.0
142241.0
138902.0
142350.0
138912.0
142259.0
138915.0
142281.0
138876.0
142356.0
138866.0
142494.0
138891.0
142455.0
138845.0
142349.0
138937.0
142324.0
138944.0
142260.0
138886.0
142368.0
138925.0
142418.0
138803.0
142406.0
138940.0
142435.0
138892.0
142397.0
139037.0
142429.0
138911.0
142403.0
138983.0
142329.0
138843.0
142365.0
138901.0
142477.0
138864.0
142460.0
138856.0
142159.0
138955.0
142192.0
138803.0
142205.0
138808.0
142258.0
138912.0
142341.0
138877.0
142216.0
138933.0
142349.0
138930.0
142398.0
138910.0
142351.0
138900.0
142329.0
138883.0
142347.0
138951.0
142351.0
138885.0
142353.0
138899.0
142319.0
138834.0
142314.0
138865.0
142354.0
138869.0
142202.0
138917.0
142368.0
138914.0
142305.0
138817.0
142357.0
138935.0
142370.0
138888.0
142409.0
138881.0
142395.0
138780.0
142310.0
138752.0
142266.0
138842.0
142357.0
138935.0
142292.0
138963.0
142247.0
138928.0
142431.0
138969.0
142449.0
138913.0
142265.0
138910.0
142265.0
138908.0
142358.0
138922.0
142281.0
138925.0
142391.0
138935.0
142320.0
138961.0
142401.0
138944.0
142337.0
138987.0
142410.0
138910.0
142430.0
138908.0
142175.0
138902.0
142295.0
138856.0
142326.0
138842.0
142260.0
138918.0
142270.0
138975.0
142251.0
138885.0
142316.0
138900.0
142280.0
138886.0
142249.0
138894.0
142262.0
138860.0
142304.0
138855.0
142190.0
138821.0
142196.0
138872.0
142121.0
138965.0
142187.0
138897.0
142175.0
138874.0
142251.0
138839.0
142133.0
138770.0
142299.0
138839.0
142214.0
138821.0
142146.0
138863.0
142434.0
138834.0
142395.0
138964.0
142331.0
139005.0
142371.0
138905.0
142262.0
138868.0
142247.0
138893.0
142240.0
138882.0
142296.0
138897.0
142549.0
138890.0
142309.0
138934.0
142417.0
138825.0
142380.0
138850.0
142257.0
138894.0
142261.0
138765.0
142270.0
138777.0
142344.0
138848.0
142395.0
138815.0
142354.0
138833.0
142421.0
138906.0
142218.0
138916.0
142408.0
138850.0
142344.0
138905.0
142253.0
138943.0
142400.0
138903.0
142415.0
138923.0
142340.0
138938.0
142273.0
138857.0
142258.0
138902.0
142257.0
138919.0
142283.0
138928.0
142359.0
138897.0
142443.0
138920.0
142248.0
138948.0
142214.0
138902.0
142255.0
138817.0
142374.0
138889.0
142336.0
138896.0
142415.0
138891.0
142373.0
138802.0
142424.0
138938.0
142458.0
138918.0
142420.0
138931.0
142348.0
138855.0
142376.0
138874.0
142226.0
138816.0
142283.0
138889.0
142108.0
138855.0
142318.0
138861.0
142336.0
138861.0
142372.0
138891.0
142446.0
138891.0
142209.0
138902.0
142152.0
138861.0
142370.0
138859.0
142324.0
138905.0
142303.0
138893.0
142301.0
138830.0
142348.0
138909.0
142395.0
138990.0
142285.0
138920.0
142318.0
138983.0
142361.0
138918.0
142355.0
138881.0
142326.0
139001.0
142404.0
138968.0
142315.0
138841.0
142367.0
138917.0
142384.0
139010.0
142396.0
139018.0
142430.0
139032.0
142358.0
138967.0
142584.0
138928.0
142434.0
139011.0
142450.0
138933.0
142324.0
139052.0
142362.0
138902.0
142218.0
138962.0
142289.0
138901.0
142257.0
139001.0
142454.0
138971.0
142430.0
138994.0
142341.0
138980.0
142401.0
138848.0
142306.0
138981.0
142487.0
138905.0
142232.0
138887.0
142311.0
138956.0
142211.0
138946.0
142289.0
138967.0
142544.0
138956.0
142334.0
138867.0
142287.0
138881.0
142168.0
138867.0
142253.0
138836.0
142237.0
138817.0
142216.0
138827.0
142297.0
138938.0
142313.0
138940.0
142421.0
139048.0
142365.0
138943.0
142355.0
138871.0
142334.0
138977.0
142405.0
138967.0
142423.0
138917.0
142440.0
138942.0
142367.0
138961.0
142339.0
138967.0
142472.0
138929.0
142366.0
138988.0
142442.0
139010.0
142443.0
138982.0
142491.0
138976.0
142334.0
139010.0
142400.0
138976.0
142490.0
138986.0
142548.0
138972.0
142413.0
138897.0
142273.0
139002.0
142264.0
138878.0
142391.0
138963.0
142453.0
138963.0
142425.0
138947.0
142376.0
138948.0
142424.0
138884.0
142393.0
138976.0
142364.0
138905.0
142235.0
138887.0
142231.0
138918.0
142301.0
138948.0
142304.0
138913.0
142467.0
139003.0
142255.0
138934.0
142407.0
138980.0
142321.0
138960.0
142485.0
139065.0
142412.0
138917.0
142425.0
138944.0
142533.0
138997.0
142525.0
138952.0
142370.0
138940.0
142319.0
138969.0
142486.0
138974.0
142401.0
139046.0
142502.0
139055.0
142521.0
138977.0
142340.0
138958.0
142476.0
138895.0
142389.0
138954.0
142529.0
138933.0
142263.0
138908.0
142297.0
138933.0
142372.0
138981.0
142367.0
138966.0
142540.0
138967.0
142341.0
138859.0
142332.0
138826.0
142278.0
138871.0
142283.0
138931.0
142290.0
138941.0
142334.0
138939.0
142469.0
139024.0
142388.0
138922.0
142357.0
138917.0
142241.0
138854.0
142332.0
138917.0
142278.0
138904.0
142315.0
138858.0
142210.0
138985.0
142401.0
138917.0
142312.0
138865.0
142287.0
138917.0
142377.0
139013.0
142355.0
138967.0
142260.0
138925.0
142287.0
138919.0
142218.0
138913.0
142336.0
138949.0
142559.0
138897.0
142452.0
138987.0
142356.0
138942.0
142392.0
138997.0
142339.0
138931.0
142385.0
138921.0
142461.0
138946.0
142420.0
139020.0
142354.0
138931.0
142427.0
138876.0
142341.0
138980.0
142412.0
138978.0
142463.0
138932.0
142410.0
138888.0
142343.0
138953.0
142474.0
138999.0
142334.0
138943.0
142410.0
138924.0
142354.0
138978.0
142288.0
138944.0
142434.0
138976.0
142332.0
138936.0
142370.0
138966.0
142396.0
138811.0
142368.0
138906.0
142370.0
138941.0
142502.0
139010.0
142419.0
139030.0
142486.0
138850.0
142430.0
138988.0
142412.0
138862.0
142359.0
138982.0
142305.0
138924.0
142433.0
138928.0
142359.0
139001.0
142349.0
138939.0
142331.0
138983.0
142347.0
138985.0
142277.0
138876.0
142246.0
138969.0
142302.0
138954.0
142420.0
138879.0
142431.0
138902.0
142487.0
138886.0
142413.0
138969.0
142343.0
138900.0
142330.0
138942.0
142344.0
138862.0
142437.0
138889.0
142289.0
138839.0
142317.0
138846.0
142237.0
138872.0
142291.0
138881.0
142305.0
138947.0
142257.0
138787.0
142190.0
138849.0
142273.0
138901.0
142308.0
138883.0
142287.0
138874.0
142384.0
138826.0
142278.0
138864.0
142329.0
138834.0
142305.0
138897.0
142205.0
138819.0
142087.0
138861.0
142197.0
138919.0
142233.0
138905.0
142267.0
138810.0
142158.0
138863.0
142294.0
138843.0
142169.0
138834.0
142247.0
138791.0
142309.0
138933.0
142262.0
138881.0
142188.0
138828.0
142111.0
138931.0
142300.0
138867.0
142213.0
138787.0
142347.0
138901.0
142166.0
138879.0
142286.0
138839.0
142385.0
138845.0
142460.0
138980.0
142422.0
138847.0
142332.0
138926.0
142392.0
138897.0
142411.0
138851.0
142435.0
138961.0
142429.0
139000.0
142390.0
138775.0
142312.0
138941.0
142291.0
138927.0
142259.0
138868.0
142378.0
138901.0
142316.0
138885.0
142222.0
138861.0
142315.0
138875.0
142297.0
138869.0
142339.0
138917.0
142382.0
138886.0
142313.0
138903.0
142238.0
138882.0
142333.0
138939.0
142243.0
138840.0
142306.0
138798.0
142275.0
138772.0
142387.0
138898.0
142370.0
138852.0
142304.0
138921.0
142377.0
138923.0
142299.0
138881.0
142413.0
138839.0
142200.0
138959.0
142350.0
138845.0
142302.0
138928.0
142283.0
138765.0
142330.0
138819.0
142295.0
138875.0
142319.0
138967.0
142461.0
138830.0
142293.0
138874.0
142289.0
138949.0
142409.0
138906.0
142449.0
138941.0
142382.0
138877.0
142427.0
138999.0
142453.0
138972.0
142347.0
138940.0
142364.0
138933.0
142196.0
138878.0
142387.0
138966.0
142427.0
138991.0
142507.0
138966.0
142505.0
138955.0
142584.0
138922.0
142273.0
138849.0
142306.0
138875.0
142297.0
138979.0
142346.0
138982.0
142384.0
138964.0
142359.0
138982.0
142441.0
138883.0
142372.0
138729.0
142378.0
138932.0
142334.0
138999.0
142466.0
138932.0
142340.0
138845.0
142302.0
138873.0
142430.0
138943.0
142281.0
138941.0
142370.0
138876.0
142502.0
138917.0
142429.0
138909.0
142324.0
138935.0
142276.0
138920.0
142341.0
138919.0
142301.0
138967.0
142407.0
139000.0
142492.0
138991.0
142383.0
138932.0
142433.0
138818.0
142295.0
138863.0
142486.0
138835.0
142535.0
138919.0
142372.0
138950.0
142412.0
138890.0
142317.0
138865.0
142419.0
138975.0
142291.0
138850.0
142370.0
138911.0
142296.0
138950.0
142392.0
138973.0
142427.0
139021.0
142510.0
138943.0
142544.0
139060.0
142648.0
139024.0
142547.0
138970.0
142401.0
138839.0
142326.0
138959.0
142569.0
139061.0
142478.0
139062.0
142504.0
138885.0
142275.0
138926.0
142524.0
138925.0
142456.0
138908.0
142339.0
139005.0
142348.0
138915.0
142375.0
138919.0
142574.0
138969.0
142347.0
139001.0
142597.0
138913.0
142524.0
139046.0
142489.0
139011.0
142465.0
138914.0
142485.0
139000.0
142406.0
138953.0
142402.0
138931.0
142337.0
138997.0
142409.0
138955.0
142480.0
138945.0
142489.0
139076.0
142495.0
138963.0
142593.0
139055.0
142581.0
138943.0
142580.0
138928.0
142547.0
139050.0
142454.0
138984.0
142518.0
138955.0
142372.0
139003.0
142447.0
138881.0
142391.0
138995.0
142366.0
138914.0
142315.0
138871.0
142357.0
138872.0
142464.0
138889.0
142476.0
138974.0
142295.0
138934.0
142402.0
138887.0
142330.0
138918.0
142254.0
138960.0
142442.0
138904.0
142302.0
139068.0
142365.0
138858.0
142268.0
138873.0
142417.0
138931.0
142360.0
139056.0
142417.0
138966.0
142405.0
138980.0
142469.0
139028.0
142263.0
138959.0
142288.0
139019.0
142510.0
138975.0
142403.0
138994.0
142331.0
138912.0
142431.0
138910.0
142457.0
138877.0
142507.0
138974.0
142330.0
138963.0
142367.0
138820.0
142265.0
138878.0
142427.0
138889.0
142401.0
138936.0
142368.0
139034.0
142380.0
138905.0
142315.0
138877.0
142352.0
138975.0
142310.0
138864.0
142336.0
138875.0
142403.0
138949.0
142473.0
138993.0
142420.0
138989.0
142504.0
138981.0
142620.0
138918.0
142338.0
139014.0
142428.0
138989.0
142455.0
138972.0
142460.0
138987.0
142262.0
138954.0
142324.0
138851.0
142376.0
138881.0
142341.0
138899.0
142250.0
138930.0
142370.0
138869.0
142383.0
138915.0
142209.0
138886.0
142161.0
138793.0
142412.0
138915.0
142329.0
138990.0
142400.0
138968.0
142394.0
138965.0
142441.0
138940.0
142455.0
138936.0
142448.0
138878.0
142350.0
138964.0
142414.0
138971.0
142444.0
138979.0
142365.0
139105.0
142366.0
138999.0
142330.0
139018.0
142431.0
138929.0
142353.0
138972.0
142459.0
139033.0
142311.0
138834.0
142418.0
139021.0
142444.0
138926.0
142375.0
138967.0
142485.0
139007.0
142499.0
138894.0
142412.0
138945.0
142515.0
139132.0
142423.0
138912.0
142525.0
138944.0
142580.0
139016.0
142543.0
139049.0
142540.0
139020.0
142371.0
138918.0
142443.0
138953.0
142479.0
138977.0
142438.0
139038.0
142477.0
138977.0
142448.0
138952.0
142422.0
138924.0
142637.0
139004.0
142541.0
138946.0
142409.0
138964.0
142368.0
138934.0
142467.0
139085.0
142544.0
138997.0
142387.0
138865.0
142465.0
138982.0
142382.0
138918.0
142414.0
138932.0
142426.0
138880.0
142381.0
138849.0
142231.0
138970.0
142518.0
138966.0
142405.0
138928.0
142470.0
138988.0
142336.0
138947.0
142530.0
139042.0
142337.0
138980.0
142296.0
138951.0
142480.0
138974.0
142471.0
138929.0
142372.0
138989.0
142470.0
138901.0
142480.0
138958.0
142518.0
138959.0
142594.0
139078.0
142607.0
139134.0
142584.0
138955.0
142443.0
139011.0
142515.0
138970.0
142549.0
139017.0
142514.0
139026.0
142413.0
138998.0
142392.0
138938.0
142545.0
138984.0
142312.0
138896.0
142518.0
138931.0
142407.0
138975.0
142494.0
139025.0
142425.0
138993.0
142430.0
139006.0
142726.0
139103.0
142467.0
139037.0
142517.0
139032.0
142630.0
138985.0
142586.0
139007.0
142470.0
138960.0
142511.0
139014.0
142623.0
138999.0
142628.0
139109.0
142521.0
139029.0
142495.0
138917.0
142539.0
138940.0
142452.0
139005.0
142294.0
138990.0
142561.0
138998.0
142542.0
139064.0
142564.0
139034.0
142593.0
139037.0
142451.0
139071.0
142529.0
138973.0
142494.0
139042.0
142474.0
138918.0
142471.0
138971.0
142389.0
139084.0
142553.0
139028.0
142509.0
138926.0
142465.0
139054.0
142563.0
138953.0
142734.0
139052.0
142509.0
138970.0
142507.0
139006.0
142505.0
138969.0
142478.0
138984.0
142540.0
138945.0
142459.0
139093.0
142446.0
138986.0
142460.0
139041.0
142465.0
138930.0
142321.0
138946.0
142417.0
139027.0
142463.0
139034.0
142647.0
139051.0
142529.0
138987.0
142496.0
138988.0
142467.0
139026.0
142617.0
139077.0
142468.0
138957.0
142504.0
138896.0
142587.0
139074.0
142508.0
138959.0
142489.0
139045.0
142589.0
139055.0
142661.0
139080.0
142616.0
139018.0
142585.0
139043.0
142473.0
139016.0
142450.0
138971.0
142576.0
139082.0
142614.0
139106.0
142611.0
139004.0
142521.0
138990.0
142557.0
139007.0
142498.0
139016.0
142427.0
138947.0
142304.0
139027.0
142592.0
139030.0
142371.0
138953.0
142418.0
139017.0
142522.0
138939.0
142556.0
138957.0
142545.0
139045.0
142570.0
139022.0
142435.0
138875.0
142461.0
139083.0
142462.0
138968.0
142324.0
138913.0
142390.0
139002.0
142436.0
139034.0
142564.0
138971.0
142492.0
138981.0
142331.0
139010.0
142518.0
138977.0
142400.0
138912.0
142301.0
138930.0
142304.0
138925.0
142439.0
138986.0
142416.0
138932.0
142523.0
139023.0
142423.0
138899.0
142629.0
138966.0
142577.0
139071.0
142503.0
139072.0
142490.0
139038.0
142448.0
139032.0
142385.0
139049.0
142443.0
138955.0
142634.0
139000.0
142348.0
138984.0
142423.0
138881.0
142289.0
139020.0
142542.0
139067.0
142492.0
138963.0
142350.0
139030.0
142618.0
139012.0
142457.0
138995.0
142584.0
138986.0
142496.0
138981.0
142418.0
138996.0
142469.0
138951.0
142450.0
138977.0
142614.0
139030.0
142473.0
138975.0
142521.0
138926.0
142513.0
138897.0
142425.0
138941.0
142336.0
138981.0
142332.0
138934.0
142303.0
138922.0
142459.0
139017.0
142476.0
139009.0
142567.0
139099.0
142531.0
139008.0
142620.0
139097.0
142579.0
139001.0
142504.0
138977.0
142453.0
138957.0
142369.0
139028.0
142468.0
138900.0
142380.0
138938.0
142464.0
138954.0
142548.0
138923.0
142513.0
139015.0
142451.0
139038.0
142545.0
139064.0
142427.0
138985.0
142436.0
139017.0
142471.0
138900.0
142537.0
139017.0
142423.0
139003.0
142460.0
138876.0
142531.0
138985.0
142407.0
138914.0
142442.0
138986.0
142586.0
138988.0
142534.0
139012.0
142430.0
139018.0
142497.0
138983.0
142520.0
138985.0
142449.0
138962.0
142430.0
138981.0
142390.0
138983.0
142504.0
138919.0
142419.0
138954.0
142353.0
138986.0
142459.0
138944.0
142560.0
138963.0
142525.0
139019.0
142604.0
138953.0
142419.0
138979.0
142469.0
138976.0
142436.0
138948.0
142395.0
138932.0
142520.0
138971.0
142500.0
138941.0
142450.0
138985.0
142483.0
138907.0
142289.0
139097.0
142363.0
138907.0
142422.0
138894.0
142473.0
139042.0
142477.0
138989.0
142502.0
138898.0
142373.0
138900.0
142427.0
138915.0
142430.0
138887.0
142450.0
138938.0
142428.0
139026.0
142463.0
139025.0
142553.0
138975.0
142622.0
139062.0
142485.0
138987.0
142521.0
138891.0
142469.0
139035.0
142409.0
138961.0
142071.0
138865.0
142297.0
138910.0
142388.0
138972.0
142360.0
138890.0
142366.0
138973.0
142384.0
139044.0
142548.0
138937.0
142499.0
138965.0
142317.0
139029.0
142454.0
139016.0
142446.0
138973.0
142476.0
139074.0
142582.0
138993.0
142519.0
139036.0
142467.0
139050.0
142599.0
139034.0
142511.0
139051.0
142542.0
139025.0
142546.0
138964.0
142439.0
139063.0
142522.0
138967.0
142499.0
139011.0
142380.0
139001.0
142383.0
138967.0
142508.0
139036.0
142447.0
139048.0
142315.0
138938.0
142416.0
138914.0
142528.0
139041.0
142546.0
139085.0
142431.0
139008.0
142576.0
138906.0
142414.0
138937.0
142415.0
139050.0
142387.0
139007.0
142645.0
139026.0
142506.0
138975.0
142381.0
138932.0
142409.0
138962.0
142657.0
139020.0
142499.0
138972.0
142742.0
139126.0
142615.0
139069.0
142490.0
139126.0
142469.0
139068.0
142740.0
139054.0
142474.0
139047.0
142595.0
139128.0
142421.0
139001.0
142561.0
139032.0
142446.0
138999.0
142517.0
138981.0
142586.0
139141.0
142627.0
138967.0
142389.0
139032.0
142339.0
138894.0
142315.0
138905.0
142505.0
138900.0
142524.0
138948.0
142369.0
139020.0
142667.0
138940.0
142517.0
139039.0
142506.0
139057.0
142588.0
139077.0
142568.0
139076.0
142635.0
139050.0
142534.0
139051.0
142456.0
139039.0
142450.0
138984.0
142535.0
138952.0
142457.0
138968.0
142435.0
138985.0
142560.0
138954.0
142603.0
138966.0
142486.0
139044.0
142572.0
139086.0
142482.0
139018.0
142386.0
138888.0
142558.0
138983.0
142307.0
138921.0
142446.0
139009.0
142409.0
139025.0
142574.0
139025.0
142435.0
139063.0
142367.0
139025.0
142526.0
139073.0
142561.0
139073.0
142650.0
139099.0
142493.0
139059.0
142644.0
139055.0
142528.0
139034.0
142590.0
139038.0
142468.0
138942.0
142413.0
138969.0
142401.0
139039.0
142555.0
139042.0
142459.0
139018.0
142597.0
139005.0
142409.0
138914.0
142460.0
138974.0
142431.0
139006.0
142566.0
138945.0
142398.0
138939.0
142467.0
139055.0
142430.0
139020.0
142558.0
139001.0
142290.0
139031.0
142601.0
139020.0
142486.0
138915.0
142545.0
139083.0
142574.0
139009.0
142518.0
139021.0
142586.0
139023.0
142344.0
138995.0
142407.0
139053.0
142518.0
139091.0
142462.0
139010.0
142484.0
139073.0
142442.0
139067.0
142400.0
139021.0
142507.0
139072.0
142702.0
139086.0
142613.0
139143.0
142581.0
139062.0
142484.0
139045.0
142463.0
139075.0
142590.0
139066.0
142478.0
139110.0
142411.0
138965.0
142643.0
139038.0
142669.0
139108.0
142573.0
139104.0
142589.0
139020.0
142466.0
139010.0
142486.0
139043.0
142446.0
139091.0
142414.0
139029.0
142459.0
139080.0
142543.0
139112.0
142447.0
139101.0
142447.0
139028.0
142561.0
138979.0
142507.0
139041.0
142582.0
138984.0
142595.0
139076.0
142471.0
139111.0
142391.0
139060.0
142455.0
139064.0
142428.0
139003.0
142470.0
138989.0
142736.0
139082.0
142573.0
139094.0
142446.0
138957.0
142473.0
139039.0
142568.0
139064.0
142487.0
138971.0
142441.0
139084.0
142357.0
139065.0
142461.0
138942.0
142546.0
139008.0
142524.0
139049.0
142551.0
139030.0
142477.0
139021.0
142475.0
138989.0
142433.0
138962.0
142540.0
138978.0
142439.0
138994.0
142527.0
139092.0
142534.0
138967.0
142394.0
139009.0
142536.0
139058.0
142521.0
138990.0
142434.0
139009.0
142401.0
139021.0
142507.0
139017.0
142374.0
139004.0
142561.0
139166.0
142573.0
139152.0
142549.0
138946.0
142561.0
139040.0
142607.0
139066.0
142676.0
139149.0
142621.0
139101.0
142484.0
139068.0
142634.0
139178.0
142612.0
139176.0
142589.0
139190.0
142679.0
139063.0
142498.0
139042.0
142513.0
139067.0
142498.0
139068.0
142511.0
139076.0
142663.0
139092.0
142592.0
139030.0
142598.0
139107.0
142537.0
139157.0
142645.0
139087.0
142619.0
138973.0
142566.0
139015.0
142417.0
138897.0
142564.0
139011.0
142337.0
138931.0
142520.0
139022.0
142406.0
139076.0
142587.0
139029.0
142677.0
139066.0
142603.0
139029.0
142526.0
139026.0
142649.0
139027.0
142627.0
139023.0
142473.0
139039.0
142400.0
138955.0
142525.0
138965.0
142521.0
139023.0
142398.0
138987.0
142367.0
138991.0
142434.0
139056.0
142455.0
138993.0
142650.0
139037.0
142607.0
139125.0
142705.0
139075.0
142538.0
139120.0
142517.0
139105.0
142592.0
139013.0
142613.0
139045.0
142616.0
139089.0
142509.0
139028.0
142594.0
139098.0
142561.0
139027.0
142495.0
139019.0
142543.0
139150.0
142558.0
139144.0
142598.0
139034.0
142503.0
139035.0
142536.0
139013.0
142653.0
138980.0
142668.0
139014.0
142477.0
139052.0
142432.0
139096.0
142552.0
139024.0
142465.0
139058.0
142556.0
139020.0
142607.0
139038.0
142562.0
139015.0
142659.0
139141.0
142612.0
139099.0
142590.0
139096.0
142555.0
139064.0
142584.0
139065.0
142608.0
139093.0
142565.0
139078.0
142615.0
139114.0
142616.0
139034.0
142502.0
139013.0
142749.0
139052.0
142650.0
138989.0
142624.0
139091.0
142612.0
139069.0
142482.0
139094.0
142575.0
139025.0
142558.0
138973.0
142638.0
139149.0
142544.0
139102.0
142585.0
139035.0
142544.0
139047.0
142547.0
139059.0
142697.0
139042.0
142521.0
139051.0
142593.0
139019.0
142567.0
139154.0
142686.0
139094.0
142637.0
139094.0
142590.0
139024.0
142669.0
139073.0
142598.0
138987.0
142574.0
138994.0
142417.0
139148.0
142602.0
139033.0
142647.0
138984.0
142578.0
139059.0
142676.0
139050.0
142650.0
139154.0
142538.0
139124.0
142708.0
139094.0
142628.0
139001.0
142573.0
139095.0
142685.0
139134.0
142517.0
139069.0
142727.0
139066.0
142625.0
139096.0
142683.0
139115.0
142522.0
139095.0
142609.0
139075.0
142508.0
139065.0
142522.0
139082.0
142560.0
138996.0
142473.0
139001.0
142644.0
139087.0
142586.0
139125.0
142610.0
139118.0
142605.0
139068.0
142490.0
139058.0
142561.0
139115.0
142607.0
139082.0
142657.0
139048.0
142624.0
139045.0
142540.0
139069.0
142487.0
138980.0
142493.0
139001.0
142581.0
139016.0
142517.0
139023.0
142467.0
139106.0
142445.0
139055.0
142500.0
139076.0
142649.0
139044.0
142629.0
139071.0
142619.0
139029.0
142651.0
139085.0
142681.0
139058.0
142699.0
139113.0
142680.0
139157.0
142730.0
139069.0
142547.0
139107.0
142525.0
139121.0
142467.0
138998.0
142614.0
139004.0
142579.0
139083.0
142603.0
139085.0
142546.0
139059.0
142629.0
139077.0
142534.0
139055.0
142498.0
139023.0
142656.0
139031.0
142505.0
139006.0
142587.0
138993.0
142436.0
139019.0
142483.0
138945.0
142522.0
139090.0
142593.0
139134.0
142617.0
139006.0
142494.0
138972.0
142483.0
139032.0
142575.0
139068.0
142241.0
138958.0
142364.0
138944.0
142243.0
138948.0
142504.0
139077.0
142437.0
138991.0
142585.0
139168.0
142535.0
139007.0
142405.0
139011.0
142433.0
139102.0
142457.0
139068.0
142574.0
139141.0
142493.0
139076.0
142550.0
139035.0
142573.0
138943.0
142507.0
139164.0
142544.0
139092.0
142622.0
139054.0
142540.0
139039.0
142622.0
139047.0
142469.0
138992.0
142472.0
138965.0
142656.0
139093.0
142486.0
139058.0
142631.0
139051.0
142601.0
138934.0
142483.0
138992.0
142696.0
139120.0
142543.0
139098.0
142525.0
139033.0
142423.0
139065.0
142518.0
139086.0
142561.0
139071.0
142634.0
139110.0
142482.0
139013.0
142556.0
139014.0
142495.0
139114.0
142656.0
139105.0
142705.0
139168.0
142640.0
139018.0
142607.0
139120.0
142476.0
139128.0
142632.0
139019.0
142521.0
138967.0
142584.0
139073.0
142619.0
139029.0
142650.0
139030.0
142651.0
139079.0
142524.0
139013.0
142646.0
139046.0
142311.0
139012.0
142556.0
139098.0
142552.0
139055.0
142490.0
139091.0
142561.0
139163.0
142546.0
139142.0
142704.0
139090.0
142781.0
139148.0
142673.0
139150.0
142672.0
139044.0
142736.0
139113.0
142779.0
139088.0
142634.0
139118.0
142636.0
139148.0
142513.0
139045.0
142506.0
139131.0
142579.0
139116.0
142563.0
139214.0
142656.0
139121.0
142753.0
139110.0
142779.0
139081.0
142674.0
139103.0
142703.0
139222.0
142717.0
139091.0
142718.0
139069.0
142534.0
139089.0
142687.0
139006.0
142468.0
139045.0
142567.0
139102.0
142695.0
139131.0
142615.0
139089.0
142713.0
139037.0
142731.0
138971.0
142463.0
139071.0
142563.0
138990.0
142551.0
139038.0
142595.0
138977.0
142530.0
139134.0
142681.0
139099.0
142673.0
138991.0
142539.0
139084.0
142610.0
138982.0
142484.0
138951.0
142402.0
139007.0
142488.0
139001.0
142656.0
139153.0
142637.0
139000.0
142633.0
139130.0
142736.0
139261.0
142678.0
139045.0
142620.0
139096.0
142537.0
139121.0
142539.0
139119.0
142594.0
139042.0
142449.0
139049.0
142518.0
138981.0
142538.0
139044.0
142571.0
139017.0
142510.0
139066.0
142547.0
139087.0
142488.0
139023.0
142521.0
139044.0
142501.0
138992.0
142497.0
139045.0
142618.0
139112.0
142546.0
139019.0
142472.0
138986.0
142400.0
139006.0
142528.0
138963.0
142499.0
139027.0
142360.0
139000.0
142644.0
139102.0
142535.0
139092.0
142557.0
139087.0
142435.0
139054.0
142586.0
138977.0
142549.0
139010.0
142571.0
139031.0
142476.0
138933.0
142475.0
139025.0
142548.0
139165.0
142566.0
138979.0
142508.0
138887.0
142555.0
138940.0
142563.0
139034.0
142667.0
139148.0
142732.0
139064.0
142614.0
139085.0
142525.0
139038.0
142631.0
139068.0
142764.0
139001.0
142642.0
139047.0
142748.0
139075.0
142559.0
139144.0
142786.0
139036.0
142629.0
139036.0
142513.0
139036.0
142695.0
139084.0
142615.0
139018.0
142554.0
139062.0
142577.0
139097.0
142605.0
139084.0
142522.0
139127.0
142554.0
139099.0
142712.0
139087.0
142710.0
139151.0
142630.0
139169.0
142631.0
139144.0
142668.0
138999.0
142578.0
139035.0
142446.0
139085.0
142559.0
139062.0
142798.0
139010.0
142551.0
139043.0
142523.0
138945.0
142482.0
138969.0
142531.0
138928.0
142458.0
138945.0
142413.0
139036.0
142532.0
138993.0
142446.0
138975.0
142483.0
138994.0
142404.0
138928.0
142406.0
138994.0
142531.0
138985.0
142527.0
139041.0
142605.0
138970.0
142643.0
139108.0
142499.0
139103.0
142643.0
139106.0
142626.0
139066.0
142637.0
139102.0
142433.0
139056.0
142596.0
139109.0
142660.0
139051.0
142625.0
139141.0
142610.0
139069.0
142602.0
139037.0
142607.0
139083.0
142618.0
139022.0
142501.0
138961.0
142537.0
139056.0
142579.0
139078.0
142611.0
139080.0
142655.0
139056.0
142628.0
139091.0
142426.0
139057.0
142438.0
139050.0
142628.0
139039.0
142537.0
