110107.0
113399.0
110241.0
113435.0
110183.0
113488.0
110351.0
113425.0
110285.0
113583.0
110306.0
113490.0
110308.0
113565.0
110314.0
113538.0
110322.0
113533.0
110396.0
113586.0
110339.0
113585.0
110422.0
113535.0
110391.0
113594.0
110477.0
113642.0
110423.0
113629.0
110416.0
113616.0
110390.0
113578.0
110443.0
113577.0
110470.0
113574.0
110391.0
113716.0
110391.0
113663.0
110458.0
113644.0
110399.0
113554.0
110284.0
113636.0
110424.0
113611.0
110453.0
113655.0
110350.0
113624.0
110440.0
113696.0
110418.0
113621.0
110533.0
113660.0
110558.0
113664.0
110450.0
113665.0
110431.0
113541.0
110465.0
113608.0
110423.0
113644.0
110428.0
113589.0
110377.0
113727.0
110469.0
113594.0
110541.0
113655.0
110474.0
113694.0
110525.0
113565.0
110392.0
113667.0
110500.0
113617.0
110438.0
113680.0
110465.0
113597.0
110487.0
113608.0
110474.0
113599.0
110460.0
113531.0
110369.0
113565.0
110346.0
113574.0
110428.0
113550.0
110438.0
113642.0
110437.0
113527.0
110432.0
113691.0
110407.0
113615.0
110378.0
113511.0
110431.0
113603.0
110472.0
113609.0
110370.0
113631.0
110462.0
113667.0
110501.0
113539.0
110455.0
113651.0
110502.0
113602.0
110413.0
113565.0
110476.0
113650.0
110473.0
113614.0
110491.0
113693.0
110458.0
113635.0
110417.0
113526.0
110481.0
113647.0
110475.0
113735.0
110489.0
113731.0
110579.0
113607.0
110538.0
113696.0
110497.0
113680.0
110493.0
113634.0
110419.0
113603.0
110476.0
113567.0
110474.0
113562.0
110411.0
113627.0
110394.0
113685.0
110435.0
113690.0
110456.0
113698.0
110519.0
113598.0
110429.0
113639.0
110448.0
113659.0
110458.0
113751.0
110504.0
113697.0
110481.0
113623.0
110527.0
113655.0
110527.0
113671.0
110538.0
113650.0
110489.0
113766.0
110491.0
113784.0
110577.0
113682.0
110521.0
113643.0
110529.0
113743.0
110507.0
113692.0
110545.0
113675.0
110518.0
113654.0
110573.0
113742.0
110645.0
113749.0
110574.0
113661.0
110537.0
113680.0
110622.0
113722.0
110517.0
113659.0
110583.0
113649.0
110518.0
113824.0
110555.0
113749.0
110500.0
113666.0
110530.0
113732.0
110517.0
113753.0
110541.0
113652.0
110511.0
113728.0
110595.0
113719.0
110516.0
113746.0
110512.0
113755.0
110486.0
113682.0
110429.0
113731.0
110426.0
113679.0
110515.0
113655.0
110474.0
113655.0
110495.0
113689.0
110469.0
113819.0
110545.0
113746.0
110478.0
113708.0
110565.0
113681.0
110444.0
113765.0
110507.0
113674.0
110495.0
113671.0
110506.0
113626.0
110480.0
113670.0
110430.0
113703.0
110481.0
113667.0
110523.0
113689.0
110480.0
113717.0
110525.0
113662.0
110572.0
113710.0
110412.0
113700.0
110469.0
113611.0
110612.0
113776.0
110611.0
113698.0
110572.0
113738.0
110488.0
113758.0
110629.0
113596.0
110450.0
113608.0
110484.0
113675.0
110484.0
113715.0
110564.0
113668.0
110549.0
113642.0
110552.0
113630.0
110483.0
113610.0
110507.0
113630.0
110416.0
113690.0
110437.0
113658.0
110420.0
113639.0
110452.0
113638.0
110527.0
113677.0
110617.0
113757.0
110510.0
113732.0
110581.0
113765.0
110523.0
113812.0
110567.0
113677.0
110595.0
113779.0
110597.0
113729.0
110540.0
113754.0
110586.0
113845.0
110653.0
113749.0
110559.0
113693.0
110569.0
113773.0
110638.0
113855.0
110619.0
113783.0
110606.0
113775.0
110544.0
113726.0
110541.0
113705.0
110597.0
113763.0
110544.0
113667.0
110531.0
113703.0
110592.0
113779.0
110521.0
113739.0
110532.0
113766.0
110477.0
113706.0
110479.0
113760.0
110648.0
113707.0
110541.0
113670.0
110564.0
113670.0
110560.0
113725.0
110591.0
113694.0
110600.0
113744.0
110627.0
113708.0
110609.0
113678.0
110600.0
113734.0
110517.0
113665.0
110507.0
113651.0
110479.0
113636.0
110439.0
113637.0
110468.0
113643.0
110489.0
113616.0
110489.0
113582.0
110446.0
113715.0
110466.0
113700.0
110583.0
113662.0
110505.0
113731.0
110498.0
113840.0
110496.0
113752.0
110601.0
113705.0
110453.0
113712.0
110488.0
113721.0
110552.0
113631.0
110520.0
113734.0
110532.0
113638.0
110440.0
113686.0
110594.0
113693.0
110564.0
113588.0
110521.0
113691.0
110483.0
113709.0
110454.0
113639.0
110486.0
113744.0
110509.0
113633.0
110492.0
113750.0
110525.0
113745.0
110561.0
113717.0
110529.0
113705.0
110578.0
113668.0
110472.0
113771.0
110514.0
113803.0
110558.0
113848.0
110546.0
113711.0
110571.0
113636.0
110571.0
113715.0
110563.0
113750.0
110551.0
113663.0
110521.0
113683.0
110574.0
113722.0
110472.0
113757.0
110543.0
113724.0
110527.0
113799.0
110558.0
113798.0
110653.0
113736.0
110523.0
113843.0
110664.0
113761.0
110503.0
113684.0
110486.0
113715.0
110565.0
113697.0
110565.0
113838.0
110582.0
113798.0
110614.0
113688.0
110610.0
113622.0
110495.0
113723.0
110470.0
113617.0
110568.0
113807.0
110514.0
113766.0
110549.0
113729.0
110580.0
113741.0
110564.0
113652.0
110565.0
113738.0
110605.0
113814.0
110589.0
113749.0
110577.0
113846.0
110631.0
113812.0
110515.0
113771.0
110553.0
113789.0
110547.0
113767.0
110556.0
113761.0
110662.0
113785.0
110515.0
113694.0
110613.0
113759.0
110661.0
113744.0
110491.0
113726.0
110610.0
113752.0
110577.0
113841.0
110568.0
113660.0
110647.0
113711.0
110558.0
113789.0
110570.0
113762.0
110531.0
113677.0
110478.0
113714.0
110565.0
113724.0
110617.0
113732.0
110532.0
113747.0
110544.0
113730.0
110595.0
113698.0
110576.0
113766.0
110585.0
113751.0
110489.0
113748.0
110529.0
113806.0
110439.0
113720.0
110595.0
113761.0
110601.0
113685.0
110499.0
113745.0
110482.0
113710.0
110552.0
113721.0
110575.0
113727.0
110592.0
113717.0
110614.0
113753.0
110582.0
113729.0
110603.0
113788.0
110584.0
113693.0
110457.0
113751.0
110562.0
113715.0
110592.0
113696.0
110538.0
113728.0
110582.0
113789.0
110481.0
113732.0
110496.0
113700.0
110495.0
113639.0
110464.0
113638.0
110415.0
113751.0
110523.0
113639.0
110486.0
113779.0
110533.0
113721.0
110573.0
113732.0
110534.0
113736.0
110556.0
113829.0
110668.0
113726.0
110589.0
113767.0
110539.0
113723.0
110467.0
113716.0
110623.0
113720.0
110489.0
113745.0
110648.0
113720.0
110581.0
113780.0
110622.0
113743.0
110602.0
113734.0
110641.0
113761.0
110725.0
113784.0
110675.0
113757.0
110659.0
113742.0
110698.0
113818.0
110751.0
113920.0
110666.0
113723.0
110633.0
113793.0
110612.0
113910.0
110672.0
113899.0
110671.0
113733.0
110753.0
113791.0
110721.0
113755.0
110692.0
113881.0
110648.0
113834.0
110703.0
113798.0
110714.0
113742.0
110678.0
113811.0
110756.0
113718.0
110685.0
113726.0
110694.0
113800.0
110594.0
113856.0
110644.0
113824.0
110571.0
113841.0
110636.0
113883.0
110584.0
113777.0
110683.0
113795.0
110665.0
113895.0
110612.0
113731.0
110672.0
113827.0
110677.0
113747.0
110649.0
113817.0
110540.0
113802.0
110622.0
113835.0
110578.0
113849.0
110667.0
113776.0
110628.0
113820.0
110652.0
113782.0
110632.0
113804.0
110706.0
113777.0
110592.0
113815.0
110679.0
113739.0
110690.0
113802.0
110624.0
113777.0
110540.0
113718.0
110609.0
113711.0
110551.0
113808.0
110539.0
113863.0
110559.0
113743.0
110599.0
113784.0
110593.0
113722.0
110553.0
113784.0
110571.0
113700.0
110673.0
113653.0
110480.0
113821.0
110525.0
113745.0
110553.0
113769.0
110566.0
113663.0
110545.0
113784.0
110472.0
113793.0
110585.0
113669.0
110497.0
113752.0
110515.0
113815.0
110578.0
113835.0
110616.0
113726.0
110570.0
113792.0
110592.0
113741.0
110595.0
113719.0
110537.0
113836.0
110591.0
113803.0
110573.0
113797.0
110662.0
113711.0
110631.0
113746.0
110620.0
113735.0
110563.0
113722.0
110614.0
113795.0
110625.0
113818.0
110619.0
113724.0
110647.0
113784.0
110662.0
113707.0
110580.0
113692.0
110587.0
113799.0
110579.0
113805.0
110587.0
113814.0
110612.0
113800.0
110581.0
113771.0
110577.0
113737.0
110616.0
113750.0
110554.0
113745.0
110597.0
113775.0
110597.0
113641.0
110499.0
113862.0
110577.0
113846.0
110628.0
113660.0
110520.0
113655.0
110591.0
113806.0
110576.0
113688.0
110573.0
113788.0
110561.0
113745.0
110613.0
113734.0
110648.0
113742.0
110618.0
113714.0
110578.0
113815.0
110662.0
113718.0
110594.0
113736.0
110620.0
113844.0
110665.0
113710.0
110552.0
113759.0
110600.0
113841.0
110611.0
113751.0
110619.0
113774.0
110553.0
113805.0
110521.0
113791.0
110663.0
113812.0
110602.0
113701.0
110649.0
113682.0
110549.0
113785.0
110613.0
113747.0
110697.0
113756.0
110538.0
113767.0
110597.0
113655.0
110576.0
113736.0
110598.0
113818.0
110627.0
113755.0
110645.0
113688.0
110547.0
113790.0
110592.0
113834.0
110628.0
113779.0
110578.0
113736.0
110612.0
113838.0
110606.0
113837.0
110681.0
113860.0
110634.0
113880.0
110707.0
113823.0
110717.0
113765.0
110617.0
113793.0
110668.0
113717.0
110611.0
113815.0
110686.0
113840.0
110675.0
113723.0
110629.0
113736.0
110583.0
113751.0
110597.0
113669.0
110640.0
113797.0
110570.0
113720.0
110494.0
113764.0
110573.0
113769.0
110573.0
113726.0
110524.0
113756.0
110601.0
113702.0
110604.0
113735.0
110581.0
113695.0
110554.0
113781.0
110581.0
113738.0
110630.0
113761.0
110486.0
113760.0
110524.0
113710.0
110501.0
113822.0
110561.0
113752.0
110610.0
113817.0
110536.0
113817.0
110601.0
113700.0
110582.0
113704.0
110523.0
113807.0
110554.0
113844.0
110505.0
113752.0
110518.0
113810.0
110527.0
113746.0
110679.0
113715.0
110598.0
113792.0
110608.0
113835.0
110602.0
113695.0
110568.0
113759.0
110496.0
113722.0
110559.0
113751.0
110545.0
113761.0
110581.0
113715.0
110644.0
113648.0
110520.0
113815.0
110511.0
113819.0
110551.0
113877.0
110625.0
113884.0
110509.0
113739.0
110524.0
113764.0
110490.0
113733.0
110580.0
113699.0
110584.0
113764.0
110561.0
113815.0
110540.0
113727.0
110651.0
113685.0
110551.0
113728.0
110517.0
113809.0
110530.0
113723.0
110542.0
113715.0
110572.0
113731.0
110601.0
113714.0
110523.0
113770.0
110571.0
113761.0
110589.0
113733.0
110564.0
113799.0
110615.0
113760.0
110574.0
113828.0
110689.0
113747.0
110652.0
113775.0
110587.0
113701.0
110640.0
113796.0
110634.0
113871.0
110555.0
113786.0
110549.0
113770.0
110580.0
113708.0
110584.0
113855.0
110515.0
113766.0
110575.0
113836.0
110629.0
113758.0
110601.0
113853.0
110598.0
113784.0
110599.0
113748.0
110623.0
113835.0
110662.0
113790.0
110623.0
113905.0
110660.0
113795.0
110602.0
113746.0
110653.0
113869.0
110640.0
113804.0
110648.0
113846.0
110588.0
113732.0
110629.0
113746.0
110614.0
113742.0
110579.0
113769.0
110644.0
113728.0
110603.0
113827.0
110591.0
113749.0
110628.0
113848.0
110575.0
113826.0
110600.0
113814.0
110619.0
113836.0
110614.0
113802.0
110671.0
113721.0
110650.0
113795.0
110616.0
113862.0
110582.0
113871.0
110576.0
113798.0
110565.0
113846.0
110571.0
113804.0
110605.0
113849.0
110680.0
113696.0
110531.0
113811.0
110612.0
113869.0
110610.0
113749.0
110579.0
113680.0
110602.0
113799.0
110651.0
113765.0
110588.0
113753.0
110504.0
113764.0
110642.0
113781.0
110556.0
113718.0
110586.0
113750.0
110543.0
113762.0
110569.0
113729.0
110603.0
113708.0
110589.0
113778.0
110572.0
113797.0
110619.0
113753.0
110621.0
113653.0
110647.0
113767.0
110512.0
113730.0
110636.0
113695.0
110609.0
113743.0
110584.0
113709.0
110599.0
113754.0
110591.0
113636.0
110573.0
113809.0
110646.0
113690.0
110584.0
113797.0
110490.0
113661.0
110645.0
113777.0
110608.0
113743.0
110575.0
113771.0
110576.0
113835.0
110533.0
113776.0
110602.0
113808.0
110571.0
113719.0
110584.0
113787.0
110639.0
113789.0
110661.0
113806.0
110619.0
113777.0
110551.0
113655.0
110537.0
113752.0
110561.0
113864.0
110575.0
113718.0
110589.0
113666.0
110537.0
113743.0
110495.0
113830.0
110511.0
113818.0
110549.0
113766.0
110563.0
113717.0
110582.0
113664.0
110585.0
113802.0
110592.0
113728.0
110582.0
113736.0
110604.0
113809.0
110649.0
113748.0
110666.0
113697.0
110599.0
113911.0
110624.0
113831.0
110603.0
113777.0
110641.0
113788.0
110620.0
113750.0
110621.0
113719.0
110553.0
113791.0
110641.0
113759.0
110658.0
113909.0
110666.0
113737.0
110678.0
113792.0
110585.0
113766.0
110598.0
113708.0
110527.0
113676.0
110543.0
113726.0
110601.0
113710.0
110660.0
113746.0
110639.0
113715.0
110570.0
113831.0
110700.0
113782.0
110525.0
113791.0
110594.0
113751.0
110607.0
113726.0
110621.0
113789.0
110584.0
113695.0
110656.0
113731.0
110695.0
113918.0
110566.0
113877.0
110700.0
113683.0
110678.0
113831.0
110585.0
113797.0
110600.0
113817.0
110552.0
113682.0
110567.0
113838.0
110575.0
113866.0
110671.0
113813.0
110655.0
113754.0
110686.0
113794.0
110683.0
113838.0
110719.0
113767.0
110565.0
113750.0
110621.0
113743.0
110604.0
113743.0
110602.0
113802.0
110639.0
113778.0
110619.0
113676.0
110580.0
113696.0
110559.0
113753.0
110562.0
113869.0
110558.0
113814.0
110524.0
113750.0
110583.0
113762.0
110599.0
113696.0
110573.0
113747.0
110603.0
113775.0
110523.0
113852.0
110625.0
113860.0
110634.0
113877.0
110679.0
113750.0
110603.0
113835.0
110697.0
113766.0
110586.0
113732.0
110645.0
113795.0
110576.0
113857.0
110629.0
113812.0
110621.0
113717.0
110540.0
113748.0
110591.0
113866.0
110655.0
113861.0
110601.0
113875.0
110724.0
113850.0
110659.0
113794.0
110630.0
113815.0
110624.0
113808.0
110632.0
113845.0
110709.0
113873.0
110661.0
113845.0
110679.0
113796.0
110626.0
113811.0
110580.0
113774.0
110580.0
113723.0
110647.0
113779.0
110593.0
113799.0
110507.0
113797.0
110591.0
113773.0
110574.0
113723.0
110571.0
113770.0
110555.0
113801.0
110505.0
113785.0
110601.0
113801.0
110709.0
113814.0
110669.0
113742.0
110686.0
113844.0
110668.0
113808.0
110681.0
113760.0
110645.0
113783.0
110635.0
113905.0
110650.0
113782.0
110657.0
113742.0
110597.0
113835.0
110656.0
113781.0
110662.0
113711.0
110690.0
113846.0
110586.0
113875.0
110616.0
113756.0
110616.0
113748.0
110573.0
113850.0
110615.0
113878.0
110633.0
113792.0
110697.0
113758.0
110656.0
113769.0
110631.0
113827.0
110632.0
113861.0
110608.0
113776.0
110633.0
113729.0
110640.0
113819.0
110657.0
113766.0
110650.0
113808.0
110695.0
113816.0
110597.0
113774.0
110688.0
113786.0
110645.0
113737.0
110554.0
113801.0
110609.0
113705.0
110576.0
113730.0
110600.0
113793.0
110585.0
113795.0
110667.0
113809.0
110705.0
113839.0
110668.0
113778.0
110623.0
113742.0
110665.0
113769.0
110606.0
113831.0
110630.0
113936.0
110602.0
113792.0
110675.0
113744.0
110608.0
113874.0
110628.0
113777.0
110614.0
113751.0
110594.0
113821.0
110579.0
113780.0
110605.0
113890.0
110600.0
113876.0
110637.0
113846.0
110677.0
113867.0
110701.0
113828.0
110644.0
113927.0
110663.0
113819.0
110689.0
113865.0
110656.0
113829.0
110692.0
113838.0
110664.0
113779.0
110634.0
113848.0
110675.0
113857.0
110651.0
113823.0
110692.0
113871.0
110616.0
113830.0
110661.0
113828.0
110684.0
113809.0
110670.0
113806.0
110542.0
113883.0
110597.0
113786.0
110672.0
113817.0
110602.0
113839.0
110529.0
113819.0
110658.0
113829.0
110635.0
113849.0
110643.0
113787.0
110627.0
113808.0
110571.0
113750.0
110593.0
113767.0
110632.0
113735.0
110586.0
113746.0
110584.0
113814.0
110639.0
113795.0
110637.0
113830.0
110622.0
113833.0
110617.0
113799.0
110585.0
113809.0
110592.0
113747.0
110645.0
113723.0
110628.0
113805.0
110576.0
113804.0
110659.0
113820.0
110710.0
113787.0
110670.0
113724.0
110680.0
113748.0
110676.0
113832.0
110642.0
113795.0
110729.0
113789.0
110699.0
113819.0
110632.0
113793.0
110685.0
113847.0
110705.0
113744.0
110700.0
113871.0
110740.0
113735.0
110663.0
113891.0
110615.0
113863.0
110697.0
113794.0
110695.0
113832.0
110738.0
113735.0
110649.0
113788.0
110702.0
113853.0
110680.0
113811.0
110732.0
113831.0
110692.0
113849.0
110661.0
113910.0
110675.0
113821.0
110654.0
113879.0
110799.0
113867.0
110662.0
113880.0
110699.0
113828.0
110699.0
113750.0
110682.0
113823.0
110726.0
113804.0
110679.0
113797.0
110692.0
113842.0
110699.0
113772.0
110652.0
113804.0
110615.0
113871.0
110640.0
113779.0
110608.0
113799.0
110691.0
113770.0
110655.0
113838.0
110793.0
113826.0
110671.0
113765.0
110662.0
113792.0
110721.0
113724.0
110718.0
113987.0
110710.0
113954.0
110678.0
113852.0
110685.0
113823.0
110694.0
113927.0
110693.0
113903.0
110728.0
113937.0
110793.0
113942.0
110742.0
113818.0
110726.0
113766.0
110762.0
113873.0
110690.0
113907.0
110642.0
113916.0
110701.0
113868.0
110738.0
113835.0
110710.0
113793.0
110700.0
113909.0
110758.0
113825.0
110678.0
113860.0
110681.0
113825.0
110714.0
113962.0
110708.0
113834.0
110689.0
113867.0
110627.0
113794.0
110668.0
113780.0
110697.0
113835.0
110642.0
113756.0
110632.0
113914.0
110746.0
113843.0
110701.0
113924.0
110734.0
113894.0
110683.0
113800.0
110709.0
113883.0
110690.0
113844.0
110697.0
113830.0
110787.0
113997.0
110729.0
113810.0
110712.0
113925.0
110742.0
113899.0
110663.0
113868.0
110776.0
113964.0
110772.0
113963.0
110718.0
113897.0
110686.0
113928.0
110664.0
113913.0
110745.0
113968.0
110772.0
113869.0
110675.0
113820.0
110755.0
113845.0
110717.0
113818.0
110671.0
113890.0
110704.0
113888.0
110648.0
113830.0
110639.0
113844.0
110713.0
113892.0
110726.0
113884.0
110670.0
113905.0
110703.0
113886.0
110784.0
113893.0
110670.0
113867.0
110689.0
113791.0
110661.0
113893.0
110725.0
113893.0
110661.0
113780.0
110609.0
113886.0
110773.0
113857.0
110673.0
113834.0
110671.0
113853.0
110740.0
113877.0
110736.0
113857.0
110731.0
113857.0
110736.0
113880.0
110712.0
113833.0
110671.0
113940.0
110646.0
113896.0
110643.0
113971.0
110786.0
113837.0
110704.0
113811.0
110737.0
113825.0
110769.0
113779.0
110641.0
113818.0
110725.0
113828.0
110715.0
113765.0
110623.0
113773.0
110564.0
113779.0
110732.0
113856.0
110727.0
113824.0
110630.0
113817.0
110645.0
113870.0
110708.0
113895.0
110755.0
113838.0
110669.0
113799.0
110605.0
113827.0
110670.0
113789.0
110622.0
113827.0
110630.0
113705.0
110626.0
113783.0
110585.0
113737.0
110552.0
113746.0
110610.0
113727.0
110609.0
113792.0
110698.0
113842.0
110794.0
113816.0
110585.0
113790.0
110611.0
113826.0
110604.0
113795.0
110709.0
113873.0
110610.0
113822.0
110645.0
113775.0
110706.0
113864.0
110652.0
113790.0
110633.0
113798.0
110672.0
113741.0
110628.0
113760.0
110651.0
113833.0
110693.0
113808.0
110538.0
113802.0
110605.0
113870.0
110617.0
113807.0
110694.0
113813.0
110628.0
113732.0
110672.0
113807.0
110561.0
113927.0
110619.0
113829.0
110595.0
113758.0
110574.0
113730.0
110650.0
113751.0
110600.0
113703.0
110670.0
113764.0
110577.0
113718.0
110588.0
113854.0
110642.0
113822.0
110660.0
113866.0
110655.0
113872.0
110602.0
113842.0
110603.0
113774.0
110651.0
113789.0
110661.0
113824.0
110578.0
113775.0
110666.0
113848.0
110700.0
113832.0
110704.0
113833.0
110584.0
113740.0
110557.0
113796.0
110632.0
113806.0
110595.0
113775.0
110546.0
113800.0
110584.0
113756.0
110596.0
113739.0
110543.0
113709.0
110627.0
113757.0
110590.0
113789.0
110537.0
113753.0
110584.0
113782.0
110628.0
113717.0
110563.0
113813.0
110590.0
113818.0
110661.0
113802.0
110562.0
113828.0
110580.0
113766.0
110601.0
113825.0
110599.0
113807.0
110693.0
113753.0
110639.0
113735.0
110526.0
113794.0
110607.0
113742.0
110592.0
113698.0
110624.0
113834.0
110610.0
113759.0
110590.0
113735.0
110571.0
113859.0
110631.0
113851.0
110617.0
113763.0
110632.0
113831.0
110588.0
113777.0
110600.0
113744.0
110578.0
113824.0
110618.0
113698.0
110608.0
113789.0
110549.0
113759.0
110498.0
113769.0
110643.0
113813.0
110584.0
113730.0
110615.0
113808.0
110598.0
113737.0
110641.0
113881.0
110588.0
113838.0
110635.0
113773.0
110596.0
113682.0
110583.0
113724.0
110557.0
113761.0
110607.0
113835.0
110646.0
113769.0
110680.0
113832.0
110596.0
113764.0
110592.0
113797.0
110654.0
113849.0
110659.0
113929.0
110636.0
113819.0
110589.0
113881.0
110658.0
113839.0
110732.0
113801.0
110704.0
113820.0
110630.0
113799.0
110664.0
113788.0
110719.0
113790.0
110679.0
113933.0
110657.0
113839.0
110633.0
113974.0
110619.0
113900.0
110594.0
113785.0
110623.0
113741.0
110669.0
113725.0
110735.0
113824.0
110727.0
113855.0
110722.0
113901.0
110656.0
113826.0
110506.0
113871.0
110666.0
113816.0
110721.0
113836.0
110690.0
113906.0
110614.0
113879.0
110667.0
113870.0
110697.0
113734.0
110721.0
113795.0
110613.0
113893.0
110635.0
113786.0
110699.0
113889.0
110744.0
113761.0
110660.0
113921.0
110670.0
113899.0
110750.0
113881.0
110767.0
113974.0
110766.0
113835.0
110695.0
113906.0
110608.0
113848.0
110696.0
113909.0
110662.0
113943.0
110712.0
113909.0
110760.0
113859.0
110724.0
113827.0
110655.0
113903.0
110758.0
113809.0
110654.0
113845.0
110692.0
113763.0
110715.0
113825.0
110738.0
113861.0
110831.0
113945.0
110684.0
113897.0
110783.0
113936.0
110765.0
114002.0
110772.0
113906.0
110684.0
113848.0
110692.0
113861.0
110772.0
113871.0
110733.0
113851.0
110622.0
113867.0
110647.0
113877.0
110660.0
113833.0
110662.0
113825.0
110723.0
113872.0
110624.0
113856.0
110676.0
113897.0
110707.0
113815.0
110708.0
113896.0
110622.0
113878.0
110665.0
113778.0
110731.0
113876.0
110674.0
113920.0
110752.0
113863.0
110741.0
113863.0
110706.0
113794.0
110756.0
113829.0
110693.0
113926.0
110740.0
113901.0
110822.0
113882.0
110768.0
113951.0
110812.0
113978.0
110696.0
113910.0
110671.0
113945.0
110757.0
113867.0
110715.0
113822.0
110690.0
113854.0
110748.0
113880.0
110669.0
113827.0
110712.0
113881.0
110666.0
113868.0
110717.0
113902.0
110690.0
113934.0
110673.0
113915.0
110754.0
113907.0
110765.0
113868.0
110670.0
113876.0
110709.0
113922.0
110736.0
113896.0
110698.0
113864.0
110809.0
113850.0
110727.0
113878.0
110706.0
113916.0
110704.0
113895.0
110878.0
113884.0
110759.0
113924.0
110733.0
113960.0
110777.0
113809.0
110711.0
113826.0
110673.0
113900.0
110735.0
113891.0
110741.0
113788.0
110664.0
113876.0
110645.0
113866.0
110622.0
113912.0
110678.0
113788.0
110665.0
113794.0
110585.0
113845.0
110647.0
113857.0
110657.0
113760.0
110659.0
113778.0
110715.0
113867.0
110688.0
113746.0
110601.0
113825.0
110698.0
113857.0
110625.0
113808.0
110627.0
113863.0
110668.0
113916.0
110762.0
113867.0
110695.0
113882.0
110761.0
113926.0
110719.0
113904.0
110737.0
113961.0
110734.0
113926.0
110660.0
113858.0
110708.0
113746.0
110661.0
113811.0
110603.0
113843.0
110610.0
113828.0
110628.0
113846.0
110590.0
113822.0
110621.0
113854.0
110636.0
113783.0
110641.0
113780.0
110589.0
113870.0
110672.0
113866.0
110743.0
113786.0
110758.0
113904.0
110729.0
113837.0
110743.0
113897.0
110718.0
113959.0
110673.0
113839.0
110694.0
113861.0
110689.0
113874.0
110708.0
113838.0
110857.0
113837.0
110733.0
113832.0
110748.0
113885.0
110707.0
113887.0
110727.0
113848.0
110752.0
113911.0
110604.0
113858.0
110765.0
113836.0
110698.0
113831.0
110681.0
113884.0
110732.0
113853.0
110644.0
113845.0
110686.0
113903.0
110908.0
113880.0
110713.0
113952.0
110718.0
113914.0
110796.0
113943.0
110764.0
113984.0
110778.0
113893.0
110708.0
113951.0
110768.0
113934.0
110798.0
113889.0
110743.0
113858.0
110743.0
113808.0
110730.0
113944.0
110661.0
113975.0
110754.0
113917.0
110642.0
113880.0
110705.0
113844.0
110712.0
113811.0
110812.0
113946.0
110727.0
113827.0
110619.0
113974.0
110710.0
113921.0
110628.0
113814.0
110646.0
113880.0
110635.0
113974.0
110638.0
113840.0
110706.0
113918.0
110714.0
113876.0
110736.0
113940.0
110758.0
113993.0
110724.0
114021.0
110833.0
113883.0
110789.0
113838.0
110741.0
113968.0
110725.0
113981.0
110718.0
113884.0
110762.0
113881.0
110709.0
113910.0
110702.0
113932.0
110702.0
113899.0
110778.0
113869.0
110805.0
113868.0
110698.0
113818.0
110778.0
113916.0
110708.0
113891.0
110809.0
113961.0
110812.0
113858.0
110682.0
113815.0
110656.0
113841.0
110692.0
113764.0
110582.0
113928.0
110676.0
113842.0
110682.0
113853.0
110699.0
113806.0
110683.0
113837.0
110687.0
113978.0
110759.0
113888.0
110678.0
113866.0
110718.0
113943.0
110734.0
113916.0
110686.0
113934.0
110624.0
113870.0
110672.0
113923.0
110659.0
113851.0
110797.0
113918.0
110712.0
113869.0
110661.0
113915.0
110660.0
113866.0
110741.0
113826.0
110758.0
113872.0
110710.0
113866.0
110730.0
113924.0
110706.0
113940.0
110727.0
113837.0
110739.0
113955.0
110699.0
113907.0
110735.0
113851.0
110645.0
113868.0
110755.0
113878.0
110809.0
113852.0
110715.0
113831.0
110660.0
113795.0
110762.0
113880.0
110666.0
113939.0
110736.0
113879.0
110729.0
113906.0
110755.0
113933.0
110697.0
113953.0
110708.0
113944.0
110694.0
113895.0
110831.0
113806.0
110737.0
113851.0
110822.0
113911.0
110717.0
113935.0
110679.0
113930.0
110725.0
113845.0
110728.0
113904.0
110712.0
114017.0
110743.0
113880.0
110770.0
113872.0
110757.0
113906.0
110837.0
113825.0
110694.0
113828.0
110586.0
113906.0
110740.0
113838.0
110737.0
113933.0
110764.0
114007.0
110730.0
113888.0
110744.0
113988.0
110748.0
113971.0
110752.0
113897.0
110724.0
113830.0
110644.0
113798.0
110725.0
113893.0
110677.0
113862.0
110679.0
113892.0
110691.0
113843.0
110666.0
113824.0
110686.0
113826.0
110652.0
113878.0
110742.0
113894.0
110740.0
113826.0
110679.0
113897.0
110721.0
113808.0
110687.0
113893.0
110641.0
113869.0
110674.0
113887.0
110642.0
113843.0
110605.0
113788.0
110752.0
113801.0
110695.0
113810.0
110593.0
113786.0
110674.0
113828.0
110762.0
113916.0
110730.0
113798.0
110727.0
113786.0
110723.0
113873.0
110733.0
113809.0
110660.0
113862.0
110693.0
113913.0
110708.0
113850.0
110763.0
113916.0
110697.0
113979.0
110741.0
113848.0
110666.0
113901.0
110736.0
113912.0
110754.0
113878.0
110751.0
114008.0
110721.0
113987.0
110832.0
113969.0
110788.0
113933.0
110730.0
113884.0
110657.0
113887.0
110729.0
113836.0
110684.0
113893.0
110790.0
113898.0
110785.0
113966.0
110654.0
113885.0
110713.0
113893.0
110785.0
113953.0
110724.0
113922.0
110729.0
113929.0
110740.0
113957.0
110773.0
113914.0
110716.0
113884.0
110717.0
113873.0
110745.0
113889.0
110734.0
113927.0
110674.0
113820.0
110634.0
113901.0
110731.0
113892.0
110706.0
113805.0
110681.0
113914.0
110676.0
113914.0
110752.0
113853.0
110754.0
113864.0
110786.0
113932.0
110680.0
113839.0
110740.0
113808.0
110647.0
113829.0
110655.0
113881.0
110663.0
113827.0
110790.0
113865.0
110656.0
113872.0
110722.0
113876.0
110656.0
113811.0
110586.0
113825.0
110677.0
113791.0
110643.0
113871.0
110729.0
113780.0
110679.0
113858.0
110707.0
113882.0
110643.0
113812.0
110678.0
113921.0
110679.0
113859.0
110644.0
113955.0
110659.0
113833.0
110629.0
113917.0
110666.0
113938.0
110637.0
113895.0
110707.0
113814.0
110718.0
113927.0
110656.0
113876.0
110685.0
113870.0
110617.0
113824.0
110619.0
113830.0
110734.0
113820.0
110642.0
113746.0
110638.0
113797.0
110688.0
113850.0
110645.0
113876.0
110715.0
113838.0
110707.0
113889.0
110714.0
113882.0
110692.0
113843.0
110734.0
113800.0
110672.0
113803.0
110668.0
114008.0
110729.0
113936.0
110698.0
113830.0
110694.0
113924.0
110698.0
113823.0
110823.0
113767.0
110635.0
113912.0
110649.0
113988.0
110684.0
113876.0
110659.0
113837.0
110614.0
113868.0
110629.0
113852.0
110676.0
113914.0
110662.0
113893.0
110685.0
113871.0
110738.0
113812.0
110744.0
113883.0
110667.0
113927.0
110777.0
113868.0
110716.0
113900.0
110675.0
113845.0
110754.0
113838.0
110655.0
113746.0
110580.0
113791.0
110649.0
113843.0
110675.0
113859.0
110676.0
113885.0
110720.0
113852.0
110685.0
113908.0
110656.0
113843.0
110691.0
113811.0
110715.0
113843.0
110673.0
113902.0
110687.0
113763.0
110781.0
113817.0
110693.0
113906.0
110722.0
113937.0
110739.0
113880.0
110696.0
113881.0
110750.0
113890.0
110775.0
113895.0
110641.0
113859.0
110793.0
113811.0
110725.0
113917.0
110749.0
113864.0
110738.0
113871.0
110680.0
113913.0
110719.0
113916.0
110813.0
113807.0
110746.0
113894.0
110730.0
113880.0
110739.0
113969.0
110781.0
113797.0
110711.0
113907.0
110629.0
113786.0
110599.0
113849.0
110717.0
113830.0
110760.0
113959.0
110767.0
113904.0
110729.0
113840.0
110698.0
113816.0
110621.0
113916.0
110709.0
113856.0
110613.0
113977.0
110814.0
113954.0
110704.0
113936.0
110745.0
113863.0
110700.0
113929.0
110719.0
113828.0
110745.0
113865.0
110828.0
113856.0
110738.0
113885.0
110723.0
113862.0
110716.0
113863.0
110671.0
113929.0
110751.0
113887.0
110676.0
113851.0
110705.0
113776.0
110592.0
113800.0
110654.0
113891.0
110599.0
113839.0
110663.0
113846.0
110701.0
113891.0
110652.0
113924.0
110754.0
113912.0
110798.0
113940.0
110835.0
113962.0
110831.0
113967.0
110817.0
113926.0
110791.0
113865.0
110774.0
113990.0
110720.0
113866.0
110710.0
113839.0
110718.0
113878.0
110755.0
113982.0
110693.0
114021.0
110751.0
113886.0
110764.0
113932.0
110850.0
113924.0
110759.0
113887.0
110648.0
113895.0
110797.0
113755.0
110662.0
113886.0
110749.0
113926.0
110791.0
113902.0
110757.0
113924.0
110795.0
113893.0
110794.0
113911.0
110890.0
114002.0
110822.0
113929.0
110893.0
113933.0
110755.0
113929.0
110744.0
113942.0
110746.0
113884.0
110765.0
113898.0
110698.0
113935.0
110672.0
113811.0
110780.0
113916.0
110745.0
113909.0
110787.0
113949.0
110733.0
113952.0
110751.0
113899.0
110752.0
113950.0
110786.0
113907.0
110718.0
114011.0
110782.0
113948.0
110819.0
113896.0
110781.0
113922.0
110764.0
113958.0
110815.0
113952.0
110731.0
113914.0
110705.0
113905.0
110783.0
113880.0
110739.0
113948.0
110802.0
113882.0
110757.0
113831.0
110719.0
113977.0
110845.0
113915.0
110753.0
113888.0
110723.0
114009.0
110808.0
113946.0
110896.0
113818.0
110791.0
113960.0
110777.0
113898.0
110775.0
113888.0
110860.0
113892.0
110766.0
113856.0
110781.0
113976.0
110765.0
113889.0
110802.0
113969.0
110894.0
113867.0
110748.0
113926.0
110773.0
114027.0
110802.0
113982.0
110807.0
113863.0
110749.0
113960.0
110721.0
113941.0
110740.0
113902.0
110796.0
113760.0
110723.0
113927.0
110726.0
113905.0
110763.0
113898.0
110823.0
113901.0
110718.0
113957.0
110722.0
113954.0
110758.0
113924.0
110748.0
113921.0
110795.0
113905.0
110812.0
113920.0
110791.0
113905.0
110719.0
113779.0
110682.0
113871.0
110701.0
113976.0
110797.0
113889.0
110795.0
113906.0
110691.0
113949.0
110699.0
113856.0
110766.0
113966.0
110739.0
113898.0
110794.0
113853.0
110748.0
113883.0
110671.0
113892.0
110683.0
113845.0
110736.0
113864.0
110752.0
113825.0
110730.0
113828.0
110754.0
113868.0
110703.0
113855.0
110760.0
113885.0
110724.0
113901.0
110819.0
113912.0
110731.0
113965.0
110702.0
113934.0
110766.0
113893.0
110720.0
113942.0
110753.0
113978.0
110762.0
113863.0
110754.0
113928.0
110771.0
113940.0
110819.0
113865.0
110807.0
113899.0
110714.0
113928.0
110766.0
113953.0
110784.0
113939.0
110843.0
113960.0
110811.0
113914.0
110759.0
113939.0
110783.0
113948.0
110829.0
113851.0
110794.0
113956.0
110778.0
113833.0
110740.0
113886.0
110800.0
113947.0
110757.0
114003.0
110762.0
113992.0
110809.0
113947.0
110771.0
113916.0
110821.0
113980.0
110804.0
113966.0
110763.0
113888.0
110765.0
113929.0
110759.0
113865.0
110658.0
113844.0
110712.0
113779.0
110681.0
113913.0
110707.0
113892.0
110821.0
113938.0
110742.0
113975.0
110789.0
113970.0
110775.0
113992.0
110744.0
113964.0
110704.0
113901.0
110683.0
113849.0
110734.0
113907.0
110649.0
113879.0
110653.0
113875.0
110732.0
113822.0
110727.0
113949.0
110734.0
113854.0
110804.0
113857.0
110737.0
113916.0
110742.0
113832.0
110792.0
113950.0
110790.0
113871.0
110823.0
114001.0
110794.0
113888.0
110796.0
113952.0
110822.0
113909.0
110801.0
113935.0
110766.0
113920.0
110826.0
113870.0
110698.0
113888.0
110721.0
113876.0
110801.0
113815.0
110786.0
113823.0
110717.0
113965.0
110705.0
113946.0
110728.0
113981.0
110682.0
113940.0
110682.0
113897.0
110762.0
113931.0
110766.0
113932.0
110753.0
113927.0
110750.0
113877.0
110740.0
113900.0
110712.0
113911.0
110728.0
113924.0
110838.0
113867.0
110785.0
113867.0
110765.0
113872.0
110817.0
113904.0
110760.0
114035.0
110792.0
113887.0
110790.0
113878.0
110754.0
113915.0
110736.0
113871.0
110710.0
113971.0
110710.0
113876.0
110708.0
113855.0
110763.0
113832.0
110663.0
113898.0
110806.0
113905.0
110679.0
113889.0
110656.0
113831.0
110777.0
113904.0
110751.0
113905.0
110777.0
113928.0
110729.0
113913.0
110773.0
114005.0
110743.0
113886.0
110745.0
114019.0
110745.0
113883.0
110812.0
113840.0
110794.0
113849.0
110710.0
113866.0
110749.0
113910.0
110779.0
113959.0
110693.0
113899.0
110719.0
113934.0
110783.0
113921.0
110678.0
113903.0
110649.0
113862.0
110730.0
113924.0
110763.0
114007.0
110816.0
113895.0
110866.0
113948.0
110780.0
113939.0
110695.0
113922.0
110692.0
113909.0
110805.0
113892.0
110681.0
113960.0
110795.0
113941.0
110828.0
113908.0
110778.0
113929.0
110818.0
113896.0
110726.0
113865.0
110760.0
113932.0
110757.0
113900.0
110747.0
113965.0
110687.0
113937.0
110758.0
113898.0
110806.0
114037.0
110739.0
113847.0
110733.0
113863.0
110724.0
113894.0
110771.0
113934.0
110773.0
113929.0
110758.0
113904.0
110728.0
113868.0
110728.0
113996.0
110698.0
113920.0
110751.0
113939.0
110690.0
113865.0
110671.0
113914.0
110795.0
113960.0
110762.0
113798.0
110731.0
113912.0
110690.0
113920.0
110727.0
113922.0
110707.0
113922.0
110742.0
113964.0
110764.0
113886.0
110747.0
113875.0
110764.0
114037.0
110835.0
113939.0
110719.0
113891.0
110805.0
113804.0
110710.0
114023.0
110705.0
113910.0
110781.0
113863.0
110768.0
113801.0
110718.0
113941.0
110766.0
113876.0
110791.0
113856.0
110728.0
113991.0
110746.0
113964.0
110748.0
113847.0
110713.0
113912.0
110707.0
113965.0
110593.0
113927.0
110797.0
113965.0
110853.0
113987.0
110711.0
114039.0
110699.0
113989.0
110771.0
113928.0
110795.0
113859.0
110723.0
113940.0
110757.0
113868.0
110742.0
113930.0
110809.0
113958.0
110798.0
114025.0
110937.0
113867.0
110732.0
113868.0
110792.0
113865.0
110850.0
113841.0
110825.0
113916.0
110859.0
113881.0
110823.0
113983.0
110703.0
113955.0
110744.0
113807.0
110851.0
113830.0
110837.0
113955.0
110767.0
114005.0
110811.0
113951.0
110779.0
113819.0
110748.0
113938.0
110721.0
114065.0
110805.0
113854.0
110746.0
114027.0
110805.0
113973.0
110755.0
113950.0
110747.0
114002.0
110835.0
113936.0
110871.0
114002.0
110803.0
113849.0
110804.0
113895.0
110788.0
113978.0
110773.0
113951.0
110811.0
113969.0
110791.0
113921.0
110761.0
113866.0
110844.0
113949.0
110775.0
113944.0
110830.0
113911.0
110750.0
113875.0
110805.0
113896.0
110814.0
113891.0
110749.0
113912.0
110748.0
113968.0
110778.0
113883.0
110726.0
113889.0
110741.0
114000.0
110792.0
113939.0
110767.0
114005.0
110809.0
113931.0
110741.0
113966.0
110772.0
113929.0
110800.0
113920.0
110855.0
113879.0
110817.0
113938.0
110890.0
113947.0
110823.0
114035.0
110863.0
114030.0
110898.0
113929.0
110761.0
114005.0
110812.0
114008.0
110812.0
113905.0
110859.0
113949.0
110879.0
113918.0
110802.0
113986.0
110847.0
113893.0
110792.0
113921.0
110820.0
113895.0
110781.0
113999.0
110758.0
113969.0
110753.0
113886.0
110771.0
113887.0
110875.0
113998.0
110772.0
113900.0
110803.0
113995.0
110842.0
113988.0
110761.0
113857.0
110785.0
113890.0
110855.0
113980.0
110849.0
114005.0
110837.0
114005.0
110768.0
113994.0
110733.0
113958.0
110826.0
113927.0
110780.0
113981.0
110768.0
113911.0
110721.0
114012.0
110873.0
113977.0
110848.0
113986.0
110721.0
113879.0
110836.0
113969.0
110737.0
113933.0
110703.0
113926.0
110740.0
113908.0
110679.0
113987.0
110833.0
113973.0
110686.0
113979.0
110822.0
113901.0
110851.0
113915.0
110759.0
113986.0
110768.0
113904.0
110752.0
113940.0
110824.0
113900.0
110778.0
113889.0
110744.0
113811.0
110685.0
113836.0
110780.0
113920.0
110719.0
113934.0
110723.0
113872.0
110761.0
113962.0
110739.0
113920.0
110772.0
113922.0
110639.0
113990.0
110799.0
113983.0
110922.0
113946.0
110707.0
113893.0
110730.0
113843.0
110723.0
113933.0
110672.0
113975.0
110737.0
113819.0
110707.0
113924.0
110773.0
113894.0
110765.0
113875.0
110781.0
113892.0
110800.0
113923.0
110732.0
113984.0
110785.0
113977.0
110775.0
113950.0
110661.0
113803.0
110761.0
113873.0
110814.0
113956.0
110781.0
114020.0
110676.0
114027.0
110700.0
113959.0
110781.0
113942.0
110887.0
113990.0
110763.0
113965.0
110820.0
113889.0
110802.0
114007.0
110833.0
114021.0
110788.0
113955.0
110755.0
114001.0
110807.0
113858.0
110888.0
114016.0
110774.0
113965.0
110780.0
113935.0
110781.0
114053.0
110837.0
113987.0
110784.0
113968.0
110803.0
113995.0
110828.0
113994.0
110821.0
113837.0
110828.0
113945.0
110863.0
113958.0
110803.0
113999.0
110840.0
113999.0
110898.0
113907.0
110828.0
113904.0
110764.0
113953.0
110777.0
113901.0
110812.0
113956.0
110797.0
114041.0
110728.0
114037.0
110829.0
113921.0
110690.0
113861.0
110803.0
113969.0
110739.0
113949.0
110683.0
113873.0
110773.0
113881.0
110748.0
113948.0
110766.0
114000.0
110793.0
113887.0
110682.0
113868.0
110761.0
113840.0
110702.0
113890.0
110797.0
113964.0
110709.0
113936.0
110795.0
113868.0
110785.0
113936.0
110783.0
114007.0
110787.0
113905.0
110794.0
113887.0
110799.0
113824.0
110842.0
114023.0
110760.0
113979.0
110871.0
113982.0
110742.0
113953.0
110777.0
113918.0
110826.0
114002.0
110860.0
113966.0
110719.0
113944.0
110786.0
113958.0
110795.0
113919.0
110868.0
114018.0
110764.0
113914.0
110830.0
113931.0
110845.0
113867.0
110792.0
113972.0
110796.0
113899.0
